Relation 307763

1
   51.8014255   25.0467437 
   52.0885749   25.1409698 
   52.4468467   25.243638  
   52.9103562   25.342211  
   53.5065846   25.4751012 
   54.1564748   25.5806928 
   54.7394935   25.5576435 
   55.2039102   25.763714  
   55.528169    25.9617454 
   55.8193      26.138461  
   56.0889049   26.0642977 
   56.0895585   26.0641211 
   56.091944    26.063889  
   56.101111    26.063056  
   56.111111    26.062778  
   56.117222    26.063611  
   56.122222    26.065833  
   56.127222    26.068056  
   56.131389    26.071111  
   56.135       26.075     
   56.139167    26.078056  
   56.143333    26.081111  
   56.1475      26.084167  
   56.153056    26.085556  
   56.158889    26.083611  
   56.1625      26.08      
   56.164167    26.075     
   56.165833    26.07      
   56.166667    26.064167  
   56.1675      26.058611  
   56.168333    26.053056  
   56.170278    26.048056  
   56.172778    26.043611  
   56.175278    26.039167  
   56.178611    26.034722  
   56.181111    26.030278  
   56.183611    26.026111  
   56.184444    26.020278  
   56.185556    26.014722  
   56.184722    26.008056  
   56.1825      26.0025    
   56.180833    25.996667  
   56.178889    25.991111  
   56.177222    25.985     
   56.176389    25.978333  
   56.175556    25.971389  
   56.175833    25.965278  
   56.175833    25.958889  
   56.175       25.952222  
   56.174167    25.945278  
   56.173333    25.938611  
   56.171111    25.933333  
   56.169722    25.927222  
   56.168056    25.921111  
   56.166667    25.915     
   56.165833    25.908056  
   56.165833    25.901944  
   56.165833    25.895556  
   56.1675      25.890833  
   56.169444    25.885556  
   56.171111    25.880833  
   56.171111    25.874444  
   56.169444    25.868333  
   56.166111    25.864722  
   56.161944    25.861389  
   56.158333    25.857778  
   56.154722    25.853889  
   56.151389    25.85      
   56.147778    25.846389  
   56.144167    25.8425    
   56.140833    25.838611  
   56.139167    25.8325    
   56.14        25.826944  
   56.140833    25.821389  
   56.142778    25.816389  
   56.144444    25.811389  
   56.145278    25.805833  
   56.147778    25.801389  
   56.150278    25.796944  
   56.152778    25.7925    
   56.155556    25.788333  
   56.159722    25.785     
   56.163889    25.781944  
   56.168056    25.778611  
   56.171667    25.775     
   56.1725      25.769167  
   56.170278    25.763889  
   56.1675      25.759444  
   56.163056    25.756389  
   56.158889    25.753333  
   56.154167    25.751111  
   56.150556    25.747222  
   56.146389    25.744167  
   56.142778    25.740278  
   56.140833    25.735     
   56.14        25.728333  
   56.14        25.721944  
   56.141667    25.716944  
   56.143333    25.711944  
   56.145       25.706944  
   56.146667    25.701944  
   56.146944    25.695833  
   56.146111    25.688889  
   56.145278    25.681944  
   56.143611    25.676111  
   56.145556    25.671111  
   56.147222    25.666111  
   56.151389    25.662778  
   56.157222    25.660833  
   56.163889    25.659444  
   56.170833    25.658333  
   56.1775      25.656944  
   56.183333    25.655     
   56.1875      25.651667  
   56.191111    25.648056  
   56.193611    25.643611  
   56.196111    25.639167  
   56.197778    25.634167  
   56.200278    25.629722  
   56.203611    25.626111  
   56.206389    25.621667  
   56.210556    25.618333  
   56.214722    25.615278  
   56.222222    25.614444  
   56.227778    25.614722  
   56.231944    25.617778  
   56.234722    25.622222  
   56.238056    25.626111  
   56.245       25.626111  
   56.251389    25.626944  
   56.256944    25.628611  
   56.261667    25.630833  
   56.266667    25.633056  
   56.2686949   25.6349327 
   56.4849976   25.6429544 
   56.5207479   25.5405619 
   56.5051405   24.9723466 
   56.375423    24.9778387 
   56.3737287   24.9778587 
   56.3718338   24.9777775 
   56.3712055   24.9777257 
   56.3657761   24.9772778 
   56.3615265   24.9769173 
   56.3575821   24.9763889 
   56.3570557   24.976305  
   56.3537788   24.9758892 
   56.3431129   24.97225   
   56.3412437   24.9694443 
   56.3410568   24.9691658 
   56.3381958   24.9649162 
   56.3364182   24.9580841 
   56.3360825   24.9568062 
   56.337471    24.9437771 
   56.3394165   24.9291935 
   56.3398628   24.9260006 
   56.3398743   24.9259281 
   56.3414459   24.914362  
   56.341526    24.9134998 
   56.3421097   24.9063339 
   56.3414726   24.8985271 
   56.3357773   24.891861  
   56.3278885   24.8880825 
   56.3194427   24.8856659 
   56.313221    24.8842773 
   56.3097763   24.8833618 
   56.3060265   24.8823605 
   56.2970543   24.8806114 
   56.2947502   24.8761673 
   56.2940559   24.8735275 
   56.2926407   24.8682785 
   56.2915573   24.8665829 
   56.2891388   24.862833  
   56.2863045   24.8588333 
   56.2820854   24.8539734 
   56.2801094   24.8516941 
   56.2762794   24.8483047 
   56.2690544   24.8464165 
   56.258667    24.8432217 
   56.2456093   24.8376102 
   56.2368889   24.835638  
   56.2289162   24.8341675 
   56.2241096   24.8346386 
   56.2195816   24.8349171 
   56.2114983   24.8355007 
   56.2052765   24.8338604 
   56.1999168   24.8304157 
   56.193821    24.8249969 
   56.1936684   24.8248615 
   56.1888046   24.8161659 
   56.1865005   24.8069992 
   56.1858902   24.8045826 
   56.1858597   24.8027782 
   56.1856956   24.7935562 
   56.1838341   24.7856674 
   56.1823044   24.7808056 
   56.1797485   24.7770004 
   56.169529    24.7749729 
   56.1631126   24.7728615 
   56.1576653   24.7710285 
   56.1558037   24.7679729 
   56.1540833   24.7623882 
   56.1517487   24.7540283 
   56.1499176   24.7454453 
   56.1443329   24.7415562 
   56.1364174   24.7389164 
   56.1297493   24.7367783 
   56.1195564   24.7342777 
   56.1071663   24.7355843 
   56.1036606   24.7360191 
   56.0975571   24.7367783 
   56.0888062   24.736166  
   56.0826683   24.7379723 
   56.0763817   24.7394524 
   56.0760574   24.7395287 
   56.0674171   24.7414436 
   56.060585    24.7466393 
   56.0542793   24.7521114 
   56.0530815   24.7605553 
   56.0507507   24.7620564 
   56.0535011   24.7670002 
   56.0526123   24.7688618 
   56.0521126   24.7699165 
   56.0458336   24.7742214 
   56.0393906   24.7819996 
   56.0351944   24.7900562 
   56.0311127   24.7960835 
   56.0293617   24.8000832 
   56.0279732   24.803278  
   56.026165    24.8089447 
   56.027195    24.8135834 
   56.0268059   24.8211384 
   56.027195    24.8278065 
   56.0250282   24.8309174 
   56.0224152   24.8327503 
   56.017971    24.8358898 
   56.0106392   24.8415279 
   56.004055    24.8470001 
   55.9980278   24.8515549 
   55.99786     24.851778  
   55.9951668   24.8551674 
   55.9927483   24.8581657 
   55.992363    24.8586388 
   55.9866371   24.8671112 
   55.9838066   24.873167  
   55.9824715   24.8793335 
   55.9840012   24.8837509 
   55.9880562   24.8878326 
   55.9994164   24.8920002 
   56.006443    24.8923054 
   56.0153885   24.8901672 
   56.0270004   24.8844719 
   56.0318336   24.8787231 
   56.0399437   24.8728886 
   56.0464706   24.8685837 
   56.0505447   24.866396  
   56.053196    24.8649731 
   56.0550842   24.8675842 
   56.0525818   24.8718338 
   56.0481682   24.8791943 
   56.0434151   24.8929996 
   56.0433617   24.8946114 
   56.0428619   24.9085827 
   56.0421677   24.9220829 
   56.0398064   24.9336948 
   56.0378036   24.9427776 
   56.0329704   24.9533615 
   56.0271378   24.9638882 
   56.0170288   24.9696388 
   55.995388    24.9785824 
   55.9766159   24.9795742 
   55.9636955   24.9820004 
   55.9578629   24.9831104 
   55.9476395   24.9808331 
   55.935112    24.9795837 
   55.925499    24.9757214 
   55.9151649   24.971138  
   55.9040833   24.9662781 
   55.8946648   24.9613342 
   55.8945274   24.9612503 
   55.8844986   24.9555283 
   55.8786659   24.9520283 
   55.8737488   24.9490833 
   55.8664169   24.9438324 
   55.8662224   24.9436951 
   55.8624992   24.9394169 
   55.8612518   24.937973  
   55.8587227   24.9351673 
   55.8549461   24.9309731 
   55.8543625   24.9303055 
   55.851387    24.9261112 
   55.8508606   24.925333  
   55.843277    24.9165001 
   55.8429985   24.9161663 
   55.8357239   24.9072227 
   55.8326111   24.9034996 
   55.8293343   24.8995838 
   55.827137    24.896944  
   55.8236389   24.8927498 
   55.8231659   24.8921947 
   55.8163071   24.8841381 
   55.815834    24.8835831 
   55.8131104   24.8798332 
   55.8120003   24.8783054 
   55.8106956   24.8764725 
   55.8076401   24.8673897 
   55.8070831   24.859333  
   55.8059998   24.8468895 
   55.8076096   24.8355007 
   55.8099442   24.8246384 
   55.8103065   24.8229713 
   55.8130836   24.8134727 
   55.8143883   24.8034439 
   55.8164177   24.7936668 
   55.8181648   24.7845001 
   55.8181953   24.7843342 
   55.8219185   24.7759991 
   55.8241119   24.7676105 
   55.8242493   24.7605    
   55.8241119   24.7587223 
   55.8236656   24.7526665 
   55.8204727   24.7421951 
   55.8188629   24.7347775 
   55.8166656   24.7241383 
   55.8196678   24.7150841 
   55.8223953   24.7029018 
   55.8229713   24.7003326 
   55.8280296   24.6906948 
   55.8318329   24.6807499 
   55.8357239   24.673584  
   55.8376122   24.6698055 
   55.8385277   24.6679726 
   55.8414154   24.6612225 
   55.8431664   24.656723  
   55.8419724   24.6509171 
   55.8394737   24.6457787 
   55.8337784   24.6397781 
   55.8258324   24.6332226 
   55.8197784   24.6292782 
   55.8133316   24.6232491 
   55.8126106   24.6179447 
   55.8127518   24.610611  
   55.8143349   24.5998898 
   55.815918    24.5935268 
   55.8156395   24.5896111 
   55.8143616   24.5854435 
   55.8075562   24.5809994 
   55.7987518   24.5771389 
   55.7936096   24.5746117 
   55.7875557   24.5704441 
   55.7863884   24.5641937 
   55.7853317   24.555666  
   55.789917    24.5405006 
   55.7903061   24.5290279 
   55.7966118   24.5141945 
   55.7974739   24.4938049 
   55.79739     24.4768333 
   55.7976685   24.4626102 
   55.7962761   24.4554443 
   55.7949715   24.4475842 
   55.7953873   24.4395561 
   55.7973328   24.431612  
   55.8037796   24.4284725 
   55.8116379   24.4219437 
   55.8188629   24.4162769 
   55.8223877   24.4134998 
   55.8236122   24.4122505 
   55.8284721   24.4073334 
   55.8328323   24.4006672 
   55.8340263   24.3948898 
   55.8352203   24.3890553 
   55.8360558   24.3783054 
   55.836277    24.3693886 
   55.8365288   24.3602219 
   55.8366394   24.3531113 
   55.8358879   24.3470001 
   55.8354149   24.343195  
   55.8351669   24.3342228 
   55.8292503   24.327528  
   55.8256111   24.3209438 
   55.817585    24.3116398 
   55.8138351   24.3066673 
   55.811306    24.3028889 
   55.8082771   24.2983894 
   55.8009148   24.2865829 
   55.7873716   24.2757665 
   55.7776815   24.2690634 
   55.7669866   24.2617808 
   55.758224    24.2600042 
   55.7548173   24.2464058 
   55.7534627   24.2345674 
   55.7651845   24.2323824 
   55.7770618   24.2349718 
   55.7838815   24.230617  
   55.7888603   24.2270565 
   55.7972221   24.2251663 
   55.8119736   24.2253609 
   55.82761     24.2274437 
   55.835083    24.2238884 
   55.8427505   24.2208061 
   55.8474998   24.2182503 
   55.8494453   24.2171936 
   55.8508339   24.2164173 
   55.8576927   24.2125282 
   55.8647232   24.2121658 
   55.8719177   24.2136383 
   55.875473    24.215889  
   55.8781662   24.2175827 
   55.8820839   24.2200546 
   55.8943062   24.2251949 
   55.9040833   24.2297497 
   55.9066658   24.2310829 
   55.9128609   24.2342777 
   55.9273193   24.231166  
   55.9399794   24.2333575 
   55.9425114   24.2332793 
   55.9480474   24.2320661 
   55.9516952   24.2310878 
   55.9561119   24.2304726 
   55.959362    24.2258053 
   55.9584427   24.21875   
   55.9581108   24.2161102 
   55.9596672   24.2102222 
   55.9613876   24.2059441 
   55.9646378   24.2012501 
   55.9694443   24.1974163 
   55.9716949   24.195612  
   55.9723053   24.1930828 
   55.9733047   24.1888046 
   55.9738045   24.1826954 
   55.9739723   24.1808052 
   55.9756126   24.1689453 
   55.9768066   24.1600552 
   55.9781113   24.1498051 
   55.9871941   24.1387215 
   55.9975281   24.1272507 
   56.0038071   24.1172218 
   56.0071106   24.111639  
   56.012085    24.1024437 
   56.01614     24.0966663 
   56.0207787   24.089056  
   56.0225563   24.0836391 
   56.0239449   24.0763607 
   56.0183907   24.0724449 
   56.0176392   24.0721664 
   56.0083351   24.0688057 
   55.9841118   24.0626659 
   55.9688606   24.0588055 
   55.9125557   24.0460548 
   55.9007225   24.0433884 
   55.8675842   24.027195  
   55.844696    24.0165558 
   55.8405266   24.0145836 
   55.8366394   24.0127506 
   55.8336372   24.0117226 
   55.8265839   24.009306  
   55.8167763   24.0104713 
   55.8081932   24.0167217 
   55.7934456   24.0261383 
   55.7880287   24.0339165 
   55.7777214   24.0350552 
   55.7679443   24.0313892 
   55.7567215   24.0262775 
   55.7473907   24.0233326 
   55.7355003   24.0214176 
   55.7254715   24.0220833 
   55.7104988   24.0262222 
   55.678196    24.0276947 
   55.6594162   24.0284176 
   55.6421661   24.0285282 
   55.6295815   24.0254173 
   55.6174164   24.0198059 
   55.6091957   24.0146103 
   55.6007767   24.0086937 
   55.5940819   24.003334  
   55.5884705   24.0       
   55.5999985   24.0       
   55.6019173   24.0       
   55.582943    23.9924717 
   55.5643044   23.9841118 
   55.5521126   23.9806118 
   55.5442772   23.9752502 
   55.5436668   23.9748325 
   55.5405006   23.9740276 
   55.5299721   23.9713326 
   55.5182762   23.9703331 
   55.5038071   23.9688892 
   55.4926109   23.9683609 
   55.4806671   23.9653053 
   55.4825287   23.9463062 
   55.4855537   23.934639  
   55.4858627   23.9335003 
   55.4938889   23.9269161 
   55.5031395   23.9216938 
   55.5151672   23.9139729 
   55.527668    23.9069443 
   55.5426407   23.9024715 
   55.5514183   23.8958607 
   55.5611649   23.8911114 
   55.5659447   23.8826675 
   55.5692482   23.8723888 
   55.5691109   23.8695278 
   55.5683594   23.8554173 
   55.5654984   23.8364162 
   55.5651093   23.8215275 
   55.5674171   23.8114452 
   55.5679741   23.8025284 
   55.5690002   23.7954159 
   55.5708046   23.7874165 
   55.572361    23.778944  
   55.5719185   23.7693329 
   55.5685005   23.7590008 
   55.5625839   23.7502499 
   55.5549164   23.7399158 
   55.5421104   23.7250271 
   55.541832    23.7247219 
   55.5294724   23.7124996 
   55.5196114   23.7005272 
   55.5124741   23.6888046 
   55.5053596   23.672945  
   55.5004463   23.6621666 
   55.4953346   23.6451664 
   55.4944992   23.6233883 
   55.4925842   23.6112499 
   55.4916649   23.6009159 
   55.4900017   23.5919724 
   55.4878044   23.5837231 
   55.4817238   23.567194  
   55.4773598   23.5490551 
   55.4722214   23.5400829 
   55.4643059   23.5311108 
   55.4492226   23.520916  
   55.4356384   23.5098324 
   55.4257774   23.5003891 
   55.4171371   23.4904728 
   55.4095001   23.4817219 
   55.403862    23.4722786 
   55.401722    23.4580555 
   55.399334    23.4472771 
   55.3959732   23.4321117 
   55.3919182   23.4085007 
   55.3836937   23.3786392 
   55.3779182   23.3577499 
   55.3733597   23.3348064 
   55.3648338   23.314333  
   55.3602219   23.3014717 
   55.3551102   23.2879162 
   55.3509712   23.2757492 
   55.347084    23.2679157 
   55.3419456   23.2589436 
   55.3350563   23.251112  
   55.3316956   23.2467232 
   55.328167    23.2421112 
   55.3215561   23.232666  
   55.3179169   23.2211952 
   55.3135262   23.2113056 
   55.3032227   23.1997776 
   55.2921677   23.1847782 
   55.2856674   23.1731663 
   55.2799454   23.1629162 
   55.2699165   23.1465549 
   55.2613068   23.1378059 
   55.2559433   23.1281109 
   55.2498322   23.1189175 
   55.2474174   23.1113338 
   55.244751    23.1037502 
   55.2443352   23.0929718 
   55.2411652   23.0865269 
   55.2407761   23.0741386 
   55.2425842   23.0654449 
   55.2350006   23.0541382 
   55.2276955   23.0389729 
   55.2209167   23.0223885 
   55.2187767   23.0120564 
   55.2188873   22.9983063 
   55.2187233   22.9891396 
   55.2190819   22.9774437 
   55.2193871   22.968277  
   55.219696    22.9609451 
   55.2180557   22.9501667 
   55.2159157   22.9411945 
   55.2150269   22.9292774 
   55.2158318   22.9210281 
   55.2176666   22.9111671 
   55.2188873   22.901083  
   55.2190018   22.9001675 
   55.2193604   22.8855    
   55.2205276   22.8671665 
   55.2213593   22.8568611 
   55.2222519   22.8401394 
   55.2226677   22.8197231 
   55.2242241   22.8114719 
   55.2201958   22.7912769 
   55.2181129   22.7754173 
   55.2109718   22.7416668 
   55.2076111   22.7303886 
   55.2069168   22.7241936 
   55.2092209   22.7154999 
   55.2105293   22.7093048 
   55.2108269   22.7059326 
   55.2086678   22.7092781 
   55.1417274   22.6340714 
   52.5833015   22.9389    
   51.5833321   24.1167812 
   51.5833054   24.2398949 
   51.583159    24.2507629 
   51.5294293   24.3363904 
   51.4540816   24.3612449 
   51.4411339   24.4046219 
   51.4986901   24.4691871 
   51.5343204   24.5021016 
   51.5688029   24.5431634 
   51.5900295   24.587105  
   51.5936236   24.6127582 
   51.5875307   24.634517  
   51.72528     24.8397789 
   51.7773092   24.949695  
   51.8014255   25.0467437 
END

END
