Relation 364066
1
   44.8330489   41.2285577 
   44.8324481   41.2291063 
   44.828896    41.230266  
   44.827333    41.2315    
   44.824835    41.232085  
   44.822418    41.231905  
   44.820464    41.233139  
   44.819993    41.234433  
   44.817695    41.2362243 
   44.8144334   41.2379347 
   44.8133176   41.2396451 
   44.8131459   41.2430656 
   44.813103    41.2443887 
   44.812396    41.244924  
   44.810049    41.247158  
   44.808015    41.249157  
   44.806217    41.250331  
   44.805276    41.25192   
   44.804884    41.252684  
   44.804178    41.253949  
   44.803861    41.25548   
   44.803       41.256479  
   44.803145    41.260012  
   44.80353     41.261684  
   44.807031    41.265341  
   44.807884    41.267344  
   44.808188    41.269935  
   44.809198    41.271586  
   44.808721    41.274588  
   44.807699    41.277236  
   44.808628    41.279769  
   44.808072    41.282889  
   44.807123    41.287304  
   44.807428    41.289601  
   44.808126    41.291133  
   44.808672    41.291546  
   44.811474    41.294222  
   44.81272     41.295461  
   44.813185    41.296816  
   44.815757    41.298351  
   44.817236    41.299943  
   44.818484    41.300534  
   44.819186    41.300712  
   44.821141    41.299596  
   44.822625    41.299245  
   44.824499    41.299189  
   44.82653     41.299192  
   44.827934    41.299665  
   44.827858    41.2989    
   44.828561    41.298606  
   44.830199    41.299315  
   44.831372    41.298611  
   44.834035    41.29514   
   44.834194    41.294022  
   44.835056    41.292963  
   44.835682    41.292552  
   44.838493    41.292203  
   44.839589    41.291026  
   44.840843    41.288791  
   44.842486    41.287615  
   44.845065    41.286441  
   44.848035    41.284679  
   44.848662    41.283737  
   44.848045    41.28038   
   44.847972    41.27826   
   44.84907     41.276142  
   44.850244    41.274613  
   44.852353    41.274026  
   44.854537    41.2745    
   44.859529    41.275802  
   44.860388    41.275862  
   44.861638    41.275275  
   44.86312     41.275571  
   44.866788    41.275693  
   44.868895    41.276166  
   44.870611    41.276698  
   44.872017    41.276288  
   44.87358     41.275171  
   44.876235    41.274349  
   44.878347    41.271819  
   44.880028    41.270261  
   44.882684    41.268968  
   44.885182    41.268617  
   44.887291    41.267559  
   44.889711    41.267326  
   44.891114    41.268034  
   44.890954    41.270448  
   44.891809    41.272687  
   44.892511    41.273158  
   44.893837    41.273277  
   44.896177    41.274222  
   44.898363    41.274106  
   44.90055     41.272636  
   44.901722    41.271812  
   44.902504    41.270753  
   44.903442    41.269753  
   44.903447    41.266809  
   44.904229    41.265808  
   44.905792    41.264279  
   44.907356    41.261748  
   44.908684    41.260689  
   44.910636    41.259866  
   44.911965    41.258101  
   44.912902    41.257277  
   44.915868    41.257103  
   44.919144    41.258342  
   44.921563    41.258226  
   44.922811    41.258639  
   44.924214    41.259935  
   44.925852    41.26023   
   44.929833    41.258996  
   44.931003    41.259233  
   44.933577    41.260294  
   44.935295    41.259     
   44.936857    41.258058  
   44.937795    41.25641   
   44.938576    41.255586  
   44.939512    41.255704  
   44.940838    41.256588  
   44.942319    41.258297  
   44.943176    41.259534  
   44.944814    41.259829  
   44.94661     41.259182  
   44.948405    41.258182  
   44.950356    41.257829  
   44.951605    41.258065  
   44.953165    41.258949  
   44.954725    41.25895   
   44.956442    41.258303  
   44.959252    41.256773  
   44.960267    41.256597  
   44.960579    41.257127  
   44.961747    41.261543  
   44.964008    41.264547  
   44.963851    41.26649   
   44.964787    41.267079  
   44.967986    41.268081  
   44.969391    41.268788  
   44.970951    41.269377  
   44.97259     41.270511  
   44.973916    41.272219  
   44.974071    41.274162  
   44.97329     41.275811  
   44.972821    41.276812  
   44.973367    41.277401  
   44.975163    41.277637  
   44.976957    41.279875  
   44.977893    41.281052  
   44.981484    41.282466  
   44.986401    41.284175  
   44.989367    41.284705  
   44.992568    41.284646  
   44.993973    41.285235  
   44.995222    41.286177  
   44.99569     41.288003  
   44.997251    41.288945  
   44.999281    41.290358  
   45.000062    41.29077   
   45.001233    41.29289   
   45.003809    41.294126  
   45.006698    41.294774  
   45.009197    41.295657  
   45.010212    41.296364  
   45.011227    41.296636  
   45.013023    41.296577  
   45.0133194   41.2966427 
   45.016777    41.292023  
   45.021356    41.274998  
   45.039197    41.255887  
   45.044799    41.251427  
   45.046745    41.246358  
   45.047028    41.236966  
   45.03748     41.223649  
   45.011218    41.208821  
   45.010468    41.204486  
   45.010917    41.199902  
   45.017381    41.194054  
   45.040471    41.196126  
   45.073951    41.192265  
   45.080941    41.192814  
   45.091095    41.197418  
   45.110912    41.209609  
   45.114887    41.210674  
   45.121268    41.211232  
   45.130581    41.208985  
   45.158307    41.17157   
   45.164451    41.165722  
   45.167945    41.161987  
   45.192986    41.159637  
   45.203082    41.154393  
   45.20688     41.15065   
   45.204334    41.14727   
   45.194923    41.14655   
   45.190625    41.144809  
   45.187165    41.141219  
   45.178338    41.13156   
   45.165146    41.126571  
   45.134022    41.119198  
   45.084857    41.114692  
   45.079362    41.113202  
   45.07283     41.108067  
   45.067772    41.101761  
   45.068978    41.093041  
   45.06795     41.089626  
   45.063214    41.083771  
   45.0453      41.063984  
   45.046604    41.058006  
   45.049729    41.052224  
   45.058619    41.047246  
   45.071335    41.047909  
   45.082699    41.053176  
   45.090434    41.058284  
   45.094994    41.059109  
   45.100113    41.058548  
   45.108776    41.055631  
   45.113335    41.056454  
   45.121948    41.060627  
   45.131007    41.077378  
   45.129906    41.080375  
   45.12424     41.08255   
   45.115593    41.08593   
   45.115106    41.089141  
   45.116737    41.092544  
   45.121047    41.094745  
   45.130146    41.095475  
   45.14803     41.096715  
   45.154587    41.094064  
   45.155934    41.089456  
   45.157491    41.065625  
   45.162316    41.057055  
   45.164531    41.051517  
   45.168962    41.04868   
   45.173793    41.048579  
   45.182949    41.051136  
   45.191001    41.048221  
   45.196587    41.043987  
   45.202996    41.037446  
   45.213612    41.022346  
   45.215882    41.018406  
   45.220363    41.017166  
   45.225753    41.01591   
   45.232151    41.017376  
   45.241593    41.019463  
   45.25808     41.016136  
   45.262958    41.017403  
   45.265453    41.019409  
   45.265927    41.023976  
   45.267448    41.032181  
   45.275459    41.036358  
   45.286203    41.040698  
   45.291606    41.039898  
   45.29662     41.036582  
   45.300561    41.029175  
   45.313071    41.008988  
   45.318284    41.003151  
   45.324581    41.002099  
   45.334244    41.002114  
   45.342445    41.003304  
   45.352006    41.008355  
   45.379909    41.019397  
   45.402331    41.02827   
   45.425984    41.030476  
   45.430757    41.028992  
   45.431201    41.025088  
   45.425182    41.018135  
   45.411881    41.002876  
   45.408768    40.978001  
   45.409745    40.97226   
   45.413563    40.969655  
   45.418935    40.968158  
   45.424049    40.967811  
   45.453956    40.978195  
   45.458649    40.979825  
   45.464629    40.978539  
   45.467872    40.976631  
   45.471024    40.972438  
   45.470402    40.964673  
   45.471622    40.957778  
   45.476456    40.95057   
   45.484098    40.945583  
   45.492779    40.944003  
   45.495094    40.941663  
   45.491737    40.926178  
   45.507493    40.927865  
   45.510807    40.927785  
   45.514355    40.926098  
   45.522282    40.91378   
   45.525822    40.911861  
   45.534519    40.910739  
   45.549201    40.908554  
   45.554835    40.906357  
   45.56369     40.901794  
   45.568246    40.895503  
   45.580186    40.899788  
   45.584325    40.897853  
   45.588177    40.89639   
   45.59224     40.892625  
   45.594089    40.886631  
   45.59568     40.867595  
   45.593761    40.858032  
   45.586132    40.841739  
   45.580681    40.834094  
   45.570035    40.824513  
   45.542314    40.809856  
   45.503457    40.787677  
   45.467973    40.76632   
   45.467686    40.766144  
   45.451622    40.756405  
   45.441419    40.74955   
   45.421604    40.742915  
   45.413381    40.74036   
   45.40841     40.736356  
   45.401725    40.719577  
   45.398156    40.713024  
   45.389495    40.706814  
   45.37482     40.692963  
   45.361779    40.675266  
   45.356712    40.668397  
   45.355573    40.661824  
   45.355083    40.657028  
   45.35728     40.651718  
   45.3679      40.6469    
   45.37193     40.642465  
   45.372673    40.638558  
   45.370606    40.631741  
   45.371627    40.619591  
   45.376224    40.614452  
   45.386546    40.609871  
   45.41246     40.61248   
   45.430962    40.602441  
   45.437802    40.600909  
   45.451191    40.58344   
   45.439046    40.56496   
   45.438205    40.559032  
   45.445523    40.547192  
   45.439864    40.540692  
   45.435028    40.532337  
   45.433471    40.523453  
   45.435787    40.514019  
   45.443595    40.506972  
   45.484248    40.482907  
   45.497948    40.480981  
   45.524796    40.478504  
   45.534225    40.474841  
   45.54596     40.469066  
   45.554527    40.459252  
   45.564731    40.438641  
   45.599319    40.414681  
   45.616044    40.400079  
   45.627938    40.384681  
   45.645233    40.369832  
   45.673574    40.368424  
   45.691964    40.365208  
   45.752803    40.348755  
   45.799813    40.331037  
   45.810351    40.326405  
   45.821973    40.319228  
   45.827727    40.314891  
   45.832363    40.311397  
   45.841462    40.301545  
   45.848427    40.297237  
   45.857333    40.296077  
   45.86361     40.296134  
   45.897373    40.298333  
   45.905549    40.298867  
   45.912662    40.297757  
   45.921703    40.293155  
   45.952209    40.269425  
   45.955288    40.265218  
   45.952763    40.262314  
   45.94457     40.259572  
   45.937766    40.260905  
   45.921051    40.267093  
   45.914524    40.267964  
   45.909412    40.267189  
   45.906966    40.259709  
   45.910271    40.253899  
   45.916664    40.250287  
   45.938145    40.243969  
   45.94851     40.242303  
   45.958917    40.235375  
   45.967995    40.225738  
   45.975388    40.218208  
   45.977214    40.212895  
   45.972678    40.205475  
   45.965508    40.199043  
   45.962249    40.187241  
   45.961773    40.177418  
   45.959678    40.164895  
   45.956964    40.151931  
   45.955165    40.145581  
   45.946858    40.133919  
   45.94212     40.128335  
   45.934102    40.122612  
   45.918273    40.115506  
   45.906777    40.111709  
   45.901273    40.108661  
   45.897827    40.105099  
   45.894871    40.099233  
   45.894791    40.091228  
   45.896129    40.081813  
   45.896897    40.072872  
   45.895149    40.067432  
   45.88564     40.036132  
   45.884776    40.030437  
   45.881349    40.0271    
   45.875576    40.024518  
   45.870536    40.024883  
   45.863154    40.026002  
   45.856536    40.024354  
   45.844634    40.017817  
   45.829079    40.009323  
   45.823532    40.005127  
   45.818656    40.002513  
   45.814415    40.000801  
   45.80848     40.000961  
   45.801479    40.003894  
   45.78888     40.007892  
   45.760372    40.02832   
   45.75397     40.03146   
   45.745437    40.033516  
   45.730923    40.034813  
   45.687317    40.03732   
   45.664829    40.039959  
   45.653276    40.040939  
   45.633885    40.039604  
   45.616021    40.032276  
   45.598998    40.023556  
   45.588749    40.013293  
   45.580945    40.002898  
   45.579281    40.000683  
   45.578597    39.999974  
   45.583099    39.999999  
   45.599998    39.999999  
   45.616848    39.999999  
   45.616146    39.999062  
   45.617222    39.990764  
   45.618434    39.988724  
   45.620864    39.984626  
   45.633666    39.974133  
   45.663871    39.972148  
   45.717563    39.959335  
   45.74548     39.941414  
   45.751901    39.939937  
   45.761193    39.94004   
   45.773954    39.940179  
   45.790664    39.937252  
   45.806187    39.93095   
   45.811215    39.923817  
   45.811676    39.905467  
   45.822709    39.865742  
   45.825886    39.854289  
   45.827657    39.843963  
   45.829029    39.835835  
   45.831882    39.831104  
   45.837163    39.826935  
   45.84483     39.822869  
   45.886768    39.81311   
   45.902244    39.807588  
   45.94178     39.79348   
   45.96476     39.78711   
   45.995994    39.778447  
   46.0         39.77444   
   46.002998    39.761554  
   46.006134    39.756688  
   46.008862    39.752945  
   46.011779    39.750354  
   46.015565    39.748047  
   46.019916    39.745998  
   46.022388    39.744987  
   46.024987    39.742614  
   46.02818     39.740269  
   46.030801    39.737664  
   46.032765    39.73571   
   46.033866    39.733481  
   46.034165    39.730288  
   46.036893    39.726544  
   46.038014    39.724087  
   46.040467    39.720096  
   46.043954    39.717769  
   46.048302    39.715718  
   46.052017    39.714093  
   46.057635    39.711194  
   46.064138    39.708347  
   46.068698    39.707226  
   46.070872    39.7062    
   46.072773    39.704928  
   46.074145    39.702941  
   46.075264    39.700482  
   46.075729    39.698672  
   46.074426    39.696769  
   46.072441    39.695744  
   46.06989     39.694454  
   46.068181    39.693672  
   46.065922    39.692402  
   46.064277    39.690937  
   46.064744    39.689129  
   46.068375    39.685203  
   46.071584    39.682632  
   46.075362    39.680316  
   46.080322    39.678073  
   46.085407    39.677665  
   46.090427    39.677941  
   46.094815    39.678643  
   46.098293    39.679523  
   46.101502    39.680157  
   46.105805    39.678561  
   46.110596    39.67493   
   46.11473     39.671947  
   46.117934    39.669372  
   46.121839    39.665691  
   46.126857    39.662758  
   46.131311    39.659565  
   46.138793    39.655622  
   46.144108    39.652707  
   46.149083    39.650227  
   46.155262    39.647588  
   46.1599      39.645546  
   46.164937    39.642384  
   46.167866    39.639565  
   46.170245    39.636258  
   46.173828    39.629578  
   46.175487    39.624397  
   46.175549    39.620502  
   46.174092    39.616986  
   46.172258    39.614365  
   46.172611    39.610488  
   46.175289    39.607197  
   46.177372    39.603869  
   46.179138    39.600758  
   46.177955    39.597485  
   46.177345    39.59447   
   46.176139    39.591428  
   46.175865    39.587975  
   46.179485    39.584045  
   46.184098    39.582233  
   46.18766     39.582199  
   46.189618    39.583455  
   46.191013    39.587653  
   46.193882    39.591933  
   46.197722    39.598561  
   46.200341    39.602372  
   46.204051    39.603951  
   46.207153    39.60572   
   46.211201    39.606857  
   46.2147      39.607507  
   46.219105    39.607974  
   46.225785    39.606274  
   46.236297    39.604781  
   46.241776    39.603245  
   46.247462    39.602634  
   46.251929    39.602418  
   46.256043    39.602866  
   46.260998    39.603824  
   46.267345    39.60577   
   46.273335    39.608384  
   46.278778    39.610508  
   46.286834    39.613237  
   46.299896    39.619664  
   46.309623    39.623623  
   46.318425    39.627992  
   46.326993    39.631657  
   46.342944    39.635716  
   46.349948    39.637006  
   46.356678    39.63805   
   46.363468    39.63841   
   46.36819     39.63866   
   46.372151    39.637493  
   46.373772    39.635975  
   46.375846    39.632648  
   46.377232    39.630433  
   46.377788    39.627479  
   46.378918    39.624789  
   46.381206    39.622392  
   46.383397    39.621131  
   46.385799    39.620801  
   46.388199    39.620468  
   46.390052    39.619652  
   46.392971    39.616826  
   46.395282    39.614196  
   46.397274    39.611782  
   46.398872    39.610492  
   46.402076    39.611119  
   46.406341    39.613177  
   46.409602    39.616557  
   46.412545    39.620151  
   46.414685    39.622784  
   46.417007    39.623363  
   46.419662    39.623504  
   46.424446    39.623069  
   46.429134    39.620334  
   46.429971    39.617631  
   46.429661    39.614406  
   46.427685    39.599865  
   46.427243    39.594798  
   46.425855    39.590375  
   46.426807    39.586299  
   46.427799    39.581769  
   46.429852    39.578667  
   46.432729    39.576299  
   46.436507    39.573746  
   46.439559    39.572761  
   46.44373     39.572522  
   46.447486    39.573634  
   46.448719    39.576451  
   46.452393    39.578475  
   46.455955    39.57843   
   46.459675    39.576565  
   46.463691    39.57471   
   46.466957    39.574653  
   46.47004     39.57665   
   46.472477    39.579296  
   46.475009    39.580802  
   46.478726    39.58237   
   46.485493    39.582954  
   46.494933    39.583446  
   46.506634    39.585201  
   46.517806    39.586238  
   46.523336    39.587441  
   46.529277    39.587291  
   46.534412    39.586181  
   46.537833    39.584296  
   46.539802    39.582108  
   46.541833    39.579234  
   46.546318    39.575341  
   46.549151    39.573425  
   46.554364    39.571403  
   46.558004    39.570441  
   46.560463    39.569425  
   46.56302     39.567264  
   46.567977    39.557895  
   46.571006    39.553699  
   46.572777    39.550353  
   46.573308    39.547629  
   46.573486    39.545578  
   46.570655    39.544056  
   46.563499    39.544605  
   46.557778    39.545685  
   46.55453     39.545517  
   46.551034    39.544876  
   46.547866    39.543796  
   46.544723    39.542488  
   46.542521    39.540544  
   46.5383      39.534595  
   46.536728    39.532222  
   46.534214    39.530488  
   46.530244    39.52845   
   46.525136    39.525891  
   46.515076    39.522388  
   46.51075     39.521018  
   46.507942    39.519268  
   46.506313    39.517581  
   46.505157    39.513855  
   46.505399    39.511115  
   46.506244    39.508182  
   46.507664    39.505504  
   46.510162    39.50059   
   46.516259    39.495177  
   46.527053    39.486802  
   46.53051     39.484463  
   46.53867     39.479153  
   46.542145    39.476586  
   46.544406    39.474412  
   46.54702     39.471565  
   46.548397    39.469346  
   46.549222    39.466636  
   46.545471    39.465526  
   46.540131    39.465706  
   46.536083    39.468017  
   46.532113    39.469419  
   46.526711    39.470285  
   46.5219      39.47118   
   46.516792    39.47206   
   46.514062    39.472835  
   46.512013    39.475937  
   46.51001     39.478585  
   46.507749    39.48076   
   46.505248    39.482232  
   46.502773    39.483479  
   46.498607    39.483718  
   46.49427     39.482574  
   46.489479    39.479805  
   46.485064    39.476135  
   46.476616    39.464466  
   46.475884    39.463356  
   46.472695    39.458531  
   46.469208    39.454451  
   46.467071    39.451817  
   46.464814    39.450554  
   46.461106    39.448986  
   46.456981    39.44877   
   46.449772    39.449993  
   46.443741    39.451283  
   46.426807    39.455434  
   46.421506    39.455153  
   46.417283    39.456076  
   46.412255    39.45604   
   46.40821     39.45491   
   46.404857    39.452671  
   46.40302     39.45005   
   46.401199    39.447204  
   46.400994    39.442837  
   46.399863    39.43888   
   46.398129    39.435124  
   46.394501    39.43264   
   46.39115     39.430397  
   46.387877    39.427245  
   46.38659     39.425114  
   46.386875    39.421921  
   46.388393    39.418102  
   46.391175    39.413436  
   46.393578    39.409669  
   46.398526    39.400532  
   46.401306    39.395866  
   46.40253     39.392033  
   46.404465    39.386864  
   46.405671    39.383258  
   46.408469    39.378365  
   46.411774    39.374413  
   46.41669     39.368943  
   46.420624    39.364567  
   46.423965    39.360157  
   46.430351    39.354762  
   46.437832    39.350345  
   46.447099    39.345787  
   46.455853    39.34029   
   46.463016    39.336082  
   46.467098    39.333318  
   46.472652    39.330628  
   46.477498    39.329277  
   46.483002    39.330482  
   46.48833     39.333739  
   46.492973    39.338108  
   46.499065    39.342781  
   46.501889    39.344303  
   46.50575     39.344048  
   46.509579    39.340809  
   46.513187    39.336643  
   46.517642    39.332978  
   46.520958    39.328794  
   46.522335    39.326571  
   46.524357    39.3237    
   46.528514    39.320019  
   46.531693    39.317432  
   46.535577    39.313507  
   46.536735    39.31036   
   46.537972    39.306296  
   46.537425    39.302372  
   46.53529     39.299739  
   46.533138    39.297337  
   46.530747    39.294231  
   46.531299    39.291279  
   46.532849    39.287006  
   46.534107    39.282714  
   46.535442    39.277511  
   46.537327    39.272798  
   46.539151    39.268763  
   46.542385    39.265495  
   46.545072    39.261737  
   46.547932    39.259362  
   46.550599    39.255832  
   46.554829    39.254676  
   46.558179    39.253475  
   46.564483    39.252196  
   46.570222    39.25066   
   46.574769    39.249291  
   46.578388    39.248329  
   46.580075    39.245895  
   46.580603    39.243171  
   46.584617    39.234212  
   46.587632    39.230011  
   46.592293    39.227272  
   46.596835    39.2259    
   46.601551    39.225913  
   46.606563    39.225941  
   46.610971    39.226169  
   46.617489    39.225815  
   46.623146    39.225189  
   46.627652    39.224275  
   46.62896     39.222736  
   46.630036    39.2205    
   46.629593    39.220006  
   46.62896     39.219299  
   46.625297    39.217278  
   46.621616    39.215484  
   46.61815     39.214618  
   46.613804    39.213706  
   46.605877    39.213298  
   46.602353    39.213121  
   46.594857    39.211129  
   46.589198    39.208314  
   46.584674    39.206017  
   46.578511    39.202258  
   46.574108    39.198593  
   46.570058    39.194256  
   46.565559    39.188294  
   46.562958    39.184262  
   46.560276    39.18114   
   46.556912    39.179134  
   46.554371    39.177856  
   46.551319    39.175633  
   46.549655    39.1744    
   46.547798    39.172012  
   46.546195    39.170093  
   46.54465     39.167492  
   46.542736    39.165788  
   46.540798    39.164311  
   46.538273    39.166246  
   46.536081    39.171173  
   46.535663    39.179405  
   46.534485    39.186222  
   46.534168    39.19331   
   46.533166    39.201511  
   46.531734    39.204419  
   46.528206    39.207671  
   46.524272    39.208843  
   46.520496    39.208191  
   46.517052    39.207092  
   46.513079    39.20528   
   46.504086    39.196786  
   46.501426    39.19344   
   46.499551    39.191277  
   46.497401    39.188868  
   46.494899    39.187134  
   46.49171     39.186507  
   46.48648     39.188987  
   46.481313    39.190781  
   46.467606    39.195792  
   46.461108    39.195909  
   46.454513    39.197167  
   46.449813    39.196918  
   46.446918    39.196307  
   46.445198    39.195758  
   46.443226    39.194737  
   46.441075    39.19233   
   46.439534    39.189728  
   46.438702    39.185782  
   46.438629    39.183257  
   46.43834     39.179806  
   46.438702    39.175697  
   46.439416    39.170922  
   46.44128     39.166433  
   46.4426      39.161457  
   46.444507    39.156514  
   46.445549    39.154736  
   46.44688     39.152974  
   46.448197    39.151436  
   46.449134    39.1508    
   46.452186    39.149583  
   46.458114    39.149209  
   46.461635    39.149391  
   46.470562    39.145045  
   46.475177    39.142768  
   46.478954    39.143425  
   46.482334    39.145207  
   46.485463    39.14652   
   46.488041    39.147338  
   46.490641    39.147935  
   46.493675    39.14695   
   46.496745    39.145503  
   46.499252    39.143803  
   46.497436    39.140954  
   46.493199    39.135459  
   46.491364    39.132843  
   46.490703    39.130283  
   46.490315    39.127972  
   46.491726    39.125294  
   46.493645    39.123562  
   46.497342    39.121689  
   46.50108     39.119366  
   46.505577    39.118454  
   46.508102    39.116519  
   46.509178    39.114284  
   46.509335    39.112458  
   46.50928     39.109703  
   46.507992    39.107574  
   46.50817     39.105518  
   46.509267    39.103054  
   46.509991    39.101486  
   46.512302    39.098628  
   46.515393    39.096955  
   46.520259    39.095146  
   46.522743    39.093669  
   46.525207    39.092422  
   46.528218    39.091663  
   46.533692    39.086216  
   46.535709    39.08334   
   46.537389    39.080906  
   46.53823     39.077968  
   46.53622     39.073968  
   46.532783    39.072869  
   46.529423    39.070862  
   46.526925    39.069127  
   46.525052    39.066964  
   46.524035    39.065075  
   46.52306     39.062732  
   46.52357     39.060238  
   46.529984    39.054149  
   46.53389     39.053207  
   46.537995    39.053422  
   46.542175    39.052722  
   46.54604     39.052234  
   46.549382    39.051033  
   46.551884    39.049331  
   46.552684    39.046849  
   46.552021    39.044291  
   46.551086    39.041493  
   46.548684    39.038616  
   46.546245    39.036194  
   46.543533    39.033532  
   46.540545    39.027186  
   46.536103    39.017322  
   46.533414    39.010993  
   46.531094    39.003761  
   46.52858     38.998813  
   46.52636     38.993886  
   46.524936    38.989911  
   46.524352    38.986442  
   46.523614    38.984799  
   46.523887    38.981601  
   46.525257    38.979382  
   46.52729     38.976277  
   46.528053    38.974251  
   46.528211    38.972423  
   46.527588    38.96941   
   46.524956    38.965837  
   46.522223    38.963398  
   46.518365    38.960447  
   46.516532    38.957826  
   46.51558     38.955255  
   46.514121    38.951736  
   46.513617    38.947353  
   46.514812    38.94375   
   46.516881    38.940185  
   46.518971    38.936397  
   46.520728    38.933049  
   46.525104    38.926629  
   46.530998    38.919598  
   46.533615    38.916523  
   46.536229    38.913448  
   46.53859     38.909904  
   46.541263    38.906144  
   46.542259    38.901378  
   46.543198    38.897301  
   46.543046    38.892246  
   46.543399    38.888139  
   46.5444927   38.8832809 
   46.5426199   38.8792709 
   46.5401102   38.8716835 
   46.5354268   38.8684028 
   46.5318052   38.8704505 
   46.5292303   38.8745935 
   46.5266553   38.8816762 
   46.5217442   38.8906051 
   46.5055608   38.8857273 
   46.4976529   38.8896756 
   46.4854566   38.886353  
   46.4753118   38.8909196 
   46.4667455   38.889159  
   46.4571325   38.8982442 
   46.4447729   38.8982442 
   46.4249254   38.8893227 
   46.4243452   38.8872884 
   46.4215986   38.884616  
   46.418337    38.8854177 
   46.417307    38.8872884 
   46.4142171   38.8942362 
   46.408724    38.893969  
   46.4032308   38.8989122 
   46.3970314   38.9016577 
   46.3931028   38.9035879 
   46.386408    38.9065268 
   46.3773099   38.9079962 
   46.3708742   38.9082401 
   46.365122    38.9164112 
   46.3405869   38.916943  
   46.3388683   38.9167383 
   46.3366915   38.9147049 
   46.3345789   38.9100064 
   46.3307665   38.9084013 
   46.3271848   38.907729  
   46.3201614   38.9037801 
   46.3131086   38.9021184 
   46.3050405   38.904523  
   46.3022939   38.9043894 
   46.2971441   38.9006489 
   46.2918226   38.9015841 
   46.2844411   38.9018513 
   46.2787763   38.8989122 
   46.274486    38.8946931 
   46.2675459   38.8918846 
   46.2664811   38.8866402 
   46.2583486   38.8843487 
   46.2556673   38.8826417 
   46.2503458   38.8776974 
   46.244681    38.8724853 
   46.2402178   38.8706143 
   46.2336947   38.8678076 
   46.2280298   38.8650008 
   46.2211634   38.8637979 
   46.2154985   38.8628621 
   46.2125803   38.8552429 
   46.2076378   38.8522433 
   46.199534    38.8500292 
   46.192774    38.8534749 
   46.188891    38.8454837 
   46.1856928   38.8425212 
   46.181101    38.8423785 
   46.1702863   38.8446514 
   46.1627332   38.8447851 
   46.1575834   38.8450525 
   46.149172    38.843047  
   46.143889    38.843056  
   46.139827    38.8443482 
   46.147923    38.870304  
   46.149491    38.878879  
   46.150932    38.885613  
   46.149808    38.888303  
   46.147971    38.89233   
   46.146136    38.89636   
   46.139727    38.908619  
   46.137745    38.914246  
   46.132569    38.922677  
   46.125592    38.937885  
   46.123753    38.941913  
   46.119575    38.949021  
   46.117107    38.953472  
   46.114099    38.960647  
   46.109351    38.977128  
   46.106801    38.98249   
   46.104084    38.989681  
   46.102074    38.995534  
   46.102135    39.00127   
   46.102573    39.006111  
   46.103134    39.012794  
   46.102277    39.018941  
   46.101039    39.022769  
   46.098133    39.025589  
   46.094327    39.02859   
   46.090831    39.031376  
   46.08736     39.033935  
   46.084408    39.037212  
   46.082252    39.041452  
   46.081035    39.045053  
   46.079987    39.050037  
   46.077076    39.056068  
   46.073514    39.065964  
   46.071816    39.068391  
   46.067691    39.071602  
   46.062394    39.074745  
   46.058059    39.077027  
   46.052573    39.079014  
   46.048302    39.080609  
   46.04311     39.08261   
   46.037811    39.085753  
   46.034962    39.087887  
   46.033577    39.090104  
   46.031861    39.092757  
   46.029716    39.096768  
   46.028499    39.10037   
   46.026714    39.103711  
   46.025768    39.107556  
   46.025746    39.110997  
   46.026324    39.114238  
   46.026279    39.117905  
   46.027676    39.121882  
   46.029369    39.125878  
   46.029301    39.129773  
   46.028458    39.13248   
   46.026489    39.134664  
   46.0242      39.137054  
   46.021645    39.139206  
   46.019065    39.141583  
   46.016189    39.143944  
   46.013317    39.146305  
   46.010024    39.15002   
   46.009181    39.152726  
   46.008591    39.155903  
   46.009195    39.158916  
   46.010047    39.162408  
   46.010902    39.165895  
   46.014268    39.170902  
   46.013885    39.175007  
   46.011891    39.177418  
   46.007713    39.181083  
   46.0         39.18599   
   46.0         39.2       
   46.0         39.203532  
   45.996678    39.214707  
   45.996342    39.225341  
   45.995602    39.248702  
   45.997623    39.254783  
   46.0         39.25737   
   46.0         39.29694   
   45.967281    39.311447  
   45.951412    39.319967  
   45.942582    39.3247    
   45.922189    39.335636  
   45.904151    39.342099  
   45.886162    39.352451  
   45.865258    39.359974  
   45.818677    39.364487  
   45.812325    39.366196  
   45.807124    39.370541  
   45.798279    39.377934  
   45.798058    39.378392  
   45.794525    39.385692  
   45.795799    39.400299  
   45.808425    39.419583  
   45.824256    39.43824   
   45.837571    39.461843  
   45.840459    39.471089  
   45.836529    39.480233  
   45.833047    39.483077  
   45.826034    39.488805  
   45.822846    39.496308  
   45.82597     39.528462  
   45.823276    39.53823   
   45.81749     39.546554  
   45.799174    39.56401   
   45.791366    39.576335  
   45.783938    39.582908  
   45.77435     39.588449  
   45.76904     39.588722  
   45.744967    39.591535  
   45.724487    39.600034  
   45.708939    39.606488  
   45.700103    39.60717   
   45.686626    39.598693  
   45.669715    39.581226  
   45.652943    39.572224  
   45.636528    39.56733   
   45.631619    39.566895  
   45.610259    39.564994  
   45.579473    39.551194  
   45.546364    39.541398  
   45.537628    39.536106  
   45.509446    39.510701  
   45.500163    39.505889  
   45.49591     39.5048    
   45.485951    39.502243  
   45.463551    39.50335   
   45.45683     39.504371  
   45.453224    39.507298  
   45.448379    39.516059  
   45.442155    39.52732   
   45.433232    39.533948  
   45.411277    39.533421  
   45.382373    39.545601  
   45.360833    39.549469  
   45.350862    39.551258  
   45.339874    39.55454   
   45.331432    39.559989  
   45.329041    39.566979  
   45.303658    39.600963  
   45.287044    39.610431  
   45.286098    39.610973  
   45.268277    39.614116  
   45.257884    39.613925  
   45.248996    39.610226  
   45.243316    39.60487   
   45.23489     39.59692   
   45.229308    39.586418  
   45.226138    39.58382   
   45.214207    39.582783  
   45.198563    39.587188  
   45.19147     39.594853  
   45.186012    39.60817   
   45.189811    39.622421  
   45.185401    39.637749  
   45.19374     39.653165  
   45.193421    39.66121   
   45.192753    39.677948  
   45.186028    39.694073  
   45.175813    39.707379  
   45.157101    39.718334  
   45.147193    39.739414  
   45.12798     39.76298   
   45.119602    39.768047  
   45.100487    39.779607  
   45.090363    39.78305   
   45.081944    39.7855    
   45.066501    39.785526  
   45.06586     39.78522   
   45.0588      39.782177  
   45.018853    39.753132  
   45.0         39.744079  
   44.991417    39.739957  
   44.984775    39.73788   
   44.968468    39.732789  
   44.95338     39.730022  
   44.9222409   39.7328873 
   44.8707425   39.7352635 
   44.8403584   39.7309071 
   44.8032796   39.7161196 
   44.79092     39.6943287 
   44.7886235   39.6969833 
   44.7760236   39.7026174 
   44.7741166   39.7047694 
   44.7762225   39.7090263 
   44.7741965   39.7134784 
   44.7726025   39.7136493 
   44.7719155   39.7137223 
   44.7664595   39.7143023 
   44.7647518   39.7144838 
   44.7627336   39.7146983 
   44.7577175   39.7188304 
   44.7466545   39.7367663 
   44.7384916   39.7424204 
   44.7342715   39.7436443 
   44.7271846   39.7456974 
   44.7250486   39.7487753 
   44.7222065   39.7619703 
   44.7176056   39.7676853 
   44.7118876   39.7704733 
   44.7048455   39.7675894 
   44.7006916   39.7675513 
   44.6958085   39.7774014 
   44.7011336   39.7888453 
   44.6982346   39.7935634 
   44.6913985   39.7934224 
   44.6836055   39.7885093 
   44.6752435   39.7877463 
   44.6467396   39.8030324 
   44.6377636   39.8059654 
   44.6238935   39.8138958 
   44.615997    39.8131046 
   44.6117055   39.8149506 
   44.6190869   39.8196973 
   44.6213185   39.823257  
   44.6192586   39.8264211 
   44.6129071   39.8287941 
   44.6079405   39.8235933 
   44.5986592   39.8225978 
   44.593681    39.8256301 
   44.5893895   39.8340671 
   44.5917928   39.8397351 
   44.5959126   39.8419758 
   44.5948827   39.845798  
   44.5931661   39.8504107 
   44.5939755   39.8549343 
   44.5901756   39.8596913 
   44.5736316   39.8686864 
   44.5641866   39.8773614 
   44.5611115   39.8958324 
   44.5575485   39.9037853 
   44.5405465   39.9187544 
   44.5292165   39.9222414 
   44.5229915   39.9264143 
   44.5099416   39.9428063 
   44.4887046   39.9650574 
   44.4847065   39.9672963 
   44.4719815   39.9680904 
   44.4655955   39.9702033 
   44.4552496   39.9791374 
   44.4262316   39.9958994 
   44.4191855   40.0000003 
   44.4149016   40.0000003 
   44.4000015   40.0000003 
   44.3972665   40.0000003 
   44.3963086   40.0011633 
   44.3916166   40.0037423 
   44.3877866   40.0051693 
   44.3797685   40.0052753 
   44.3747935   40.0085454 
   44.3610305   40.0174184 
   44.3446275   40.0279234 
   44.3336171   40.0332064 
   44.3313975   40.0342714 
   44.3193206   40.0392304 
   44.3097995   40.0388984 
   44.3022995   40.0357933 
   44.2973595   40.0408864 
   44.2884826   40.0428314 
   44.2823605   40.0483933 
   44.2627716   40.0500143 
   44.2418866   40.0466153 
   44.2376215   40.0418663 
   44.2299155   40.0428774 
   44.2229465   40.0365604 
   44.2074816   40.0362933 
   44.2018586   40.0375024 
   44.1907926   40.0342063 
   44.1704346   40.0275757 
   44.1625285   40.0331653 
   44.1526645   40.0303074 
   44.1410675   40.0299834 
   44.1282506   40.0280723 
   44.1173666   40.0341373 
   44.1120185   40.0341954 
   44.0971336   40.0329893 
   44.0760725   40.0352744 
   44.0567166   40.0334283 
   44.0468785   40.0319293 
   44.0325545   40.0286523 
   44.0168345   40.0306433 
   44.0028726   40.0310133 
   43.9921225   40.0281484 
   43.9825245   40.0229873 
   43.9693755   40.0187764 
   43.9503866   40.0205573 
   43.9375956   40.0197674 
   43.9227256   40.0192224 
   43.9054795   40.0184673 
   43.8915745   40.0224803 
   43.8785745   40.0273973 
   43.8617935   40.0378344 
   43.8425556   40.0434873 
   43.8305354   40.0481342 
   43.8292546   40.0486293 
   43.8195415   40.0553394 
   43.8056146   40.0586584 
   43.7952805   40.0639994 
   43.7699206   40.0795214 
   43.7496645   40.0773924 
   43.7374576   40.0763433 
   43.7187616   40.0796854 
   43.7072416   40.0859414 
   43.7025415   40.0907784 
   43.6957546   40.0951694 
   43.6877515   40.0975154 
   43.6723325   40.1017383 
   43.6625595   40.1056934 
   43.6554796   40.1107714 
   43.6484416   40.1195064 
   43.6464806   40.1298064 
   43.6501965   40.1418953 
   43.6550366   40.1482623 
   43.6667132   40.1538477 
   43.6759936   40.1569916 
   43.6945265   40.1628454 
   43.7085385   40.1638874 
   43.7136306   40.1663624 
   43.7140085   40.1725314 
   43.7072485   40.1796683 
   43.6957285   40.1872973 
   43.6916806   40.1971583 
   43.6824955   40.2013393 
   43.6591986   40.2218474 
   43.6574435   40.2228912 
   43.6544395   40.2232844 
   43.6534953   40.2248572 
   43.6589885   40.2274785 
   43.6647391   40.2277406 
   43.6676574   40.2277406 
   43.6722922   40.2258402 
   43.6766696   40.2246606 
   43.6801887   40.2253815 
   43.6837077   40.2257747 
   43.6838794   40.226561  
   43.6831927   40.2272819 
   43.6804462   40.2276095 
   43.6787295   40.228658  
   43.6772704   40.2316723 
   43.6782146   40.2330483 
   43.681562    40.2341623 
   43.6805646   40.2381594 
   43.6833075   40.2429424 
   43.6812516   40.2452433 
   43.6822586   40.2543794 
   43.6817136   40.2584994 
   43.6755146   40.2638014 
   43.6720319   40.2656159 
   43.6675106   40.2679713 
   43.6541216   40.2708093 
   43.6398656   40.2766224 
   43.6399346   40.2823374 
   43.6363906   40.2855603 
   43.6320265   40.2949633 
   43.6170196   40.3138124 
   43.5936926   40.3372803 
   43.5944285   40.3498534 
   43.5963135   40.3580703 
   43.5964045   40.3665313 
   43.6034166   40.3788333 
   43.6085585   40.3842883 
   43.6136935   40.3890574 
   43.6209836   40.3992993 
   43.6133725   40.4135244 
   43.6188085   40.4180643 
   43.6126476   40.4288483 
   43.6085205   40.4339064 
   43.5978125   40.4394644 
   43.5969316   40.440369  
   43.5904195   40.4470553 
   43.5755616   40.4565243 
   43.5698776   40.4565584 
   43.5570445   40.4598354 
   43.5537985   40.4641993 
   43.5466576   40.4681284 
   43.5455516   40.4770503 
   43.5548555   40.4795153 
   43.5561716   40.4907114 
   43.5609856   40.4929694 
   43.5757105   40.4981384 
   43.5886686   40.5056073 
   43.6082686   40.5178303 
   43.6152265   40.5237313 
   43.6194346   40.5250774 
   43.6217876   40.5214044 
   43.6268616   40.5195394 
   43.6317826   40.5307123 
   43.6300426   40.5355263 
   43.6318586   40.5373463 
   43.6401826   40.5317994 
   43.6479685   40.5315204 
   43.6431425   40.5539624 
   43.6420055   40.5590024 
   43.6558496   40.5637134 
   43.6671968   40.5663356 
   43.6752245   40.5793574 
   43.6864896   40.5929984 
   43.7048335   40.6203114 
   43.7155605   40.6378444 
   43.7192765   40.6465074 
   43.7202875   40.6549604 
   43.7264215   40.6647494 
   43.7297245   40.6649553 
   43.7393345   40.6651113 
   43.7424085   40.6703454 
   43.7466845   40.6758043 
   43.7500536   40.6805803 
   43.7476956   40.6840283 
   43.7444496   40.6881713 
   43.7433055   40.6925243 
   43.7418825   40.6982534 
   43.7363015   40.7079014 
   43.7406085   40.7151874 
   43.7467616   40.7258913 
   43.7486996   40.7359393 
   43.7426185   40.7529143 
   43.7165225   40.8034283 
   43.7130205   40.8119204 
   43.7067715   40.8174553 
   43.6894916   40.8310733 
   43.6835175   40.8350033 
   43.6793595   40.8393783 
   43.6761095   40.8444364 
   43.6761975   40.8512954 
   43.6790276   40.8611143 
   43.6726076   40.8776283 
   43.6735616   40.8817364 
   43.6758115   40.8929334 
   43.6785965   40.8988614 
   43.6804616   40.9034193 
   43.6769065   40.9082494 
   43.6718785   40.9160614 
   43.6746635   40.9219894 
   43.6762426   40.9277003 
   43.6717916   40.9334483 
   43.6490705   40.9496154 
   43.6425015   40.9551503 
   43.6290245   40.9632453 
   43.6155625   40.9729424 
   43.6045035   40.9821623 
   43.5994146   40.9856264 
   43.5901065   40.9900324 
   43.5855976   40.9916614 
   43.5777585   40.9921643 
   43.5590705   40.9945643 
   43.5515446   40.9959794 
   43.5440255   40.9987714 
   43.5235975   41.0082663 
   43.5097696   41.0142904 
   43.4998355   41.0170863 
   43.4886856   41.0192073 
   43.4808576   41.0215343 
   43.4721606   41.0279844 
   43.4703976   41.0332563 
   43.4717105   41.0449143 
   43.4706386   41.0597914 
   43.4679645   41.0643804 
   43.4628715   41.0692104 
   43.4547885   41.0774884 
   43.4515186   41.0836794 
   43.4497795   41.0921514 
   43.4522665   41.0999183 
   43.4574925   41.1095013 
   43.4721515   41.1206505 
   43.474145    41.123038  
   43.475225    41.123418  
   43.477494    41.124683  
   43.480679    41.125594  
   43.483756    41.125955  
   43.488306    41.125375  
   43.490667    41.125268  
   43.493682    41.125674  
   43.496967    41.127546  
   43.49913     41.128169  
   43.50064     41.12828   
   43.502367    41.129492  
   43.507711    41.133906  
   43.508069    41.13414   
   43.529558    41.133599  
   43.539293    41.139257  
   43.5567528   41.1441683 
   43.55804     41.14452   
   43.56823     41.145123  
   43.591024    41.139501  
   43.593445    41.138197  
   43.594233    41.136683  
   43.596905    41.129479  
   43.597547    41.128916  
   43.602839    41.128789  
   43.613494    41.131108  
   43.614757    41.130933  
   43.619821    41.129661  
   43.632805    41.129054  
   43.648351    41.132475  
   43.650844    41.133742  
   43.652353    41.133855  
   43.667929    41.135845  
   43.670849    41.134736  
   43.684596    41.133751  
   43.691233    41.129352  
   43.701632    41.12566   
   43.710101    41.124042  
   43.718259    41.122205  
   43.748085    41.109868  
   43.750739    41.109326  
   43.763883    41.120037  
   43.776457    41.127789  
   43.777313    41.129131  
   43.777803    41.129898  
   43.780438    41.130402  
   43.786281    41.134558  
   43.794039    41.1389495 
   43.794508    41.139215  
   43.799728    41.143079  
   43.803088    41.145304  
   43.809589    41.148037  
   43.836636    41.159936  
   43.839882    41.160719  
   43.843005    41.160429  
   43.845133    41.160343  
   43.847253    41.160686  
   43.850211    41.161787  
   43.853877    41.162894  
   43.856001    41.163023  
   43.869041    41.163044  
   43.879804    41.163685  
   43.888287    41.164946  
   43.893512    41.166174  
   43.894495    41.166719  
   43.902563    41.167439  
   43.904398    41.167885  
   43.910431    41.171692  
   43.91212     41.172458  
   43.913537    41.172471  
   43.918936    41.171772  
   43.921629    41.171797  
   43.923605    41.172351  
   43.93222     41.17436   
   43.936874    41.175902  
   43.938712    41.176241  
   43.942542    41.176062  
   43.950655    41.174101  
   43.950676    41.172815  
   43.948898    41.168728  
   43.949337    41.167876  
   43.954052    41.165562  
   43.963562    41.164791  
   43.965114    41.165233  
   43.965382    41.1662    
   43.966774    41.167819  
   43.96875     41.168372  
   43.973418    41.169057  
   43.975392    41.169717  
   43.976511    41.170691  
   43.978591    41.173709  
   43.979573    41.174361  
   43.981766    41.174701  
   43.983752    41.174612  
   43.985163    41.175053  
   43.987686    41.176896  
   43.988103    41.177435  
   43.989224    41.178302  
   43.991243    41.179159  
   43.992839    41.179887  
   43.993969    41.180183  
   43.996793    41.180921  
   43.999442    41.180802  
   44.001613    41.181035  
   44.00359     41.181552  
   44.005744    41.182856  
   44.008371    41.184164  
   44.009876    41.184677  
   44.012509    41.185628  
   44.014864    41.186148  
   44.017223    41.186454  
   44.019108    41.186827  
   44.021844    41.187207  
   44.023064    41.187789  
   44.024759    41.188232  
   44.02806     41.18876   
   44.030328    41.18885   
   44.031368    41.188859  
   44.033168    41.188588  
   44.034586    41.1886    
   44.035721    41.188538  
   44.03761     41.188697  
   44.039118    41.188995  
   44.040151    41.189432  
   44.041095    41.189583  
   44.04299     41.189242  
   44.044119    41.189608  
   44.044874    41.189757  
   44.046197    41.189768  
   44.047239    41.189634  
   44.047805    41.18971   
   44.049316    41.189794  
   44.050449    41.189946  
   44.05281     41.190108  
   44.055922    41.190634  
   44.05771     41.19122   
   44.059024    41.191873  
   44.060432    41.192599  
   44.061275    41.193177  
   44.06363     41.193768  
   44.066502    41.194594  
   44.069997    41.194837  
   44.071126    41.195203  
   44.07254     41.1955    
   44.072725    41.195787  
   44.074048    41.195798  
   44.076031    41.196028  
   44.077818    41.196685  
   44.07951     41.197413  
   44.079878    41.19813   
   44.081472    41.199071  
   44.08307     41.199727  
   44.084762    41.200454  
   44.084942    41.201098  
   44.085024    41.202027  
   44.086531    41.202468  
   44.088042    41.202551  
   44.088423    41.202411  
   44.088763    41.191488  
   44.08916     41.190134  
   44.090686    41.189217  
   44.092484    41.189089  
   44.09513     41.18911   
   44.098528    41.189493  
   44.101081    41.189513  
   44.105907    41.189194  
   44.10951     41.188365  
   44.113586    41.187611  
   44.119173    41.186868  
   44.123057    41.186255  
   44.124856    41.186054  
   44.126459    41.186352  
   44.128536    41.186582  
   44.129097    41.187015  
   44.129948    41.187021  
   44.130324    41.187238  
   44.130893    41.1871    
   44.131552    41.187248  
   44.132499    41.187183  
   44.133159    41.18726   
   44.133822    41.187193  
   44.134858    41.187487  
   44.135711    41.18735   
   44.136655    41.187429  
   44.137218    41.187719  
   44.138635    41.187801  
   44.141184    41.188105  
   44.143261    41.188335  
   44.145052    41.188706  
   44.146183    41.189     
   44.147979    41.189013  
   44.149111    41.189164  
   44.151576    41.188611  
   44.153564    41.188411  
   44.155359    41.188496  
   44.156869    41.188721  
   44.158567    41.189019  
   44.162065    41.189045  
   44.16939     41.200382  
   44.174295    41.208862  
   44.178559    41.219497  
   44.18336     41.232708  
   44.183196    41.234528  
   44.18241     41.236963  
   44.180857    41.239514  
   44.179908    41.240567  
   44.179658    41.241853  
   44.178856    41.243555  
   44.178454    41.244553  
   44.1790017   41.2459591 
   44.1796561   41.2470804 
   44.180083    41.247143  
   44.18588     41.243369  
   44.188863    41.241859  
   44.190664    41.241342  
   44.191211    41.241228  
   44.193493    41.239596  
   44.194827    41.239016  
   44.19702     41.238266  
   44.200006    41.23652   
   44.202665    41.235891  
   44.208374    41.234694  
   44.209631    41.233937  
   44.2112      41.233241  
   44.212138    41.233012  
   44.213305    41.233256  
   44.215022    41.233208  
   44.216429    41.232982  
   44.223813    41.235152  
   44.224509    41.235628  
   44.225125    41.236339  
   44.226525    41.236643  
   44.228478    41.236479  
   44.230825    41.235847  
   44.231759    41.23603   
   44.233153    41.236864  
   44.236639    41.238948  
   44.237187    41.238833  
   44.23876     41.237666  
   44.240955    41.236739  
   44.243612    41.236344  
   44.244397    41.235878  
   44.245042    41.234057  
   44.24614     41.233593  
   44.248873    41.233316  
   44.251005    41.231034  
   44.253763    41.22852   
   44.257871    41.223895  
   44.261737    41.219974  
   44.264526    41.21813   
   44.266736    41.21573   
   44.267681    41.214971  
   44.271137    41.212696  
   44.272076    41.212408  
   44.275121    41.212015  
   44.279656    41.210924  
   44.283729    41.209183  
   44.285606    41.208665  
   44.286075    41.208609  
   44.287377    41.210737  
   44.287837    41.211446  
   44.290862    41.212996  
   44.295291    41.214377  
   44.297083    41.214565  
   44.302693    41.214952  
   44.307919    41.214866  
   44.313854    41.214018  
   44.316752    41.21274   
   44.319114    41.210576  
   44.320934    41.208054  
   44.322744    41.206416  
   44.3229879   41.2061294 
   44.323691    41.205303  
   44.325726    41.20455   
   44.328458    41.204212  
   44.331104    41.204699  
   44.333052    41.204769  
   44.335551    41.204371  
   44.337665    41.2035    
   44.339383    41.203216  
   44.34188     41.203053  
   44.343912    41.202535  
   44.345316    41.202484  
   44.346168    41.203078  
   44.346623    41.204317  
   44.346059    41.206139  
   44.344711    41.208428  
   44.344459    41.210193  
   44.345184    41.211794  
   44.346962    41.213394  
   44.347342    41.214397  
   44.346707    41.215453  
   44.345679    41.21692   
   44.344729    41.218327  
   44.343936    41.219677  
   44.344114    41.225272  
   44.344727    41.226335  
   44.351804    41.228378  
   44.352345    41.228911  
   44.353806    41.231038  
   44.355049    41.231575  
   44.356063    41.231581  
   44.359115    41.230538  
   44.36006     41.229601  
   44.360618    41.228309  
   44.362197    41.226434  
   44.364076    41.225678  
   44.3672      41.225225  
   44.370318    41.225359  
   44.371571    41.224836  
   44.373376    41.223669  
   44.374003    41.223378  
   44.376655    41.223274  
   44.378375    41.222871  
   44.380256    41.221822  
   44.381668    41.220946  
   44.383383    41.221014  
   44.385486    41.22132   
   44.386578    41.221325  
   44.390346    41.218637  
   44.391371    41.217465  
   44.391926    41.216467  
   44.394037    41.21583   
   44.3956      41.215485  
   44.397798    41.213907  
   44.400469    41.211742  
   44.401802    41.210983  
   44.407053    41.208007  
   44.407837    41.207482  
   44.409495    41.205252  
   44.410443    41.203844  
   44.411319    41.201788  
   44.41273     41.200912  
   44.415077    41.20004   
   44.417262    41.199757  
   44.420195    41.198741  
   44.422382    41.198222  
   44.425031    41.198353  
   44.436301    41.193345  
   44.440599    41.192012  
   44.443406    41.192025  
   44.445829    41.191213  
   44.447467    41.191103  
   44.450501    41.191824  
   44.451591    41.191947  
   44.452607    41.191657  
   44.454095    41.190781  
   44.45644     41.190027  
   44.457936    41.188267  
   44.458484    41.187917  
   44.460055    41.186511  
   44.460298    41.185334  
   44.461087    41.18416   
   44.462978    41.181696  
   44.463372    41.181109  
   44.465167    41.180882  
   44.468129    41.180778  
   44.470856    41.180967  
   44.472412    41.181327  
   44.474594    41.181337  
   44.47646     41.181876  
   44.477232    41.182763  
   44.477613    41.183883  
   44.478228    41.184946  
   44.480247    41.185897  
   44.483438    41.1865    
   44.487563    41.187284  
   44.49169     41.187832  
   44.494566    41.188846  
   44.496817    41.190151  
   44.497826    41.190745  
   44.500277    41.191344  
   44.504635    41.192187  
   44.507279    41.193141  
   44.508208    41.193969  
   44.511005    41.195276  
   44.511234    41.195866  
   44.510368    41.19704   
   44.511219    41.197868  
   44.512459    41.198933  
   44.513374    41.201646  
   44.513823    41.204121  
   44.51444     41.205124  
   44.517303    41.208022  
   44.519544    41.210858  
   44.52156     41.212397  
   44.52483     41.213117  
   44.527629    41.214188  
   44.528635    41.215319  
   44.529787    41.217738  
   44.529852    41.219504  
   44.529254    41.221401  
   44.529475    41.223227  
   44.530943    41.225117  
   44.533665    41.226188  
   44.535926    41.226315  
   44.538817    41.225561  
   44.540303    41.224979  
   44.542331    41.224928  
   44.544512    41.225349  
   44.545993    41.225531  
   44.547009    41.225182  
   44.547326    41.224359  
   44.546864    41.223591  
   44.545383    41.223468  
   44.543589    41.22352   
   44.542813    41.222869  
   44.542352    41.221984  
   44.54236     41.220806  
   44.542056    41.219686  
   44.540893    41.218622  
   44.538557    41.218141  
   44.537472    41.217254  
   44.537633    41.216489  
   44.539583    41.216438  
   44.539666    41.215731  
   44.537643    41.215134  
   44.536167    41.214245  
   44.535862    41.213361  
   44.537424    41.212955  
   44.540465    41.212908  
   44.542415    41.212916  
   44.543121    41.21233   
   44.54087     41.21079   
   44.540329    41.210081  
   44.540495    41.208728  
   44.540898    41.206786  
   44.54005     41.205428  
   44.538029    41.204596  
   44.532897    41.202573  
   44.532279    41.201864  
   44.532984    41.201337  
   44.534314    41.200636  
   44.535021    41.199932  
   44.534793    41.199166  
   44.53285     41.198275  
   44.532621    41.197626  
   44.533404    41.19704   
   44.534729    41.197104  
   44.536365    41.197229  
   44.538319    41.196589  
   44.540428    41.196009  
   44.543003    41.195607  
   44.544949    41.196027  
   44.546112    41.196914  
   44.546737    41.19674   
   44.546511    41.195679  
   44.545663    41.194314  
   44.543642    41.193364  
   44.543026    41.192361  
   44.54311     41.191419  
   44.543894    41.190767  
   44.545064    41.190713  
   44.546379    41.192131  
   44.547382    41.193725  
   44.55103     41.196036  
   44.552729    41.19828   
   44.553418    41.200167  
   44.555591    41.201706  
   44.556829    41.203065  
   44.558226    41.204072  
   44.559163    41.20384   
   44.560494    41.20302   
   44.561828    41.201671  
   44.5628365   41.201355  
   44.5642246   41.2013715 
   44.5654262   41.2018235 
   44.566578    41.202572  
   44.566883    41.203575  
   44.566639    41.205105  
   44.567329    41.206874  
   44.568805    41.207704  
   44.570287    41.207709  
   44.571462    41.20683   
   44.572563    41.205362  
   44.573505    41.204306  
   44.575066    41.204135  
   44.575841    41.204903  
   44.57599     41.205964  
   44.575205    41.206785  
   44.575357    41.207375  
   44.576136    41.207436  
   44.578324    41.206738  
   44.579417    41.206506  
   44.580505    41.207099  
   44.58042     41.2081    
   44.578779    41.208741  
   44.576827    41.209147  
   44.575655    41.209554  
   44.575569    41.210673  
   44.576888    41.211796  
   44.578287    41.212449  
   44.581487    41.212049  
   44.582194    41.211109  
   44.582045    41.210167  
   44.582597    41.209168  
   44.583534    41.208935  
   44.584155    41.20935   
   44.584461    41.210352  
   44.585313    41.211121  
   44.586869    41.211774  
   44.588739    41.211898  
   44.590842    41.212318  
   44.59271     41.212855  
   44.593336    41.212503  
   44.593496    41.211856  
   44.592875    41.211383  
   44.585106    41.206939  
   44.584643    41.206172  
   44.585041    41.204937  
   44.585593    41.20382   
   44.585523    41.202583  
   44.585224    41.20058   
   44.584303    41.198221  
   44.583612    41.19657   
   44.584167    41.195159  
   44.585183    41.194751  
   44.586504    41.195462  
   44.587902    41.196174  
   44.588917    41.196059  
   44.589312    41.195178  
   44.589471    41.194648  
   44.590174    41.194474  
   44.590872    41.195006  
   44.591649    41.195421  
   44.592352    41.195129  
   44.592594    41.193894  
   44.593224    41.192895  
   44.595251    41.192784  
   44.59587     41.193493  
   44.596017    41.194966  
   44.596321    41.196262  
   44.598359    41.200921  
   44.598349    41.202452  
   44.599429    41.204399  
   44.599807    41.206285  
   44.600415    41.208936  
   44.601263    41.210529  
   44.602038    41.211238  
   44.602872    41.215128  
   44.603178    41.21613   
   44.605892    41.21873   
   44.606746    41.219614  
   44.60791     41.220297  
   44.607903    41.221475  
   44.607119    41.222238  
   44.606802    41.223061  
   44.606639    41.224238  
   44.605613    41.226178  
   44.605524    41.22812   
   44.604653    41.230178  
   44.60441     41.231767  
   44.605655    41.232184  
   44.60815     41.232428  
   44.60986     41.233317  
   44.610942    41.235087  
   44.611321    41.237031  
   44.610455    41.238206  
   44.608736    41.23873   
   44.607567    41.238609  
   44.607176    41.238666  
   44.607483    41.239617  
   44.609039    41.240329  
   44.611455    41.240631  
   44.614108    41.240581  
   44.615902    41.240646  
   44.618324    41.239947  
   44.620118    41.239953  
   44.622071    41.23943   
   44.623709    41.239494  
   44.62707     41.238386  
   44.630113    41.238219  
   44.633245    41.236227  
   44.635743    41.235823  
   44.639806    41.234599  
   44.64168     41.234193  
   44.643865    41.234141  
   44.645974    41.233441  
   44.648234    41.233919  
   44.650571    41.234397  
   44.652831    41.234875  
   44.654546    41.234998  
   44.655953    41.234472  
   44.657239    41.234712  
   44.659886    41.23572   
   44.661443    41.236255  
   44.663153    41.237379  
   44.66401     41.237676  
   44.665727    41.237445  
   44.667211    41.237096  
   44.668226    41.236922  
   44.66916     41.237278  
   44.671891    41.237286  
   44.673296    41.236937  
   44.674078    41.236586  
   44.675168    41.236942  
   44.676258    41.237534  
   44.679217    41.238543  
   44.680076    41.238369  
   44.681326    41.23796   
   44.683893    41.23944   
   44.685527    41.240268  
   44.687163    41.240685  
   44.688257    41.240394  
   44.68787     41.239686  
   44.686547    41.239094  
   44.684527    41.23738   
   44.682819    41.235609  
   44.682207    41.233252  
   44.681443    41.229894  
   44.680447    41.226299  
   44.680843    41.225064  
   44.681788    41.223182  
   44.684215    41.221187  
   44.687579    41.219017  
   44.689218    41.218668  
   44.691945    41.219147  
   44.692569    41.219148  
   44.693506    41.218856  
   44.695303    41.218214  
   44.697409    41.21816   
   44.697838    41.217985  
   44.697529    41.217336  
   44.69574     41.21633   
   44.695122    41.21521   
   44.695203    41.214563  
   44.695907    41.214152  
   44.696841    41.214449  
   44.698553    41.215278  
   44.699646    41.214869  
   44.700973    41.214578  
   44.701594    41.215286  
   44.70151     41.21664   
   44.701503    41.218112  
   44.702593    41.218586  
   44.70384     41.218766  
   44.705011    41.218415  
   44.705638    41.217652  
   44.70673     41.217596  
   44.70719     41.219422  
   44.708358    41.219896  
   44.709878    41.2199    
   44.712608    41.219907  
   44.714087    41.220382  
   44.714551    41.221325  
   44.714937    41.222209  
   44.715715    41.222741  
   44.716884    41.222979  
   44.720042    41.22309   
   44.721911    41.223683  
   44.724712    41.225221  
   44.725803    41.225459  
   44.727052    41.225168  
   44.727835    41.224404  
   44.727681    41.223874  
   44.72753     41.222755  
   44.726988    41.221811  
   44.727071    41.220575  
   44.727074    41.219986  
   44.726374    41.219572  
   44.725127    41.219216  
   44.724194    41.218566  
   44.723572    41.218094  
   44.722951    41.217503  
   44.722409    41.216678  
   44.722414    41.215382  
   44.722885    41.214559  
   44.724134    41.214326  
   44.724682    41.213857  
   44.725153    41.213033  
   44.725001    41.212091  
   44.723836    41.210969  
   44.722828    41.20973   
   44.723067    41.208553  
   44.723616    41.207789  
   44.724554    41.207085  
   44.725415    41.206439  
   44.725886    41.205557  
   44.724954    41.20473   
   44.724722    41.204259  
   44.725192    41.20373   
   44.727455    41.203382  
   44.728233    41.203678  
   44.728464    41.204268  
   44.729087    41.204446  
   44.73096     41.204156  
   44.732519    41.204277  
   44.733374    41.20475   
   44.733681    41.205929  
   44.733674    41.207754  
   44.734993    41.209288  
   44.737015    41.210588  
   44.738259    41.211651  
   44.738801    41.212535  
   44.739967    41.213421  
   44.741915    41.213955  
   44.742539    41.21378   
   44.743087    41.213134  
   44.743013    41.212191  
   44.742861    41.211131  
   44.742866    41.210071  
   44.743257    41.209601  
   44.743959    41.209544  
   44.744425    41.210075  
   44.7445      41.210899  
   44.745119    41.212078  
   44.745587    41.212138  
   44.746432    41.215379  
   44.746505    41.216498  
   44.746812    41.217794  
   44.748754    41.219859  
   44.751093    41.220158  
   44.755146    41.220756  
   44.760214    41.220943  
   44.761775    41.220652  
   44.76279     41.22036   
   44.764112    41.221422  
   44.765357    41.221955  
   44.766295    41.221544  
   44.768876    41.219253  
   44.769891    41.219138  
   44.771058    41.219905  
   44.77261     41.222146  
   44.773078    41.222147  
   44.774014    41.221854  
   44.776125    41.220386  
   44.776593    41.220269  
   44.777837    41.221391  
   44.778383    41.221627  
   44.779945    41.220865  
   44.780647    41.220807  
   44.782828    41.221577  
   44.783608    41.221637  
   44.786027    41.221112  
   44.788601    41.220881  
   44.791488    41.220474  
   44.792579    41.220653  
   44.79367     41.221008  
   44.79437     41.221657  
   44.794289    41.22254   
   44.793427    41.223834  
   44.791392    41.226244  
   44.791233    41.227069  
   44.791543    41.227776  
   44.793254    41.229251  
   44.794266    41.229959  
   44.795046    41.229902  
   44.796845    41.228374  
   44.799894    41.226024  
   44.801379    41.224967  
   44.802239    41.224026  
   44.802244    41.222613  
   44.803106    41.221201  
   44.804436    41.219614  
   44.805455    41.217849  
   44.80663     41.216025  
   44.807647    41.215085  
   44.808739    41.215087  
   44.810607    41.21615   
   44.811075    41.216209  
   44.813028    41.214917  
   44.815059    41.213743  
   44.816697    41.213451  
   44.817711    41.21357   
   44.8195      41.214927  
   44.820045    41.215223  
   44.822697    41.214932  
   44.828313    41.214352  
   44.831511    41.21418   
   44.834629    41.214538  
   44.837123    41.21513   
   44.840551    41.216372  
   44.842423    41.21608   
   44.84383     41.214963  
   44.846956    41.211905  
   44.847427    41.210669  
   44.847429    41.209609  
   44.847586    41.209256  
   44.849458    41.209023  
   44.852421    41.208851  
   44.853435    41.208734  
   44.854996    41.208147  
   44.857728    41.206855  
   44.859443    41.206681  
   44.862407    41.206508  
   44.864358    41.205273  
   44.865529    41.204745  
   44.868492    41.20463   
   44.873092    41.204518  
   44.87933     41.204171  
   44.883541    41.203822  
   44.889616    41.207891  
   44.894523    41.210958  
   44.897251    41.211549  
   44.8992      41.211668  
   44.900682    41.211434  
   44.90154     41.211553  
   44.901492    41.212013  
   44.9007195   41.2125619 
   44.8993462   41.2132398 
   44.8965567   41.2143052 
   44.894883    41.216113  
   44.893896    41.2184373 
   44.8923081   41.2211488 
   44.8908061   41.2215685 
   44.8880166   41.2216653 
   44.8847121   41.2215685 
   44.8819226   41.2214071 
   44.880678    41.2208583 
   44.879146    41.219657  
   44.877977    41.219067  
   44.87673     41.218771  
   44.874623    41.219299  
   44.8729962   41.2191152 
   44.8701638   41.2177917 
   44.8670739   41.2180499 
   44.8661297   41.2188892 
   44.8641556   41.2231179 
   44.86315     41.224129  
   44.859952    41.224302  
   44.858078    41.225006  
   44.8555296   41.2278949 
   44.852826    41.2286696 
   44.849779    41.2297024 
   44.8473328   41.230477  
   44.843685    41.2301865 
   44.8383206   41.2292828 
   44.8346299   41.229186  
   44.8330489   41.2285577 
END
END
