Relation 52343

2
   12.8232736   46.9168711 
   12.8310087   46.91532   
   12.8372669   46.9122933 
   12.8388062   46.9102824 
   12.83305     46.9045887 
   12.8322013   46.9001286 
   12.840009    46.8933055 
   12.8420723   46.8928225 
   12.8417575   46.8868687 
   12.8435128   46.8773362 
   12.8412227   46.8609921 
   12.8500228   46.8583944 
   12.8568032   46.855526  
   12.8719591   46.8483738 
   12.8741695   46.8449461 
   12.8758576   46.8447251 
   12.8867268   46.8424626 
   12.887848    46.8398678 
   12.8877198   46.8384583 
   12.8939764   46.8323732 
   12.8918051   46.8299621 
   12.8931954   46.8281674 
   12.8958197   46.8257629 
   12.8988603   46.8240565 
   12.9051477   46.8226419 
   12.9071991   46.8226852 
   12.9077885   46.8222239 
   12.9153397   46.8206502 
   12.9440072   46.8053775 
   12.96354     46.7987654 
   12.9633409   46.7887438 
   12.9305087   46.7642837 
   12.9292895   46.7647702 
   12.927898    46.7651096 
   12.9270332   46.7651237 
   12.9263037   46.7650722 
   12.9256599   46.7650502 
   12.9234605   46.7650428 
   12.9220765   46.7651972 
   12.9210151   46.7653985 
   12.918923    46.7661456 
   12.91733     46.7667917 
   12.9150801   46.7680717 
   12.9135661   46.769371  
   12.9126447   46.7705164 
   12.91218     46.7712236 
   12.9113867   46.7719155 
   12.910418    46.7724499 
   12.9090952   46.7729497 
   12.9067004   46.7738716 
   12.9052766   46.7744409 
   12.9039585   46.7750098 
   12.8994416   46.776845  
   12.896156    46.7782355 
   12.8745586   46.763358  
   12.8589374   46.7605064 
   12.8411881   46.749602  
   12.8325445   46.749363  
   12.8262359   46.7514507 
   12.8131467   46.7496864 
   12.810958    46.7545674 
   12.8080496   46.7556062 
   12.7966643   46.7554047 
   12.775696    46.7513212 
   12.7665377   46.7491123 
   12.7581263   46.7492299 
   12.74508     46.7478185 
   12.7121812   46.7360289 
   12.7080614   46.715907  
   12.7212229   46.7034251 
   12.7195165   46.7029832 
   12.7178447   46.7029832 
   12.7160703   46.7032998 
   12.7155471   46.7038266 
   12.7149727   46.7039495 
   12.7137794   46.7037344 
   12.7127265   46.7037519 
   12.711546    46.7040636 
   12.7109716   46.7043533 
   12.7103016   46.7045377 
   12.7086297   46.7044719 
   12.7073726   46.7048757 
   12.7067553   46.7049893 
   12.7058044   46.7048882 
   12.7045829   46.7046622 
   12.7032186   46.7043182 
   12.70219     46.70393   
   12.7005256   46.7039987 
   12.6996756   46.7039103 
   12.6987866   46.7041534 
   12.6975049   46.7043206 
   12.696554    46.704441  
   12.695904    46.7042346 
   12.6951754   46.7038612 
   12.6943897   46.7031732 
   12.6938968   46.7031535 
   12.6929911   46.7033732 
   12.691988    46.7035404 
   12.6908735   46.7033175 
   12.6895497   46.7025804 
   12.691108    46.6568441 
   12.6903977   46.6569705 
   12.6889551   46.6570801 
   12.6870301   46.6569082 
   12.6855193   46.656471  
   12.6838606   46.656466  
   12.6820145   46.65689   
   12.6803658   46.6572851 
   12.6785612   46.6576222 
   12.6768213   46.6576962 
   12.6743265   46.6577225 
   12.6721883   46.6576112 
   12.6704681   46.6575315 
   12.6678476   46.6580296 
   12.665412    46.6578558 
   12.6632259   46.6576514 
   12.6589683   46.6573063 
   12.6553852   46.6561565 
   12.6543473   46.6556902 
   12.6528924   46.6545757 
   12.651563    46.6538442 
   12.6498716   46.6533762 
   12.6453458   46.6529357 
   12.6434567   46.6528069 
   12.6421463   46.6529252 
   12.6364108   46.6545164 
   12.635101    46.6552061 
   12.6340971   46.656084  
   12.6337552   46.6564549 
   12.6334228   46.6578335 
   12.6334942   46.6586412 
   12.6333904   46.6595175 
   12.6330597   46.6605315 
   12.6326247   46.6612698 
   12.6321611   46.6614106 
   12.6315067   46.6614584 
   12.6266088   46.6617399 
   12.6213608   46.6619424 
   12.6200131   46.6619851 
   12.6185703   46.6612028 
   12.6174549   46.6604281 
   12.6161083   46.6598137 
   12.6131638   46.6587099 
   12.6049852   46.6566102 
   12.6037107   46.6564614 
   12.5878642   46.656501  
   12.5833222   46.6566885 
   12.5799492   46.6570733 
   12.5791297   46.6570089 
   12.5776179   46.6563093 
   12.574402    46.6542589 
   12.5714056   46.6516436 
   12.5698422   46.6515575 
   12.5680359   46.6516769 
   12.565579    46.6519786 
   12.5620765   46.6529248 
   12.5610435   46.653551  
   12.552072    46.6589772 
   12.5473118   46.6602016 
   12.5452022   46.6624721 
   12.5295903   46.6742368 
   12.5291543   46.6744933 
   12.5286858   46.6747417 
   12.5282155   46.6749723 
   12.5277679   46.6751526 
   12.5220075   46.6773642 
   12.5180115   46.6784998 
   12.5042179   46.6812276 
   12.5035575   46.6813153 
   12.5030684   46.6813348 
   12.5024868   46.6811637 
   12.5018524   46.6804406 
   12.5014874   46.6799523 
   12.5008445   46.679225  
   12.500431    46.6787697 
   12.5002328   46.6786362 
   12.4972914   46.6779523 
   12.4927131   46.6774308 
   12.4912847   46.677281  
   12.4835091   46.6777567 
   12.4824251   46.6778528 
   12.4817102   46.6779961 
   12.4811229   46.6782164 
   12.4785054   46.6807383 
   12.4785735   46.6809716 
   12.4784874   46.6837515 
   12.4774434   46.6856941 
   12.476847    46.6865249 
   12.4765327   46.6868629 
   12.4755458   46.6874815 
   12.4745667   46.6877381 
   12.4522255   46.6905913 
   12.4483201   46.6907758 
   12.4470928   46.6908083 
   12.4462393   46.6905892 
   12.4454845   46.6899802 
   12.4442257   46.6890561 
   12.4411701   46.689175  
   12.439136    46.6901876 
   12.4320549   46.6942086 
   12.4223387   46.6999653 
   12.4209866   46.6999285 
   12.4187894   46.7002065 
   12.4169235   46.7006448 
   12.4148747   46.7015134 
   12.4062325   46.7061577 
   12.4018631   46.7084362 
   12.390564    46.7140646 
   12.38447     46.7172423 
   12.3800448   46.7214871 
   12.3796985   46.721861  
   12.3789256   46.722791  
   12.3785072   46.7237258 
   12.3784931   46.7241276 
   12.3786352   46.7255382 
   12.3786979   46.7266325 
   12.378704    46.7273721 
   12.3785028   46.7284455 
   12.3781027   46.729621  
   12.3771382   46.7319508 
   12.3712851   46.7402265 
   12.3712629   46.7403502 
   12.3700683   46.7403179 
   12.3700367   46.7404159 
   12.3699811   46.7406072 
   12.3698203   46.7406004 
   12.3691098   46.7404442 
   12.367345    46.746971  
   12.3671299   46.7536592 
   12.3654448   46.7569424 
   12.3629324   46.7607945 
   12.3607537   46.7650309 
   12.3606042   46.7654555 
   12.3602619   46.7681107 
   12.3598421   46.7721486 
   12.3599197   46.7726071 
   12.3599306   46.7728479 
   12.3599339   46.7738343 
   12.3594986   46.7745346 
   12.3591507   46.774931  
   12.3584147   46.7755231 
   12.3526182   46.7777758 
   12.352178    46.7779264 
   12.3475159   46.7775275 
   12.3328533   46.7800124 
   12.3312514   46.7803767 
   12.3308903   46.7805653 
   12.3300171   46.7811265 
   12.3277765   46.7821304 
   12.3271274   46.7823338 
   12.3257696   46.7827278 
   12.325328    46.7828298 
   12.3249872   46.782908  
   12.311552    46.7854976 
   12.3111693   46.785559  
   12.3106038   46.7856312 
   12.3099802   46.7856908 
   12.3096723   46.785678  
   12.3092992   46.7855215 
   12.3088109   46.7852781 
   12.3085877   46.7851631 
   12.3082577   46.7849892 
   12.3080336   46.7847535 
   12.3077535   46.7844593 
   12.3074089   46.7840741 
   12.3069376   46.7835729 
   12.3028448   46.7830999 
   12.2867105   46.7832734 
   12.2862283   46.7832881 
   12.2859278   46.7833552 
   12.2856797   46.7834227 
   12.2853701   46.7835297 
   12.2850865   46.7836314 
   12.2848521   46.7837623 
   12.2846947   46.7839216 
   12.2845435   46.7841276 
   12.2822681   46.7896747 
   12.2819855   46.7906017 
   12.2816508   46.7919928 
   12.2815982   46.7923367 
   12.2879741   46.7950428 
   12.2883582   46.7952306 
   12.2888264   46.795481  
   12.2932436   46.8024446 
   12.2934061   46.8028386 
   12.2935686   46.8033542 
   12.2902149   46.8100475 
   12.2857422   46.8142997 
   12.2856158   46.8171454 
   12.2889946   46.820444  
   12.2926328   46.8237041 
   12.2956328   46.8258334 
   12.2989169   46.8280076 
   12.3022144   46.8306114 
   12.3071857   46.8347992 
   12.3074794   46.8352713 
   12.3079306   46.8418019 
   12.3078578   46.8421118 
   12.3076107   46.8425186 
   12.3066506   46.8429567 
   12.3055327   46.8434012 
   12.304869    46.8435923 
   12.3042962   46.8436619 
   12.3037048   46.8437097 
   12.3031727   46.8437224 
   12.3003561   46.8439647 
   12.2971163   46.8443228 
   12.2931238   46.8506296 
   12.2921012   46.8526498 
   12.2902267   46.8577021 
   12.2902804   46.8638068 
   12.2878501   46.8687258 
   12.2786835   46.8807802 
   12.2750299   46.8852525 
   12.2675033   46.8879984 
   12.24776     46.8899459 
   12.2229567   46.8807625 
   12.2226483   46.8805165 
   12.222086    46.8798529 
   12.2209194   46.8782343 
   12.220818    46.8780338 
   12.2205985   46.8775874 
   12.2196295   46.8748024 
   12.2195975   46.8747474 
   12.2189467   46.874673  
   12.2175893   46.8747147 
   12.2172406   46.8747272 
   12.2160435   46.8750499 
   12.2104666   46.8796352 
   12.210078    46.8799971 
   12.2056315   46.8843633 
   12.2022703   46.8869687 
   12.2010995   46.887037  
   12.2008288   46.8873048 
   12.2006077   46.8872793 
   12.2004241   46.8872669 
   12.2002539   46.887264  
   12.2000071   46.8872675 
   12.1997678   46.8872984 
   12.1995794   46.8873729 
   12.1996317   46.8874204 
   12.1996933   46.8874964 
   12.1997109   46.887543  
   12.1996906   46.887716  
   12.1994045   46.8879069 
   12.1993473   46.8885827 
   12.1995044   46.8887168 
   12.2000929   46.8888151 
   12.2002202   46.8888771 
   12.2003677   46.8888416 
   12.2005964   46.8888127 
   12.2007882   46.8887775 
   12.2009637   46.8888226 
   12.2010843   46.8888166 
   12.201134    46.8888458 
   12.2011264   46.8890619 
   12.2013257   46.8892554 
   12.2014845   46.8893041 
   12.2014398   46.8894572 
   12.2013113   46.8894619 
   12.2011663   46.8895188 
   12.200899    46.8895711 
   12.2008906   46.8898074 
   12.2011344   46.8899992 
   12.200752    46.8903565 
   12.2004113   46.8903275 
   12.2002693   46.8903592 
   12.2001827   46.890346  
   12.2001195   46.8905411 
   12.2001904   46.890779  
   12.1988948   46.8927344 
   12.2002398   46.896499  
   12.2004372   46.8966997 
   12.200458    46.8968709 
   12.2003289   46.8971553 
   12.1996892   46.8982352 
   12.1945997   46.9042758 
   12.1911749   46.9070928 
   12.1814316   46.9089113 
   12.1717465   46.9100731 
   12.1599179   46.9102997 
   12.1451448   46.9148665 
   12.1479967   46.9165663 
   12.1558296   46.9215008 
   12.1684166   46.9336936 
   12.1686171   46.93421   
   12.1687499   46.9346798 
   12.168892    46.9353328 
   12.1692666   46.9381446 
   12.1692167   46.9387463 
   12.1666851   46.9427699 
   12.165968    46.943714  
   12.1614747   46.9492595 
   12.1599995   46.9508338 
   12.1592243   46.9515203 
   12.1534541   46.9532958 
   12.1509191   46.9540488 
   12.1452741   46.9555603 
   12.1390862   46.957541  
   12.1388104   46.9577412 
   12.1333389   46.9628094 
   12.1326547   46.9636273 
   12.1325204   46.9638046 
   12.132061    46.9647721 
   12.132537    46.9649732 
   12.136906    46.9704591 
   12.1380044   46.9797327 
   12.1311738   46.994364  
   12.1304143   46.9957148 
   12.1258366   47.003467  
   12.124959    47.0044476 
   12.1248276   47.0045915 
   12.1220428   47.007638  
   12.1259238   47.0126205 
   12.1262012   47.0128784 
   12.1266031   47.0132274 
   12.1271127   47.0136446 
   12.1275643   47.0139705 
   12.1281589   47.0143936 
   12.1438958   47.0230902 
   12.1443477   47.023319  
   12.1465143   47.0243986 
   12.1479457   47.0251009 
   12.1491637   47.0252248 
   12.174596    47.0242501 
   12.2012313   47.0279986 
   12.2058027   47.0287462 
   12.20799     47.0313389 
   12.2092366   47.0328806 
   12.2121813   47.0370915 
   12.2123517   47.0373541 
   12.2174486   47.0477473 
   12.2180021   47.0510363 
   12.2224615   47.0604925 
   12.226803    47.0615517 
   12.227383    47.0617783 
   12.2388414   47.0664905 
   12.2400092   47.067505  
   12.2406191   47.0680862 
   12.2409328   47.06844   
   12.2412045   47.0687941 
   12.2413061   47.0694643 
   12.2628709   47.0761522 
   12.2683641   47.0790747 
   12.2835846   47.0925585 
   12.2964016   47.0927926 
   12.3235241   47.105413  
   12.345476    47.1093482 
   12.3565694   47.1188024 
   12.3636964   47.141244  
   12.3815456   47.1439568 
   12.3992249   47.1524406 
   12.4203411   47.1434897 
   12.4587932   47.1472259 
   12.4738994   47.1523626 
   12.4838558   47.1579658 
   12.5010219   47.1570319 
   12.522308    47.1504948 
   12.5267135   47.1441565 
   12.52837     47.1372557 
   12.5346708   47.1348512 
   12.5532205   47.1277715 
   12.5661209   47.1364135 
   12.578841    47.131643  
   12.5874742   47.1320878 
   12.5922083   47.1248951 
   12.6224701   47.1188876 
   12.6289503   47.1153247 
   12.6513973   47.1021413 
   12.6557643   47.0994659 
   12.6690355   47.0914456 
   12.6739515   47.0907888 
   12.6796917   47.0867521 
   12.6804382   47.0841186 
   12.6840992   47.0831601 
   12.6857298   47.0817569 
   12.68664     47.0796333 
   12.6891997   47.0773769 
   12.691659    47.0765754 
   12.6925384   47.0752593 
   12.6955698   47.0737786 
   12.6979993   47.0738273 
   12.6997176   47.0730912 
   12.701715    47.0704388 
   12.7099416   47.0499642 
   12.7101214   47.0491852 
   12.7102888   47.0484597 
   12.714103    47.0449296 
   12.7141598   47.044877  
   12.7162879   47.0441741 
   12.7187336   47.0433664 
   12.7248046   47.042861  
   12.7385627   47.0417156 
   12.7441999   47.0414928 
   12.7481781   47.0426501 
   12.7530243   47.0433734 
   12.7556572   47.0448779 
   12.7591754   47.0451094 
   12.7614437   47.0442761 
   12.7656563   47.0439984 
   12.7729155   47.0405525 
   12.7677395   47.0391377 
   12.7661192   47.0369157 
   12.7563516   47.0335363 
   12.7537477   47.0283285 
   12.754471    47.0268818 
   12.7444892   47.0182021 
   12.7430362   47.0147823 
   12.7357671   47.0131592 
   12.7361492   47.009939  
   12.735964    47.0079762 
   12.7372602   47.0058653 
   12.7357048   47.003384  
   12.7334902   47.0028623 
   12.7330696   47.0003993 
   12.7314579   46.9976262 
   12.7239016   46.9957964 
   12.7259738   46.9919697 
   12.7287513   46.9907546 
   12.7307187   46.9879192 
   12.7378884   46.9825654 
   12.7377014   46.9805001 
   12.7391386   46.9787101 
   12.7392846   46.9755346 
   12.7415066   46.9715072 
   12.74109     46.9693778 
   12.7437286   46.9674335 
   12.7440064   46.964656  
   12.745997    46.9632672 
   12.7465963   46.9619045 
   12.7540296   46.9596239 
   12.7559553   46.9599572 
   12.7599179   46.9584759 
   12.7600986   46.953069  
   12.7626584   46.9511965 
   12.7632405   46.9492145 
   12.7678464   46.9478247 
   12.7695964   46.9446809 
   12.7766956   46.9423008 
   12.7816822   46.9416481 
   12.7832509   46.9419346 
   12.7866322   46.9396012 
   12.7845777   46.9372653 
   12.783272    46.9340727 
   12.7871394   46.931864  
   12.7907702   46.9275959 
   12.7938932   46.9266101 
   12.800231    46.9229084 
   12.8085782   46.922957  
   12.8121579   46.9229778 
   12.8178237   46.9198652 
   12.8200795   46.9202375 
   12.8232736   46.9168711 
END

END
