Relation 298204
1
   -44.4942967  -22.8459789
   -44.484      -22.846    
   -44.476      -22.856    
   -44.481      -22.866    
   -44.476      -22.867    
   -44.476      -22.874    
   -44.471      -22.876    
   -44.466      -22.885    
   -44.445      -22.876    
   -44.437      -22.872    
   -44.433      -22.861    
   -44.424      -22.852    
   -44.418      -22.848    
   -44.403      -22.848    
   -44.401      -22.854    
   -44.392      -22.852    
   -44.387      -22.857    
   -44.374      -22.858    
   -44.363      -22.853    
   -44.326      -22.838    
   -44.32       -22.84     
   -44.323      -22.849    
   -44.318      -22.845    
   -44.317      -22.839    
   -44.308      -22.832    
   -44.296      -22.827    
   -44.286      -22.828    
   -44.283      -22.835    
   -44.273      -22.832    
   -44.268      -22.829    
   -44.261      -22.805    
   -44.244      -22.802    
   -44.24       -22.791    
   -44.242      -22.788    
   -44.248      -22.79     
   -44.256      -22.786    
   -44.253      -22.781    
   -44.257      -22.778    
   -44.257      -22.766    
   -44.25       -22.757    
   -44.238      -22.755    
   -44.242      -22.75     
   -44.226      -22.733    
   -44.202      -22.732    
   -44.198      -22.724    
   -44.202      -22.723    
   -44.203      -22.716    
   -44.196      -22.715    
   -44.184      -22.712    
   -44.178      -22.707    
   -44.174      -22.702    
   -44.176      -22.693    
   -44.168      -22.687    
   -44.164      -22.68     
   -44.161      -22.678    
   -44.171      -22.659    
   -44.19       -22.648    
   -44.191      -22.645    
   -44.184      -22.637    
   -44.19       -22.63     
   -44.198      -22.63     
   -44.203      -22.626    
   -44.204      -22.615    
   -44.208      -22.613    
   -44.219      -22.617    
   -44.226      -22.604    
   -44.233      -22.608    
   -44.248      -22.606    
   -44.253      -22.612    
   -44.271      -22.6      
   -44.283      -22.604    
   -44.285      -22.609    
   -44.295      -22.602    
   -44.295      -22.598    
   -44.303      -22.599    
   -44.312      -22.595    
   -44.318      -22.597    
   -44.326      -22.588    
   -44.339      -22.59     
   -44.343      -22.588    
   -44.347      -22.59     
   -44.346      -22.597    
   -44.35       -22.595    
   -44.351      -22.599    
   -44.349      -22.609    
   -44.356      -22.614    
   -44.361      -22.611    
   -44.361      -22.592    
   -44.366      -22.593    
   -44.37       -22.589    
   -44.36       -22.581    
   -44.364      -22.578    
   -44.371      -22.58     
   -44.384      -22.573    
   -44.391      -22.573    
   -44.395      -22.581    
   -44.409      -22.588    
   -44.405      -22.591    
   -44.404      -22.6      
   -44.398      -22.603    
   -44.406      -22.608    
   -44.416      -22.601    
   -44.43       -22.598    
   -44.442      -22.604    
   -44.446      -22.61     
   -44.454      -22.609    
   -44.4644439  -22.6154737
   -44.4680039  -22.6147272
   -44.471415   -22.6129353
   -44.4727383  -22.6133564
   -44.4778025  -22.6124456
   -44.4779888  -22.6121432
   -44.4829461  -22.6040981
   -44.4834919  -22.6032117
   -44.4845228  -22.6032731
   -44.4862647  -22.6040539
   -44.4880403  -22.6060361
   -44.4885964  -22.6085825
   -44.4854969  -22.6094292
   -44.4851342  -22.6108808
   -44.4873647  -22.6123183
   -44.4889944  -22.6149975
   -44.4921258  -22.6172494
   -44.4914658  -22.6191192
   -44.4919564  -22.6206164
   -44.4951781  -22.6223133
   -44.4951272  -22.6248581
   -44.4996869  -22.6279792
   -44.4992922  -22.6308428
   -44.5081561  -22.6404558
   -44.5095661  -22.6404078
   -44.5102925  -22.6396447
   -44.5106286  -22.6377506
   -44.5146325  -22.6334219
   -44.5140453  -22.6310642
   -44.5144894  -22.6297306
   -44.5203539  -22.631205 
   -44.5257736  -22.6294686
   -44.5303783  -22.6298469
   -44.5341253  -22.6315378
   -44.5342481  -22.6325406
   -44.5307989  -22.6390056
   -44.5348519  -22.6370467
   -44.536685   -22.635205 
   -44.5370219  -22.6318806
   -44.5326858  -22.6260633
   -44.5271     -22.6227042
   -44.5256322  -22.6190239
   -44.5282342  -22.6185392
   -44.5302925  -22.616395 
   -44.5327694  -22.6152158
   -44.5358186  -22.6171308
   -44.5367669  -22.6168319
   -44.5396472  -22.6125067
   -44.5437786  -22.6092711
   -44.5445478  -22.6074019
   -44.5475253  -22.6062689
   -44.5498442  -22.6044381
   -44.5517439  -22.6055925
   -44.5543639  -22.6094756
   -44.5585425  -22.6109686
   -44.5628086  -22.6110333
   -44.5643833  -22.6105714
   -44.5675917  -22.6058647
   -44.5705006  -22.6040533
   -44.5712086  -22.6007853
   -44.5727453  -22.6014103
   -44.5744711  -22.6052108
   -44.5793844  -22.6118972
   -44.5791042  -22.6156636
   -44.5823017  -22.6213233
   -44.5837164  -22.6255006
   -44.5910383  -22.6224767
   -44.5926733  -22.6161492
   -44.5948517  -22.6145564
   -44.5967583  -22.6100469
   -44.6018797  -22.6071458
   -44.6024889  -22.6077564
   -44.6023292  -22.6112678
   -44.6043281  -22.6139519
   -44.6093628  -22.6165853
   -44.6118533  -22.6159381
   -44.6144375  -22.6138933
   -44.6221286  -22.6052775
   -44.6229578  -22.6067192
   -44.6263228  -22.6066617
   -44.6278822  -22.60797  
   -44.6292983  -22.6072575
   -44.63138    -22.6089953
   -44.6342089  -22.6090853
   -44.6378158  -22.6074533
   -44.6394058  -22.6077589
   -44.6430769  -22.60466  
   -44.6448278  -22.6042797
   -44.6456822  -22.6028958
   -44.6440739  -22.6000578
   -44.643015   -22.599995 
   -44.6444394  -22.5961372
   -44.6439872  -22.5927531
   -44.6462931  -22.5885839
   -44.6466869  -22.58415  
   -44.64607    -22.5810344
   -44.6419347  -22.5771444
   -44.6425781  -22.5710492
   -44.6417753  -22.5664578
   -44.6424653  -22.5640061
   -44.6413508  -22.5613592
   -44.6412964  -22.55888  
   -44.6439944  -22.5551083
   -44.6476519  -22.5520036
   -44.6499194  -22.5565228
   -44.6512794  -22.5552289
   -44.6552172  -22.5536789
   -44.6568114  -22.5542142
   -44.6589647  -22.5537503
   -44.6610992  -22.5504458
   -44.6653797  -22.5530992
   -44.66744    -22.5535844
   -44.6744897  -22.5608519
   -44.6769936  -22.56101  
   -44.6784108  -22.5584108
   -44.6771603  -22.5546256
   -44.6766908  -22.5470383
   -44.6758228  -22.5444236
   -44.6744892  -22.5424567
   -44.671185   -22.54062  
   -44.669495   -22.5388144
   -44.6705739  -22.5361744
   -44.6783194  -22.530125 
   -44.6803875  -22.5252014
   -44.6861033  -22.5235283
   -44.688129   -22.5198245
   -44.6898294  -22.5184008
   -44.69551    -22.5177794
   -44.6961331  -22.5148975
   -44.6977325  -22.5128589
   -44.69919    -22.5110008
   -44.7007147  -22.5106317
   -44.7041597  -22.5121089
   -44.7082519  -22.5122333
   -44.7103253  -22.5136778
   -44.7126614  -22.5136931
   -44.713745   -22.5144322
   -44.7152675  -22.5137497
   -44.7159836  -22.5096367
   -44.7139028  -22.5099661
   -44.7123522  -22.5091761
   -44.71375    -22.5044139
   -44.7126311  -22.5024364
   -44.7096553  -22.4999225
   -44.7104658  -22.4994667
   -44.7120764  -22.4928861
   -44.7149103  -22.4929647
   -44.7201308  -22.4918417
   -44.7210781  -22.4899183
   -44.7212408  -22.4855428
   -44.7218858  -22.4839878
   -44.7234558  -22.4836289
   -44.7221925  -22.4787739
   -44.7230142  -22.4763078
   -44.7226917  -22.4752139
   -44.7207436  -22.4722981
   -44.7203836  -22.4703997
   -44.7177858  -22.4705353
   -44.7173281  -22.4678456
   -44.7189656  -22.4662356
   -44.7191278  -22.4632286
   -44.72255    -22.4619278
   -44.7229356  -22.4582153
   -44.7239819  -22.4559111
   -44.7236289  -22.4510328
   -44.7282547  -22.4479364
   -44.7283283  -22.4451544
   -44.7302678  -22.4414883
   -44.7297769  -22.4396306
   -44.7330931  -22.4356775
   -44.7330678  -22.4331075
   -44.7369081  -22.4296036
   -44.73999    -22.4252433
   -44.7488356  -22.4202836
   -44.7508783  -22.4170792
   -44.7517658  -22.4170481
   -44.7546694  -22.4144397
   -44.7600775  -22.4160244
   -44.7695414  -22.4146561
   -44.7736144  -22.4115211
   -44.7760989  -22.4105411
   -44.7783539  -22.4080917
   -44.7875483  -22.4072239
   -44.7940053  -22.4077814
   -44.8001069  -22.4062903
   -44.8031883  -22.4033614
   -44.8088058  -22.4048053
   -44.808      -22.414    
   -44.824      -22.419    
   -44.833      -22.431    
   -44.844      -22.427    
   -44.854      -22.428    
   -44.859      -22.423    
   -44.872      -22.424    
   -44.875      -22.428    
   -44.889      -22.432    
   -44.897      -22.452    
   -44.908      -22.452    
   -44.936      -22.453    
   -44.94       -22.452    
   -44.959      -22.466    
   -44.965      -22.475    
   -44.991      -22.466    
   -45.001      -22.468    
   -45.009      -22.466    
   -45.022      -22.468    
   -45.027      -22.47     
   -45.025      -22.464    
   -45.028      -22.463    
   -45.04       -22.469    
   -45.06       -22.472    
   -45.082      -22.486    
   -45.091      -22.483    
   -45.103      -22.49     
   -45.124      -22.497    
   -45.15       -22.507    
   -45.16       -22.516    
   -45.166      -22.53     
   -45.164      -22.537    
   -45.178      -22.549    
   -45.223      -22.563    
   -45.226      -22.567    
   -45.227      -22.567    
   -45.26       -22.583    
   -45.257      -22.59     
   -45.26       -22.598    
   -45.264      -22.604    
   -45.261      -22.607    
   -45.269      -22.611    
   -45.275      -22.616    
   -45.293      -22.613    
   -45.324      -22.616    
   -45.333      -22.617    
   -45.335      -22.622    
   -45.349      -22.626    
   -45.361      -22.638    
   -45.37       -22.637    
   -45.386      -22.648    
   -45.4        -22.653    
   -45.41       -22.651    
   -45.408      -22.633    
   -45.413      -22.628    
   -45.412      -22.623    
   -45.421      -22.621    
   -45.433      -22.619    
   -45.437      -22.611    
   -45.448      -22.604    
   -45.451      -22.606    
   -45.473      -22.588    
   -45.481      -22.591    
   -45.474      -22.599    
   -45.488      -22.628    
   -45.5        -22.625    
   -45.524      -22.646    
   -45.533      -22.646    
   -45.539      -22.652    
   -45.552      -22.653    
   -45.573      -22.656    
   -45.58       -22.652    
   -45.584      -22.651    
   -45.582      -22.644    
   -45.577      -22.64     
   -45.572      -22.641    
   -45.555      -22.626    
   -45.563      -22.612    
   -45.572      -22.609    
   -45.576      -22.601    
   -45.588      -22.61     
   -45.584      -22.615    
   -45.59       -22.619    
   -45.605      -22.62     
   -45.618      -22.637    
   -45.647      -22.648    
   -45.664      -22.65     
   -45.669      -22.649    
   -45.681      -22.636    
   -45.674      -22.63     
   -45.675      -22.626    
   -45.666      -22.612    
   -45.668      -22.609    
   -45.664      -22.6      
   -45.658      -22.598    
   -45.663      -22.586    
   -45.659      -22.58     
   -45.662      -22.576    
   -45.675      -22.575    
   -45.678      -22.573    
   -45.695      -22.586    
   -45.716      -22.577    
   -45.717      -22.582    
   -45.724      -22.586    
   -45.729      -22.591    
   -45.727      -22.594    
   -45.734      -22.597    
   -45.737      -22.608    
   -45.729      -22.613    
   -45.73       -22.618    
   -45.717      -22.621    
   -45.708      -22.639    
   -45.699      -22.642    
   -45.698      -22.649    
   -45.694      -22.651    
   -45.708      -22.659    
   -45.716      -22.662    
   -45.732      -22.656    
   -45.742      -22.659    
   -45.747      -22.664    
   -45.75       -22.671    
   -45.755      -22.671    
   -45.761      -22.677    
   -45.778      -22.683    
   -45.787      -22.693    
   -45.811      -22.698    
   -45.818      -22.711    
   -45.819      -22.722    
   -45.816      -22.727    
   -45.805      -22.736    
   -45.795      -22.739    
   -45.756      -22.721    
   -45.728      -22.723    
   -45.73       -22.727    
   -45.718      -22.746    
   -45.712      -22.769    
   -45.716      -22.779    
   -45.722      -22.779    
   -45.729      -22.785    
   -45.73       -22.799    
   -45.722      -22.802    
   -45.72       -22.808    
   -45.714      -22.808    
   -45.713      -22.814    
   -45.722      -22.816    
   -45.728      -22.81     
   -45.741      -22.807    
   -45.745      -22.794    
   -45.754      -22.792    
   -45.759      -22.801    
   -45.771      -22.805    
   -45.768      -22.835    
   -45.767      -22.842    
   -45.781      -22.855    
   -45.792      -22.857    
   -45.8        -22.847    
   -45.804      -22.832    
   -45.809      -22.829    
   -45.816      -22.834    
   -45.823      -22.829    
   -45.829      -22.834    
   -45.841      -22.833    
   -45.848      -22.837    
   -45.85       -22.846    
   -45.857      -22.851    
   -45.857      -22.86     
   -45.863      -22.868    
   -45.871      -22.871    
   -45.879      -22.875    
   -45.888      -22.875    
   -45.887      -22.871    
   -45.89       -22.857    
   -45.894      -22.857    
   -45.891      -22.844    
   -45.894      -22.839    
   -45.905      -22.834    
   -45.908      -22.829    
   -45.904      -22.819    
   -45.912      -22.816    
   -45.922      -22.824    
   -45.924      -22.831    
   -45.937      -22.845    
   -45.95       -22.845    
   -45.956      -22.85     
   -45.96       -22.857    
   -45.964      -22.855    
   -45.976      -22.865    
   -45.992      -22.869    
   -45.992      -22.877    
   -46.001      -22.879    
   -46.008      -22.889    
   -46.0238332  -22.8848334
   -46.027      -22.884    
   -46.0324885  -22.8867443
   -46.0447704  -22.8928853
   -46.051      -22.896    
   -46.075      -22.89     
   -46.095      -22.894    
   -46.108      -22.905    
   -46.123      -22.909    
   -46.139      -22.922    
   -46.154      -22.912    
   -46.147      -22.907    
   -46.136      -22.89     
   -46.142      -22.88     
   -46.144      -22.858    
   -46.155      -22.864    
   -46.185      -22.869    
   -46.192      -22.865    
   -46.199      -22.87     
   -46.234      -22.881    
   -46.238      -22.894    
   -46.248      -22.889    
   -46.258      -22.89     
   -46.262      -22.878    
   -46.266      -22.875    
   -46.271      -22.877    
   -46.279      -22.878    
   -46.295      -22.897    
   -46.299      -22.896    
   -46.314      -22.887    
   -46.336      -22.896    
   -46.344      -22.904    
   -46.35       -22.899    
   -46.356      -22.9      
   -46.373      -22.879    
   -46.377      -22.879    
   -46.375      -22.871    
   -46.384      -22.869    
   -46.38       -22.864    
   -46.372      -22.86     
   -46.373      -22.846    
   -46.37       -22.835    
   -46.376      -22.827    
   -46.374      -22.82     
   -46.374      -22.817    
   -46.361      -22.788    
   -46.352      -22.785    
   -46.348      -22.777    
   -46.343      -22.777    
   -46.341      -22.769    
   -46.332      -22.766    
   -46.334      -22.76     
   -46.354      -22.757    
   -46.36       -22.761    
   -46.373      -22.746    
   -46.381      -22.744    
   -46.385      -22.74     
   -46.393      -22.743    
   -46.406      -22.74     
   -46.421      -22.732    
   -46.426      -22.735    
   -46.436      -22.731    
   -46.439      -22.726    
   -46.452      -22.727    
   -46.458      -22.707    
   -46.463      -22.706    
   -46.468      -22.701    
   -46.473      -22.704    
   -46.478      -22.699    
   -46.47       -22.693    
   -46.471      -22.692    
   -46.478      -22.685    
   -46.48       -22.678    
   -46.469      -22.673    
   -46.461      -22.676    
   -46.455      -22.671    
   -46.44       -22.668    
   -46.427      -22.661    
   -46.42       -22.664    
   -46.413      -22.659    
   -46.405      -22.662    
   -46.408      -22.669    
   -46.405      -22.672    
   -46.393      -22.662    
   -46.392      -22.653    
   -46.396      -22.645    
   -46.406      -22.64     
   -46.42       -22.638    
   -46.424      -22.633    
   -46.423      -22.624    
   -46.404      -22.62     
   -46.424      -22.599    
   -46.412      -22.585    
   -46.428      -22.583    
   -46.433      -22.573    
   -46.411      -22.554    
   -46.407      -22.539    
   -46.411      -22.536    
   -46.417      -22.547    
   -46.426      -22.547    
   -46.44       -22.54     
   -46.439      -22.534    
   -46.449      -22.53     
   -46.453      -22.522    
   -46.455      -22.521    
   -46.464      -22.522    
   -46.466      -22.518    
   -46.484      -22.519    
   -46.491      -22.51     
   -46.495      -22.511    
   -46.505      -22.517    
   -46.507      -22.506    
   -46.516      -22.504    
   -46.516      -22.503    
   -46.528      -22.499    
   -46.542      -22.494    
   -46.536      -22.487    
   -46.53       -22.47     
   -46.543      -22.467    
   -46.549      -22.469    
   -46.551      -22.459    
   -46.548      -22.455    
   -46.554      -22.446    
   -46.561      -22.446    
   -46.572      -22.453    
   -46.573      -22.445    
   -46.581      -22.441    
   -46.585      -22.439    
   -46.591      -22.438    
   -46.603      -22.443    
   -46.611      -22.435    
   -46.616      -22.438    
   -46.631      -22.435    
   -46.639      -22.425    
   -46.647      -22.428    
   -46.666      -22.413    
   -46.668      -22.406    
   -46.663      -22.391    
   -46.666      -22.381    
   -46.66       -22.366    
   -46.662      -22.365    
   -46.675      -22.369    
   -46.679      -22.364    
   -46.682      -22.357    
   -46.687      -22.357    
   -46.687      -22.349    
   -46.69       -22.346    
   -46.694      -22.348    
   -46.693      -22.343    
   -46.697      -22.343    
   -46.695      -22.335    
   -46.698      -22.332    
   -46.701      -22.321    
   -46.71       -22.319    
   -46.711      -22.312    
   -46.718      -22.316    
   -46.723      -22.306    
   -46.715      -22.306    
   -46.705      -22.295    
   -46.71       -22.285    
   -46.702      -22.277    
   -46.71       -22.269    
   -46.71       -22.263    
   -46.703      -22.255    
   -46.694      -22.246    
   -46.688      -22.248    
   -46.693      -22.237    
   -46.683      -22.227    
   -46.678      -22.223    
   -46.68       -22.216    
   -46.677      -22.201    
   -46.67       -22.184    
   -46.671      -22.178    
   -46.674      -22.176    
   -46.669      -22.175    
   -46.663      -22.18     
   -46.65       -22.177    
   -46.645      -22.18     
   -46.64       -22.164    
   -46.64       -22.157    
   -46.613      -22.15     
   -46.607      -22.141    
   -46.601      -22.139    
   -46.598      -22.136    
   -46.603      -22.132    
   -46.616      -22.13     
   -46.623      -22.109    
   -46.634      -22.107    
   -46.645      -22.094    
   -46.65       -22.091    
   -46.67       -22.097    
   -46.68       -22.09     
   -46.687      -22.093    
   -46.693      -22.09     
   -46.7        -22.095    
   -46.715      -22.091    
   -46.719      -22.083    
   -46.723      -22.076    
   -46.716      -22.073    
   -46.709      -22.074    
   -46.706      -22.078    
   -46.696      -22.072    
   -46.684      -22.073    
   -46.664      -22.068    
   -46.658      -22.06     
   -46.676      -22.055    
   -46.679      -22.048    
   -46.681      -22.045    
   -46.685      -22.037    
   -46.68       -22.026    
   -46.675      -22.022    
   -46.662      -22.023    
   -46.654      -22.017    
   -46.649      -22.009    
   -46.64       -22.008    
   -46.628      -22.015    
   -46.615      -22.017    
   -46.612      -22.004    
   -46.618      -21.994    
   -46.622      -21.995    
   -46.631      -21.981    
   -46.637      -21.98     
   -46.644      -21.974    
   -46.653      -21.953    
   -46.653      -21.941    
   -46.667      -21.932    
   -46.665      -21.92     
   -46.673      -21.908    
   -46.663      -21.898    
   -46.653      -21.896    
   -46.647      -21.88     
   -46.653      -21.88     
   -46.657      -21.874    
   -46.666      -21.85     
   -46.677      -21.85     
   -46.68       -21.846    
   -46.68       -21.845    
   -46.685      -21.843    
   -46.69       -21.837    
   -46.685      -21.828    
   -46.67       -21.816    
   -46.667      -21.806    
   -46.651      -21.789    
   -46.654      -21.779    
   -46.646      -21.776    
   -46.639      -21.768    
   -46.63       -21.768    
   -46.626      -21.766    
   -46.629      -21.744    
   -46.63       -21.74     
   -46.625      -21.734    
   -46.628      -21.729    
   -46.622      -21.715    
   -46.629      -21.704    
   -46.629      -21.696    
   -46.623      -21.692    
   -46.621      -21.675    
   -46.577      -21.685    
   -46.565      -21.679    
   -46.566      -21.659    
   -46.556      -21.652    
   -46.555      -21.653    
   -46.548      -21.649    
   -46.553      -21.638    
   -46.547      -21.63     
   -46.534      -21.628    
   -46.534      -21.621    
   -46.518      -21.612    
   -46.516      -21.606    
   -46.524      -21.601    
   -46.518      -21.593    
   -46.522      -21.584    
   -46.512      -21.572    
   -46.512      -21.566    
   -46.502      -21.561    
   -46.5        -21.554    
   -46.51       -21.537    
   -46.511      -21.535    
   -46.52       -21.535    
   -46.521      -21.531    
   -46.524      -21.521    
   -46.516      -21.511    
   -46.519      -21.5      
   -46.508      -21.489    
   -46.512      -21.477    
   -46.509      -21.469    
   -46.519      -21.462    
   -46.52       -21.447    
   -46.528      -21.445    
   -46.535      -21.449    
   -46.547      -21.44     
   -46.548      -21.44     
   -46.561      -21.441    
   -46.57       -21.436    
   -46.576      -21.426    
   -46.601      -21.443    
   -46.615      -21.441    
   -46.62       -21.435    
   -46.616      -21.43     
   -46.62       -21.426    
   -46.618      -21.421    
   -46.626      -21.411    
   -46.637      -21.41     
   -46.638      -21.402    
   -46.647      -21.393    
   -46.647      -21.379    
   -46.648      -21.375    
   -46.644      -21.372    
   -46.647      -21.364    
   -46.659      -21.363    
   -46.666      -21.361    
   -46.673      -21.374    
   -46.684      -21.376    
   -46.692      -21.382    
   -46.693      -21.39     
   -46.706      -21.404    
   -46.714      -21.392    
   -46.72       -21.389    
   -46.7240711  -21.3909992
   -46.734      -21.394    
   -46.753      -21.381    
   -46.762      -21.374    
   -46.758      -21.362    
   -46.764      -21.36     
   -46.776      -21.362    
   -46.781      -21.37     
   -46.786      -21.368    
   -46.791      -21.373    
   -46.819      -21.366    
   -46.83       -21.366    
   -46.836      -21.37     
   -46.835      -21.382    
   -46.842      -21.389    
   -46.855      -21.389    
   -46.858      -21.394    
   -46.865      -21.395    
   -46.868      -21.403    
   -46.884      -21.406    
   -46.893      -21.415    
   -46.9        -21.413    
   -46.908      -21.421    
   -46.916      -21.42     
   -46.92       -21.427    
   -46.925      -21.422    
   -46.934      -21.425    
   -46.949      -21.419    
   -46.956      -21.424    
   -46.962      -21.419    
   -46.97       -21.422    
   -46.974      -21.417    
   -46.981      -21.426    
   -46.984      -21.426    
   -46.986      -21.421    
   -46.992      -21.425    
   -46.9962614  -21.4225649
   -46.999      -21.421    
   -47.011      -21.422    
   -47.012      -21.416    
   -47.007      -21.41     
   -47.016      -21.397    
   -47.014      -21.393    
   -47.008      -21.392    
   -47.004      -21.383    
   -47.009      -21.37     
   -46.996      -21.357    
   -46.998      -21.349    
   -47.003      -21.349    
   -47.018      -21.34     
   -47.023      -21.328    
   -47.021      -21.321    
   -47.023      -21.319    
   -47.027      -21.315    
   -47.03       -21.311    
   -47.035      -21.311    
   -47.029      -21.299    
   -47.042      -21.289    
   -47.039      -21.28     
   -47.044      -21.267    
   -47.051      -21.257    
   -47.052      -21.25     
   -47.052      -21.246    
   -47.063      -21.239    
   -47.077      -21.24     
   -47.078      -21.23     
   -47.072      -21.225    
   -47.068      -21.214    
   -47.061      -21.21     
   -47.065      -21.207    
   -47.086      -21.207    
   -47.095      -21.209    
   -47.098      -21.214    
   -47.102      -21.2      
   -47.118      -21.185    
   -47.118      -21.175    
   -47.123      -21.167    
   -47.117      -21.153    
   -47.118      -21.149    
   -47.126      -21.144    
   -47.133      -21.133    
   -47.126      -21.125    
   -47.126      -21.121    
   -47.121      -21.112    
   -47.112      -21.108    
   -47.113      -21.104    
   -47.128      -21.099    
   -47.137      -21.088    
   -47.142      -21.088    
   -47.14       -21.08     
   -47.14       -21.078    
   -47.139      -21.069    
   -47.146      -21.059    
   -47.147      -21.035    
   -47.157      -21.018    
   -47.151      -21.01     
   -47.15       -20.997    
   -47.143      -20.982    
   -47.149      -20.969    
   -47.164      -20.966    
   -47.168      -20.956    
   -47.181      -20.953    
   -47.192      -20.942    
   -47.19       -20.928    
   -47.21       -20.924    
   -47.224      -20.911    
   -47.24       -20.885    
   -47.227      -20.856    
   -47.227      -20.855    
   -47.214      -20.827    
   -47.214      -20.823    
   -47.224      -20.8      
   -47.213      -20.792    
   -47.207      -20.775    
   -47.195      -20.774    
   -47.188      -20.77     
   -47.187      -20.761    
   -47.182      -20.741    
   -47.175      -20.739    
   -47.186      -20.731    
   -47.169      -20.717    
   -47.173      -20.711    
   -47.165      -20.701    
   -47.149      -20.707    
   -47.115      -20.707    
   -47.112      -20.696    
   -47.101      -20.683    
   -47.102      -20.669    
   -47.096      -20.661    
   -47.095      -20.653    
   -47.096      -20.644    
   -47.112      -20.638    
   -47.111      -20.63     
   -47.108      -20.62     
   -47.123      -20.612    
   -47.125      -20.605    
   -47.122      -20.594    
   -47.125      -20.59     
   -47.132      -20.59     
   -47.135      -20.58     
   -47.142      -20.565    
   -47.137      -20.561    
   -47.1416617  -20.5443637
   -47.14618    -20.5409898
   -47.145582   -20.5340722
   -47.1509316  -20.5286019
   -47.1494664  -20.5262116
   -47.150648   -20.5236885
   -47.1517824  -20.5209441
   -47.1557015  -20.5188672
   -47.1644967  -20.5183323
   -47.1696486  -20.516119 
   -47.1738079  -20.5156763
   -47.1791962  -20.5134629
   -47.1845199  -20.5127787
   -47.195739   -20.5036351
   -47.2011965  -20.5025495
   -47.2090205  -20.5025726
   -47.2130324  -20.4984582
   -47.2189462  -20.4951348
   -47.2203642  -20.4923013
   -47.2232509  -20.4906172
   -47.2298172  -20.4866379
   -47.2361644  -20.4847071
   -47.2412039  -20.4824743
   -47.2435193  -20.480369 
   -47.2470606  -20.4798586
   -47.2493871  -20.4764466
   -47.2532043  -20.4764258
   -47.2535983  -20.4750738
   -47.2556413  -20.473734 
   -47.2556413  -20.4718839
   -47.2576843  -20.4700974
   -47.2586595  -20.4678724
   -47.2638815  -20.4669074
   -47.2653797  -20.4643553
   -47.2668098  -20.4658865
   -47.2694086  -20.4655534
   -47.2721898  -20.4617393
   -47.2748458  -20.4603994
   -47.278387   -20.4599528
   -47.2776379  -20.4578472
   -47.2787275  -20.4565711
   -47.2812473  -20.4566349
   -47.2834946  -20.4549759
   -47.2911362  -20.4477029
   -47.2907061  -20.4448942
   -47.289147   -20.4432988
   -47.286      -20.442    
   -47.2875126  -20.4380661
   -47.2865914  -20.4355743
   -47.2864229  -20.43328  
   -47.2895556  -20.43328  
   -47.29119    -20.4319398
   -47.294      -20.431    
   -47.2927703  -20.4289205
   -47.2929153  -20.426693 
   -47.2955597  -20.4262656
   -47.2956077  -20.4245902
   -47.292596   -20.4222628
   -47.2914192  -20.4224671
   -47.2886538  -20.4203873
   -47.2894579  -20.4196896
   -47.2920294  -20.4194445
   -47.2936538  -20.4172648
   -47.2896758  -20.4165444
   -47.287477   -20.4146732
   -47.2885862  -20.410499 
   -47.2886513  -20.408183 
   -47.2864505  -20.4090693
   -47.2851866  -20.4057196
   -47.2858281  -20.4028758
   -47.2915666  -20.3974281
   -47.2878257  -20.3934494
   -47.2894579  -20.3893789
   -47.2871043  -20.388521 
   -47.2876102  -20.3868774
   -47.2898501  -20.3861923
   -47.2923345  -20.3873771
   -47.293      -20.385    
   -47.2916371  -20.3838636
   -47.2907654  -20.3821068
   -47.2929202  -20.3814883
   -47.2942179  -20.3806128
   -47.2935548  -20.3783071
   -47.2936856  -20.3747525
   -47.2943393  -20.373772 
   -47.2939035  -20.3708302
   -47.292523   -20.3691011
   -47.2948624  -20.3684195
   -47.2950872  -20.3674065
   -47.2932061  -20.3664173
   -47.2937727  -20.3645378
   -47.2925206  -20.3626107
   -47.2949495  -20.3598387
   -47.2966929  -20.3567332
   -47.2956033  -20.3548535
   -47.295429   -20.3524017
   -47.2964314  -20.3512575
   -47.2950803  -20.3499907
   -47.2953854  -20.3491326
   -47.2969108  -20.3484379
   -47.2979564  -20.3471418
   -47.2967801  -20.3456591
   -47.2949495  -20.3454547
   -47.2949059  -20.3439427
   -47.2937727  -20.3431662
   -47.2934677  -20.3407551
   -47.2908962  -20.3383031
   -47.290809   -20.3364641
   -47.2893923  -20.335447 
   -47.2888232  -20.3327957
   -47.286712   -20.3329494
   -47.2845642  -20.3312644
   -47.2844021  -20.3290668
   -47.2834868  -20.3275955
   -47.2852302  -20.3249797
   -47.2839662  -20.3233449
   -47.2843462  -20.3209591
   -47.2843898  -20.3143242
   -47.2824843  -20.3141077
   -47.2813511  -20.3125136
   -47.2819589  -20.3091388
   -47.2816998  -20.3034801
   -47.2796949  -20.3005779
   -47.2767861  -20.2934447
   -47.2762967  -20.2906398
   -47.2748486  -20.288816 
   -47.2721594  -20.2874578
   -47.2723663  -20.2854786
   -47.2705873  -20.2846637
   -47.2686014  -20.2845473
   -47.2685863  -20.283009 
   -47.2659535  -20.2831114
   -47.2642986  -20.281986 
   -47.2639173  -20.2796119
   -47.260782   -20.2789978
   -47.2602441  -20.27469  
   -47.2581341  -20.2746512
   -47.257679   -20.2702269
   -47.252      -20.263    
   -47.2491563  -20.2628916
   -47.2470757  -20.262242 
   -47.2482874  -20.258661 
   -47.2453086  -20.2548185
   -47.2409231  -20.2509758
   -47.2421643  -20.247133 
   -47.240137   -20.2439113
   -47.232      -20.227    
   -47.231      -20.219    
   -47.244      -20.205    
   -47.254      -20.194    
   -47.257      -20.184    
   -47.257      -20.166    
   -47.268      -20.156    
   -47.271      -20.155    
   -47.293      -20.148    
   -47.309      -20.124    
   -47.3349718  -20.1131225
   -47.341      -20.111    
   -47.347      -20.105    
   -47.358      -20.104    
   -47.374      -20.083    
   -47.405      -20.082    
   -47.411      -20.074    
   -47.418      -20.064    
   -47.44       -20.048    
   -47.444      -20.027    
   -47.431      -20.021    
   -47.425      -20.017    
   -47.425      -20.013    
   -47.437      -19.997    
   -47.45       -19.987    
   -47.468      -19.961    
   -47.474      -19.962    
   -47.481      -19.968    
   -47.497      -19.971    
   -47.508      -19.982    
   -47.54       -19.984    
   -47.5470519  -19.9911083
   -47.552      -19.996    
   -47.58       -19.995    
   -47.592      -20.007    
   -47.594      -20.025    
   -47.608      -20.037    
   -47.614      -20.042    
   -47.624      -20.042    
   -47.634      -20.049    
   -47.649      -20.038    
   -47.67       -20.022    
   -47.675      -20.012    
   -47.676      -20.001    
   -47.704      -19.979    
   -47.712      -19.978    
   -47.733      -19.987    
   -47.751      -19.99     
   -47.765      -19.985    
   -47.782      -19.985    
   -47.8        -19.985    
   -47.836      -19.995    
   -47.852      -19.989    
   -47.859      -19.992    
   -47.871      -20.011    
   -47.875      -20.021    
   -47.876      -20.028    
   -47.871      -20.039    
   -47.86       -20.047    
   -47.86       -20.054    
   -47.869      -20.061    
   -47.869      -20.076    
   -47.879      -20.104    
   -47.893      -20.123    
   -47.899      -20.125    
   -47.934      -20.107    
   -47.943      -20.092    
   -47.948      -20.055    
   -47.976      -20.035    
   -47.981      -20.036    
   -47.984      -20.037    
   -47.991      -20.046    
   -47.989      -20.072    
   -48.002      -20.104    
   -48.008      -20.11     
   -48.019      -20.12     
   -48.038      -20.117    
   -48.049      -20.137    
   -48.07       -20.146    
   -48.082      -20.148    
   -48.113      -20.143    
   -48.126      -20.131    
   -48.147      -20.124    
   -48.158      -20.103    
   -48.161      -20.102    
   -48.167      -20.103    
   -48.178      -20.096    
   -48.182      -20.074    
   -48.203      -20.045    
   -48.207      -20.039    
   -48.223      -20.029    
   -48.24       -20.029    
   -48.247      -20.035    
   -48.244      -20.047    
   -48.253      -20.077    
   -48.25       -20.085    
   -48.219      -20.115    
   -48.217      -20.125    
   -48.224      -20.133    
   -48.237      -20.135    
   -48.241      -20.14     
   -48.265      -20.143    
   -48.283      -20.138    
   -48.295      -20.124    
   -48.317      -20.113    
   -48.339      -20.114    
   -48.353      -20.121    
   -48.378      -20.122    
   -48.405      -20.113    
   -48.439      -20.12     
   -48.451      -20.125    
   -48.465      -20.128    
   -48.491      -20.138    
   -48.514      -20.137    
   -48.537      -20.133    
   -48.554      -20.13     
   -48.582      -20.132    
   -48.6        -20.139    
   -48.626      -20.16     
   -48.646      -20.167    
   -48.665      -20.166    
   -48.674      -20.161    
   -48.692      -20.162    
   -48.693      -20.162    
   -48.707      -20.16     
   -48.729      -20.15     
   -48.753      -20.153    
   -48.781      -20.163    
   -48.825      -20.161    
   -48.832      -20.164    
   -48.844      -20.173    
   -48.855      -20.18     
   -48.857      -20.199    
   -48.853      -20.209    
   -48.856      -20.226    
   -48.872      -20.241    
   -48.885      -20.266    
   -48.888      -20.294    
   -48.875      -20.315    
   -48.88       -20.348    
   -48.869      -20.379    
   -48.867      -20.398    
   -48.878      -20.429    
   -48.886      -20.436    
   -48.899      -20.441    
   -48.949      -20.411    
   -48.963      -20.403    
   -48.968      -20.393    
   -48.97       -20.386    
   -48.966      -20.368    
   -48.964      -20.283    
   -48.961      -20.263    
   -48.972      -20.207    
   -48.984      -20.173    
   -48.992      -20.165    
   -49.014      -20.154    
   -49.032      -20.15     
   -49.059      -20.151    
   -49.067      -20.154    
   -49.089      -20.212    
   -49.115      -20.26     
   -49.12       -20.27     
   -49.145      -20.29     
   -49.17       -20.306    
   -49.172      -20.312    
   -49.183      -20.314    
   -49.191      -20.307    
   -49.205      -20.304    
   -49.228      -20.303    
   -49.259      -20.258    
   -49.259      -20.248    
   -49.266      -20.228    
   -49.299      -20.167    
   -49.305      -20.116    
   -49.308      -20.103    
   -49.308      -20.077    
   -49.296      -20.015    
   -49.283      -20.004    
   -49.262      -20.006    
   -49.254      -20.003    
   -49.248      -19.999    
   -49.246      -19.985    
   -49.249      -19.969    
   -49.265      -19.962    
   -49.297      -19.96     
   -49.311      -19.964    
   -49.332      -19.98     
   -49.356      -19.986    
   -49.444      -19.98     
   -49.458      -19.975    
   -49.487      -19.955    
   -49.496      -19.939    
   -49.503      -19.919    
   -49.528      -19.91     
   -49.551      -19.905    
   -49.559      -19.911    
   -49.583      -19.91     
   -49.613      -19.92     
   -49.634      -19.931    
   -49.676      -19.932    
   -49.677      -19.929    
   -49.681      -19.93     
   -49.712      -19.931    
   -49.749      -19.924    
   -49.782      -19.924    
   -49.793      -19.928    
   -49.835      -19.933    
   -49.855      -19.946    
   -49.891      -19.943    
   -49.906      -19.937    
   -49.962      -19.92     
   -50.012      -19.926    
   -50.038      -19.918    
   -50.044      -19.916    
   -50.055      -19.906    
   -50.079      -19.886    
   -50.103      -19.874    
   -50.13       -19.873    
   -50.142      -19.875    
   -50.16       -19.878    
   -50.171      -19.875    
   -50.201      -19.866    
   -50.215      -19.866    
   -50.22       -19.868    
   -50.245      -19.876    
   -50.285      -19.867    
   -50.311      -19.873    
   -50.337      -19.869    
   -50.352      -19.864    
   -50.357      -19.854    
   -50.367      -19.847    
   -50.37       -19.845    
   -50.411      -19.806    
   -50.417      -19.801    
   -50.437      -19.794    
   -50.454      -19.786    
   -50.471      -19.779    
   -50.486      -19.785    
   -50.498      -19.795    
   -50.517      -19.796    
   -50.531      -19.802    
   -50.548      -19.811    
   -50.562      -19.813    
   -50.574      -19.814    
   -50.586      -19.826    
   -50.605      -19.856    
   -50.614      -19.861    
   -50.636      -19.875    
   -50.658      -19.907    
   -50.676      -19.912    
   -50.686      -19.916    
   -50.709      -19.92     
   -50.733      -19.929    
   -50.783      -19.937    
   -50.794      -19.941    
   -50.796      -19.942    
   -50.817      -19.958    
   -50.844      -19.967    
   -50.851      -19.97     
   -50.872      -19.989    
   -50.886      -19.99     
   -50.897      -19.99     
   -50.908      -19.994    
   -50.911      -20.003    
   -50.933      -20.014    
   -50.943      -20.027    
   -50.949      -20.032    
   -50.965      -20.033    
   -51.0        -20.085    
   -51.001      -20.094    
   -51.001      -20.096    
   -51.029      -20.151    
   -51.048      -20.198    
   -51.058      -20.233    
   -51.069      -20.25     
   -51.109      -20.28     
   -51.114      -20.283    
   -51.132      -20.295    
   -51.16       -20.305    
   -51.295      -20.328    
   -51.321      -20.339    
   -51.341      -20.353    
   -51.343      -20.355    
   -51.35       -20.363    
   -51.361      -20.384    
   -51.375      -20.396    
   -51.403      -20.452    
   -51.409      -20.459    
   -51.418      -20.465    
   -51.43       -20.471    
   -51.449      -20.482    
   -51.494      -20.553    
   -51.5        -20.568    
   -51.521      -20.587    
   -51.566      -20.617    
   -51.575      -20.623    
   -51.594      -20.643    
   -51.628      -20.725    
   -51.634      -20.754    
   -51.622      -20.776    
   -51.627      -20.784    
   -51.626      -20.791    
   -51.632      -20.821    
   -51.63       -20.849    
   -51.625      -20.874    
   -51.613      -20.89     
   -51.619      -20.932    
   -51.623      -20.944    
   -51.665      -20.97     
   -51.685      -20.973    
   -51.713      -20.971    
   -51.722      -20.977    
   -51.753      -21.014    
   -51.771      -21.042    
   -51.772      -21.051    
   -51.775      -21.073    
   -51.789      -21.102    
   -51.808      -21.11     
   -51.814      -21.121    
   -51.823      -21.126    
   -51.844      -21.131    
   -51.865      -21.13     
   -51.875      -21.136    
   -51.878      -21.148    
   -51.875      -21.181    
   -51.879      -21.197    
   -51.863      -21.226    
   -51.854      -21.26     
   -51.848      -21.266    
   -51.858      -21.3      
   -51.861      -21.336    
   -51.868      -21.353    
   -51.905      -21.384    
   -51.918      -21.412    
   -51.92       -21.429    
   -51.928      -21.455    
   -51.949      -21.469    
   -51.962      -21.493    
   -51.967      -21.501    
   -51.996      -21.515    
   -52.018      -21.511    
   -52.057      -21.503    
   -52.066      -21.504    
   -52.077      -21.515    
   -52.095      -21.542    
   -52.103      -21.559    
   -52.102      -21.569    
   -52.068      -21.598    
   -52.062      -21.62     
   -52.049      -21.643    
   -52.048      -21.656    
   -52.053      -21.672    
   -52.066      -21.696    
   -52.076      -21.714    
   -52.085      -21.723    
   -52.103      -21.746    
   -52.14       -21.755    
   -52.161      -21.77     
   -52.162      -21.773    
   -52.183      -21.814    
   -52.183      -21.826    
   -52.19       -21.846    
   -52.233      -21.883    
   -52.248      -21.902    
   -52.258      -21.905    
   -52.263      -21.912    
   -52.274      -21.914    
   -52.301      -21.942    
   -52.319      -21.972    
   -52.345      -22.062    
   -52.377      -22.106    
   -52.391      -22.114    
   -52.396      -22.118    
   -52.408      -22.141    
   -52.456      -22.185    
   -52.479      -22.2      
   -52.484      -22.213    
   -52.489      -22.218    
   -52.503      -22.225    
   -52.523      -22.229    
   -52.551      -22.243    
   -52.579      -22.251    
   -52.601      -22.271    
   -52.629      -22.282    
   -52.645      -22.298    
   -52.655      -22.303    
   -52.695      -22.314    
   -52.724      -22.335    
   -52.745      -22.343    
   -52.798      -22.378    
   -52.81       -22.39     
   -52.839      -22.415    
   -52.854      -22.439    
   -52.895      -22.456    
   -52.948      -22.473    
   -52.955      -22.475    
   -52.998      -22.493    
   -53.005      -22.509    
   -53.014      -22.52     
   -53.039      -22.527    
   -53.058      -22.536    
   -53.077      -22.553    
   -53.107      -22.595    
   -53.109      -22.604    
   -53.108      -22.615    
   -53.105      -22.621    
   -53.094      -22.638    
   -53.087      -22.658    
   -53.074      -22.641    
   -53.055      -22.632    
   -53.038      -22.618    
   -53.024      -22.604    
   -53.014      -22.599    
   -53.011      -22.598    
   -52.984      -22.576    
   -52.972      -22.57     
   -52.928      -22.565    
   -52.905      -22.572    
   -52.854      -22.608    
   -52.844      -22.609    
   -52.815      -22.597    
   -52.782      -22.602    
   -52.779      -22.603    
   -52.75       -22.612    
   -52.722      -22.626    
   -52.701      -22.627    
   -52.663      -22.611    
   -52.604      -22.572    
   -52.589      -22.566    
   -52.581      -22.567    
   -52.567      -22.589    
   -52.54       -22.614    
   -52.537      -22.616    
   -52.523      -22.619    
   -52.502      -22.634    
   -52.49       -22.63     
   -52.467      -22.615    
   -52.445      -22.608    
   -52.421      -22.61     
   -52.405      -22.617    
   -52.37       -22.628    
   -52.305      -22.636    
   -52.289      -22.628    
   -52.278      -22.62     
   -52.26       -22.616    
   -52.25       -22.615    
   -52.24       -22.619    
   -52.228      -22.642    
   -52.228      -22.664    
   -52.224      -22.674    
   -52.213      -22.671    
   -52.197      -22.658    
   -52.182      -22.655    
   -52.156      -22.644    
   -52.162      -22.603    
   -52.152      -22.569    
   -52.148      -22.549    
   -52.135      -22.526    
   -52.127      -22.519    
   -52.109      -22.516    
   -52.089      -22.521    
   -52.056      -22.538    
   -52.032      -22.539    
   -52.028      -22.539    
   -51.998      -22.545    
   -51.96       -22.563    
   -51.94       -22.567    
   -51.901      -22.601    
   -51.89       -22.613    
   -51.873      -22.628    
   -51.855      -22.631    
   -51.847      -22.632    
   -51.774      -22.614    
   -51.753      -22.617    
   -51.745      -22.624    
   -51.734      -22.625    
   -51.732      -22.631    
   -51.725      -22.661    
   -51.718      -22.669    
   -51.699      -22.669    
   -51.681      -22.66     
   -51.662      -22.657    
   -51.63       -22.657    
   -51.627      -22.658    
   -51.615      -22.662    
   -51.591      -22.685    
   -51.581      -22.688    
   -51.572      -22.691    
   -51.559      -22.697    
   -51.548      -22.692    
   -51.537      -22.688    
   -51.525      -22.686    
   -51.517      -22.689    
   -51.498      -22.69     
   -51.471      -22.677    
   -51.453      -22.655    
   -51.446      -22.652    
   -51.424      -22.653    
   -51.411      -22.663    
   -51.402      -22.667    
   -51.386      -22.665    
   -51.373      -22.658    
   -51.359      -22.661    
   -51.344      -22.664    
   -51.333      -22.667    
   -51.311      -22.673    
   -51.298      -22.673    
   -51.281      -22.666    
   -51.265      -22.667    
   -51.242      -22.689    
   -51.235      -22.708    
   -51.234      -22.709    
   -51.215      -22.722    
   -51.213      -22.723    
   -51.187      -22.729    
   -51.179      -22.734    
   -51.175      -22.738    
   -51.156      -22.752    
   -51.103      -22.762    
   -51.057      -22.766    
   -51.008      -22.792    
   -51.004      -22.793    
   -50.994      -22.792    
   -50.978      -22.782    
   -50.961      -22.786    
   -50.945      -22.803    
   -50.937      -22.804    
   -50.927      -22.797    
   -50.895      -22.794    
   -50.888      -22.796    
   -50.842      -22.831    
   -50.832      -22.859    
   -50.823      -22.866    
   -50.817      -22.879    
   -50.796      -22.889    
   -50.792      -22.894    
   -50.793      -22.905    
   -50.806      -22.94     
   -50.795      -22.951    
   -50.777      -22.946    
   -50.758      -22.947    
   -50.75       -22.951    
   -50.74       -22.962    
   -50.729      -22.962    
   -50.709      -22.953    
   -50.684      -22.911    
   -50.675      -22.899    
   -50.657      -22.895    
   -50.648      -22.897    
   -50.637      -22.906    
   -50.62       -22.912    
   -50.608      -22.924    
   -50.591      -22.913    
   -50.577      -22.904    
   -50.554      -22.911    
   -50.541      -22.912    
   -50.53       -22.919    
   -50.526      -22.934    
   -50.513      -22.943    
   -50.506      -22.945    
   -50.485      -22.936    
   -50.459      -22.945    
   -50.448      -22.941    
   -50.431      -22.946    
   -50.425      -22.944    
   -50.418      -22.934    
   -50.419      -22.915    
   -50.416      -22.912    
   -50.396      -22.907    
   -50.386      -22.907    
   -50.379      -22.905    
   -50.359      -22.916    
   -50.359      -22.922    
   -50.345      -22.934    
   -50.34       -22.948    
   -50.318      -22.95     
   -50.306      -22.946    
   -50.3        -22.937    
   -50.29       -22.937    
   -50.273      -22.931    
   -50.254      -22.936    
   -50.251      -22.937    
   -50.246      -22.938    
   -50.244      -22.949    
   -50.237      -22.954    
   -50.227      -22.953    
   -50.216      -22.947    
   -50.203      -22.952    
   -50.192      -22.951    
   -50.183      -22.953    
   -50.168      -22.948    
   -50.151      -22.935    
   -50.133      -22.939    
   -50.127      -22.941    
   -50.113      -22.938    
   -50.094      -22.923    
   -50.08       -22.921    
   -50.071      -22.928    
   -50.067      -22.927    
   -50.058      -22.919    
   -50.052      -22.905    
   -50.047      -22.901    
   -50.031      -22.908    
   -50.018      -22.91     
   -50.004      -22.928    
   -49.994      -22.929    
   -49.99       -22.925    
   -49.996      -22.908    
   -49.998      -22.901    
   -49.995      -22.898    
   -49.986      -22.897    
   -49.965      -22.914    
   -49.961      -22.93     
   -49.966      -22.946    
   -49.974      -22.954    
   -49.972      -22.958    
   -49.954      -22.978    
   -49.93       -22.983    
   -49.919      -22.99     
   -49.913      -22.99     
   -49.9        -23.0      
   -49.9        -23.004    
   -49.905      -23.01     
   -49.909      -23.013    
   -49.913      -23.027    
   -49.916      -23.036    
   -49.911      -23.051    
   -49.896      -23.055    
   -49.886      -23.064    
   -49.879      -23.059    
   -49.871      -23.07     
   -49.85       -23.073    
   -49.833      -23.065    
   -49.827      -23.074    
   -49.819      -23.076    
   -49.812      -23.081    
   -49.809      -23.089    
   -49.806      -23.094    
   -49.795      -23.094    
   -49.791      -23.102    
   -49.778      -23.101    
   -49.762      -23.105    
   -49.747      -23.098    
   -49.74       -23.099    
   -49.727      -23.108    
   -49.725      -23.109    
   -49.734      -23.133    
   -49.73       -23.141    
   -49.717      -23.148    
   -49.716      -23.148    
   -49.716      -23.151    
   -49.709      -23.156    
   -49.701      -23.153    
   -49.703      -23.158    
   -49.698      -23.164    
   -49.678      -23.165    
   -49.683      -23.173    
   -49.677      -23.174    
   -49.666      -23.188    
   -49.653      -23.212    
   -49.654      -23.227    
   -49.649      -23.237    
   -49.644      -23.24     
   -49.647      -23.251    
   -49.64       -23.256    
   -49.635      -23.271    
   -49.627      -23.281    
   -49.631      -23.304    
   -49.623      -23.318    
   -49.621      -23.33     
   -49.629      -23.343    
   -49.636      -23.339    
   -49.637      -23.349    
   -49.633      -23.356    
   -49.611      -23.354    
   -49.595      -23.367    
   -49.596      -23.376    
   -49.59       -23.382    
   -49.591      -23.389    
   -49.603      -23.383    
   -49.621      -23.39     
   -49.618      -23.398    
   -49.605      -23.394    
   -49.598      -23.398    
   -49.604      -23.402    
   -49.603      -23.407    
   -49.593      -23.406    
   -49.589      -23.416    
   -49.579      -23.415    
   -49.58       -23.431    
   -49.575      -23.431    
   -49.569      -23.425    
   -49.566      -23.427    
   -49.572      -23.436    
   -49.569      -23.44     
   -49.572      -23.443    
   -49.58       -23.436    
   -49.59       -23.435    
   -49.595      -23.44     
   -49.603      -23.451    
   -49.597      -23.457    
   -49.602      -23.47     
   -49.599      -23.478    
   -49.615      -23.473    
   -49.613      -23.486    
   -49.621      -23.493    
   -49.613      -23.51     
   -49.621      -23.505    
   -49.629      -23.511    
   -49.624      -23.523    
   -49.6        -23.535    
   -49.605      -23.541    
   -49.598      -23.553    
   -49.6        -23.558    
   -49.608      -23.565    
   -49.601      -23.575    
   -49.602      -23.582    
   -49.61       -23.589    
   -49.616      -23.591    
   -49.619      -23.597    
   -49.621      -23.607    
   -49.617      -23.612    
   -49.613      -23.614    
   -49.613      -23.623    
   -49.606      -23.624    
   -49.608      -23.634    
   -49.617      -23.639    
   -49.603      -23.643    
   -49.602      -23.652    
   -49.585      -23.658    
   -49.585      -23.663    
   -49.58       -23.663    
   -49.583      -23.67     
   -49.579      -23.678    
   -49.574      -23.676    
   -49.575      -23.68     
   -49.568      -23.688    
   -49.561      -23.685    
   -49.561      -23.692    
   -49.556      -23.69     
   -49.555      -23.701    
   -49.549      -23.704    
   -49.555      -23.72     
   -49.553      -23.726    
   -49.548      -23.736    
   -49.551      -23.738    
   -49.564      -23.732    
   -49.567      -23.74     
   -49.563      -23.75     
   -49.573      -23.756    
   -49.56       -23.761    
   -49.564      -23.77     
   -49.566      -23.777    
   -49.57       -23.778    
   -49.565      -23.78     
   -49.559      -23.793    
   -49.563      -23.801    
   -49.56       -23.811    
   -49.562      -23.818    
   -49.576      -23.827    
   -49.587      -23.827    
   -49.593      -23.83     
   -49.592      -23.837    
   -49.586      -23.842    
   -49.598      -23.836    
   -49.608      -23.839    
   -49.595      -23.846    
   -49.597      -23.849    
   -49.608      -23.848    
   -49.61       -23.851    
   -49.599      -23.857    
   -49.602      -23.868    
   -49.594      -23.872    
   -49.591      -23.878    
   -49.585      -23.89     
   -49.573      -23.877    
   -49.577      -23.896    
   -49.568      -23.9      
   -49.563      -23.912    
   -49.554      -23.915    
   -49.557      -23.922    
   -49.546      -23.923    
   -49.535      -23.928    
   -49.532      -23.93     
   -49.53       -23.922    
   -49.522      -23.916    
   -49.511      -23.925    
   -49.514      -23.931    
   -49.508      -23.933    
   -49.512      -23.937    
   -49.524      -23.935    
   -49.521      -23.946    
   -49.513      -23.944    
   -49.503      -23.948    
   -49.505      -23.954    
   -49.499      -23.958    
   -49.513      -23.964    
   -49.516      -23.97     
   -49.51       -23.971    
   -49.507      -23.967    
   -49.5        -23.969    
   -49.493      -23.977    
   -49.495      -23.982    
   -49.498      -23.993    
   -49.492      -23.993    
   -49.486      -24.0      
   -49.486      -24.006    
   -49.48       -24.006    
   -49.483      -24.011    
   -49.491      -24.014    
   -49.486      -24.016    
   -49.49       -24.018    
   -49.487      -24.024    
   -49.481      -24.024    
   -49.479      -24.019    
   -49.474      -24.02     
   -49.473      -24.027    
   -49.463      -24.027    
   -49.462      -24.039    
   -49.451      -24.055    
   -49.437      -24.058    
   -49.439      -24.068    
   -49.429      -24.068    
   -49.435      -24.075    
   -49.429      -24.078    
   -49.43       -24.088    
   -49.404      -24.095    
   -49.407      -24.097    
   -49.405      -24.103    
   -49.409      -24.108    
   -49.393      -24.114    
   -49.389      -24.119    
   -49.386      -24.115    
   -49.378      -24.118    
   -49.37       -24.114    
   -49.368      -24.116    
   -49.362      -24.12     
   -49.364      -24.122    
   -49.363      -24.126    
   -49.341      -24.138    
   -49.336      -24.137    
   -49.336      -24.144    
   -49.332      -24.15     
   -49.34       -24.157    
   -49.339      -24.174    
   -49.346      -24.191    
   -49.341      -24.203    
   -49.355      -24.209    
   -49.355      -24.214    
   -49.35       -24.22     
   -49.322      -24.237    
   -49.319      -24.243    
   -49.312      -24.243    
   -49.305      -24.251    
   -49.308      -24.258    
   -49.302      -24.259    
   -49.298      -24.268    
   -49.301      -24.276    
   -49.295      -24.285    
   -49.298      -24.287    
   -49.288      -24.291    
   -49.29       -24.293    
   -49.286      -24.301    
   -49.283      -24.308    
   -49.274      -24.305    
   -49.254      -24.317    
   -49.253      -24.319    
   -49.25       -24.319    
   -49.248      -24.33     
   -49.231      -24.33     
   -49.224      -24.34     
   -49.205      -24.338    
   -49.2        -24.344    
   -49.237      -24.379    
   -49.253      -24.405    
   -49.25       -24.413    
   -49.243      -24.402    
   -49.237      -24.404    
   -49.235      -24.411    
   -49.24       -24.422    
   -49.252      -24.434    
   -49.25       -24.445    
   -49.253      -24.455    
   -49.245      -24.458    
   -49.245      -24.465    
   -49.248      -24.464    
   -49.246      -24.469    
   -49.253      -24.47     
   -49.254      -24.473    
   -49.263      -24.473    
   -49.265      -24.479    
   -49.271      -24.483    
   -49.269      -24.492    
   -49.295      -24.5      
   -49.294      -24.506    
   -49.286      -24.516    
   -49.287      -24.527    
   -49.28       -24.534    
   -49.282      -24.539    
   -49.292      -24.544    
   -49.292      -24.552    
   -49.305      -24.546    
   -49.309      -24.553    
   -49.316      -24.555    
   -49.315      -24.563    
   -49.317      -24.566    
   -49.313      -24.57     
   -49.31       -24.581    
   -49.316      -24.587    
   -49.303      -24.596    
   -49.313      -24.604    
   -49.314      -24.614    
   -49.31       -24.618    
   -49.307      -24.621    
   -49.316      -24.639    
   -49.306      -24.642    
   -49.309      -24.645    
   -49.301      -24.649    
   -49.299      -24.654    
   -49.312      -24.663    
   -49.305      -24.669    
   -49.305      -24.673    
   -49.299      -24.674    
   -49.294      -24.675    
   -49.275      -24.694    
   -49.262      -24.692    
   -49.257      -24.696    
   -49.207      -24.7      
   -49.204      -24.695    
   -49.205      -24.685    
   -49.194      -24.683    
   -49.192      -24.679    
   -49.185      -24.672    
   -49.174      -24.672    
   -49.169      -24.675    
   -49.157      -24.671    
   -49.148      -24.675    
   -49.134      -24.675    
   -49.129      -24.681    
   -49.126      -24.684    
   -49.122      -24.682    
   -49.111      -24.688    
   -49.108      -24.676    
   -49.105      -24.674    
   -49.1        -24.676    
   -49.097      -24.681    
   -49.085      -24.679    
   -49.084      -24.672    
   -49.079      -24.672    
   -49.072      -24.675    
   -49.069      -24.684    
   -49.061      -24.685    
   -49.051      -24.68     
   -49.045      -24.666    
   -49.037      -24.66     
   -49.039      -24.653    
   -49.034      -24.65     
   -49.032      -24.641    
   -49.039      -24.643    
   -49.042      -24.64     
   -49.0358164  -24.6353623
   -49.034      -24.634    
   -49.018      -24.642    
   -49.007      -24.633    
   -48.999      -24.637    
   -48.999      -24.638    
   -49.004      -24.638    
   -49.006      -24.643    
   -49.01       -24.656    
   -49.008      -24.66     
   -49.002      -24.656    
   -48.994      -24.655    
   -48.989      -24.656    
   -48.988      -24.665    
   -48.978      -24.664    
   -48.974      -24.666    
   -48.974      -24.671    
   -48.965      -24.672    
   -48.961      -24.678    
   -48.958      -24.685    
   -48.948      -24.673    
   -48.927      -24.675    
   -48.922      -24.675    
   -48.918      -24.679    
   -48.914      -24.682    
   -48.91       -24.677    
   -48.912      -24.673    
   -48.912      -24.672    
   -48.901      -24.67     
   -48.898      -24.669    
   -48.888      -24.669    
   -48.875      -24.668    
   -48.865      -24.667    
   -48.851      -24.675    
   -48.847      -24.671    
   -48.856      -24.664    
   -48.858      -24.657    
   -48.853      -24.656    
   -48.84       -24.664    
   -48.829      -24.655    
   -48.82       -24.657    
   -48.81       -24.675    
   -48.805      -24.676    
   -48.8        -24.674    
   -48.788      -24.681    
   -48.778      -24.696    
   -48.769      -24.695    
   -48.757      -24.679    
   -48.753      -24.682    
   -48.755      -24.692    
   -48.753      -24.694    
   -48.752      -24.695    
   -48.744      -24.693    
   -48.734      -24.684    
   -48.73       -24.687    
   -48.718      -24.683    
   -48.707      -24.683    
   -48.703      -24.68     
   -48.691      -24.694    
   -48.688      -24.692    
   -48.69       -24.683    
   -48.688      -24.677    
   -48.694      -24.67     
   -48.688      -24.669    
   -48.676      -24.671    
   -48.671      -24.679    
   -48.674      -24.684    
   -48.672      -24.687    
   -48.677      -24.692    
   -48.671      -24.698    
   -48.677      -24.698    
   -48.675      -24.701    
   -48.661      -24.706    
   -48.658      -24.692    
   -48.641      -24.689    
   -48.645      -24.681    
   -48.637      -24.677    
   -48.631      -24.677    
   -48.628      -24.68     
   -48.616      -24.668    
   -48.611      -24.67     
   -48.604      -24.668    
   -48.593      -24.674    
   -48.589      -24.68     
   -48.582      -24.67     
   -48.579      -24.685    
   -48.568      -24.695    
   -48.569      -24.7      
   -48.56       -24.71     
   -48.553      -24.709    
   -48.551      -24.716    
   -48.544      -24.717    
   -48.543      -24.725    
   -48.538      -24.726    
   -48.529      -24.731    
   -48.531      -24.736    
   -48.528      -24.739    
   -48.522      -24.736    
   -48.511      -24.74     
   -48.505      -24.734    
   -48.502      -24.737    
   -48.499      -24.738    
   -48.503      -24.74     
   -48.502      -24.746    
   -48.507      -24.752    
   -48.506      -24.764    
   -48.512      -24.763    
   -48.516      -24.768    
   -48.516      -24.78     
   -48.53       -24.786    
   -48.549      -24.798    
   -48.555      -24.806    
   -48.559      -24.821    
   -48.555      -24.823    
   -48.562      -24.828    
   -48.567      -24.847    
   -48.564      -24.856    
   -48.566      -24.863    
   -48.549      -24.867    
   -48.546      -24.873    
   -48.549      -24.879    
   -48.547      -24.88     
   -48.558      -24.884    
   -48.556      -24.892    
   -48.559      -24.901    
   -48.563      -24.894    
   -48.572      -24.895    
   -48.572      -24.902    
   -48.567      -24.903    
   -48.566      -24.916    
   -48.568      -24.919    
   -48.571      -24.923    
   -48.57       -24.931    
   -48.562      -24.939    
   -48.569      -24.945    
   -48.563      -24.95     
   -48.572      -24.954    
   -48.567      -24.96     
   -48.567      -24.972    
   -48.58       -24.986    
   -48.588      -24.986    
   -48.589      -24.994    
   -48.595      -24.996    
   -48.598      -25.003    
   -48.6        -25.01     
   -48.597      -25.015    
   -48.599      -25.019    
   -48.588      -25.019    
   -48.589      -25.029    
   -48.581      -25.034    
   -48.582      -25.051    
   -48.569      -25.051    
   -48.561      -25.059    
   -48.558      -25.061    
   -48.559      -25.077    
   -48.556      -25.084    
   -48.544      -25.09     
   -48.528      -25.1      
   -48.521      -25.085    
   -48.512      -25.083    
   -48.506      -25.067    
   -48.498      -25.059    
   -48.491      -25.053    
   -48.483      -25.053    
   -48.485      -25.042    
   -48.48       -25.036    
   -48.475      -25.015    
   -48.469      -25.01     
   -48.434      -24.991    
   -48.417      -24.989    
   -48.411      -24.98     
   -48.378      -24.997    
   -48.377      -25.003    
   -48.354      -25.019    
   -48.35       -25.028    
   -48.351      -25.036    
   -48.339      -25.036    
   -48.337      -25.039    
   -48.332      -25.036    
   -48.324      -25.036    
   -48.324      -25.054    
   -48.333      -25.057    
   -48.333      -25.07     
   -48.317      -25.056    
   -48.314      -25.046    
   -48.308      -25.046    
   -48.307      -25.035    
   -48.299      -25.035    
   -48.297      -25.023    
   -48.292      -25.024    
   -48.287      -25.039    
   -48.277      -25.032    
   -48.275      -25.027    
   -48.277      -25.016    
   -48.268      -25.001    
   -48.269      -24.997    
   -48.263      -24.992    
   -48.259      -24.997    
   -48.254      -24.996    
   -48.259      -24.986    
   -48.25       -24.977    
   -48.245      -24.989    
   -48.239      -24.991    
   -48.233      -25.0      
   -48.229      -25.001    
   -48.232      -25.007    
   -48.223      -25.009    
   -48.231      -25.015    
   -48.231      -25.02     
   -48.214      -25.029    
   -48.209      -25.027    
   -48.21       -25.036    
   -48.215      -25.042    
   -48.212      -25.059    
   -48.216      -25.076    
   -48.21       -25.08     
   -48.212      -25.083    
   -48.204      -25.093    
   -48.204      -25.099    
   -48.194      -25.108    
   -48.181      -25.133    
   -48.167      -25.143    
   -48.156      -25.144    
   -48.162      -25.154    
   -48.168      -25.156    
   -48.167      -25.167    
   -48.178      -25.182    
   -48.193      -25.189    
   -48.192      -25.194    
   -48.18       -25.206    
   -48.171      -25.21     
   -48.162      -25.209    
   -48.151      -25.228    
   -48.114      -25.25     
   -48.104      -25.243    
   -48.092      -25.24     
   -48.083      -25.24     
   -48.081      -25.244    
   -48.075      -25.24     
   -48.062      -25.24     
   -48.057      -25.233    
   -48.059      -25.229    
   -48.057      -25.218    
   -48.047      -25.226    
   -48.043      -25.22     
   -48.031      -25.218    
   -48.026      -25.222    
   -48.029      -25.226    
   -48.023      -25.23     
   -48.051      -25.252    
   -48.057      -25.263    
   -48.083      -25.282    
   -48.098      -25.299    
   -48.099      -25.312    
   -48.029      -25.242    
   -47.972      -25.2      
   -47.943      -25.173    
   -47.927      -25.162    
   -47.917      -25.16     
   -47.912867   -25.1618094
   -47.912      -25.157    
   -47.919      -25.153    
   -47.918      -25.145    
   -47.908      -25.118    
   -47.894      -25.106    
   -47.898      -25.097    
   -47.895      -25.092    
   -47.897      -25.085    
   -47.902      -25.08     
   -47.909      -25.063    
   -47.9123923  -25.0525746
   -47.8895229  -25.0525073
   -47.8886854  -25.0529097
   -47.8886733  -25.0523956
   -47.8837416  -25.0527487
   -47.8839094  -25.0478592
   -47.8844556  -25.047077 
   -47.8842961  -25.0463087
   -47.8848605  -25.0462977
   -47.8842451  -25.03808  
   -47.8838245  -25.0321732
   -47.8823537  -25.02963  
   -47.8824522  -25.0278279
   -47.881888   -25.0278388
   -47.8817234  -25.0268133
   -47.8810115  -25.0265699
   -47.8793883  -25.0235153
   -47.8794989  -25.0222272
   -47.8789315  -25.0221093
   -47.8765817  -25.018169 
   -47.8760175  -25.01818  
   -47.8759814  -25.0166376
   -47.8754173  -25.0166485
   -47.8751052  -25.0153686
   -47.874538   -25.0152505
   -47.8734942  -25.0128281
   -47.8720538  -25.0115701
   -47.8721823  -25.0110532
   -47.8716182  -25.0110641
   -47.8711716  -25.0100439
   -47.8704598  -25.0098005
   -47.8701479  -25.0085208
   -47.8695836  -25.0085315
   -47.8679729  -25.005991 
   -47.8681014  -25.0054741
   -47.8675343  -25.005356 
   -47.8633224  -25.0001655
   -47.8573547  -24.9923078
   -47.8567907  -24.9923186
   -47.8567728  -24.9915474
   -47.8562086  -24.9915582
   -47.8557624  -24.9905382
   -47.8547628  -24.990043 
   -47.8541689  -24.9887684
   -47.8536048  -24.9887793
   -47.8492436  -24.983205 
   -47.8486794  -24.9832157
   -47.8466429  -24.9805539
   -47.8460759  -24.9804367
   -47.8454823  -24.9791621
   -47.8449181  -24.9791728
   -47.8433143  -24.976889 
   -47.843443   -24.9763721
   -47.8414245  -24.9744813
   -47.8408575  -24.9743641
   -47.8407051  -24.9738525
   -47.839694   -24.9728432
   -47.8391298  -24.9728538
   -47.8391181  -24.9723397
   -47.8385511  -24.9722216
   -47.8339121  -24.9667811
   -47.8327634  -24.9659022
   -47.8316265  -24.9655386
   -47.8311688  -24.9640043
   -47.8304574  -24.9637607
   -47.8295789  -24.9623622
   -47.8275785  -24.9612434
   -47.8275668  -24.9607293
   -47.8270028  -24.9607401
   -47.825822   -24.9584479
   -47.8252608  -24.9585866
   -47.8245241  -24.9571865
   -47.8232459  -24.9568245
   -47.8220798  -24.9551753
   -47.821231   -24.9550625
   -47.8209342  -24.9544256
   -47.8200854  -24.9543125
   -47.819495   -24.9531668
   -47.8186492  -24.9531829
   -47.8177651  -24.9515274
   -47.8161884  -24.9504004
   -47.8154538  -24.9491285
   -47.8148927  -24.9492672
   -47.8137386  -24.9481321
   -47.8123024  -24.9470015
   -47.8117356  -24.9468841
   -47.811718   -24.9461128
   -47.8111512  -24.9459945
   -47.8105668  -24.9451058
   -47.8094302  -24.944741 
   -47.8085523  -24.9433435
   -47.8077035  -24.9432303
   -47.8068343  -24.9422181
   -47.8059855  -24.942106 
   -47.8053865  -24.9405741
   -47.8045407  -24.94059  
   -47.8036685  -24.9394486
   -47.8031017  -24.9393311
   -47.803502   -24.9382948
   -47.7993667  -24.9363152
   -47.798921   -24.9352948
   -47.7976226  -24.9340332
   -47.7957674  -24.9330393
   -47.7956143  -24.9325278
   -47.792608   -24.9305267
   -47.7924491  -24.929758 
   -47.7918853  -24.9297686
   -47.7917332  -24.9292572
   -47.7884383  -24.9270041
   -47.7884268  -24.92649  
   -47.787863   -24.9265004
   -47.7878515  -24.9259864
   -47.7872934  -24.926254 
   -47.7872818  -24.9257399
   -47.7859963  -24.9249922
   -47.7858375  -24.9242237
   -47.7852707  -24.9241052
   -47.7849743  -24.9234683
   -47.7844105  -24.9234787
   -47.784399   -24.9229646
   -47.7835502  -24.9228514
   -47.7832539  -24.9222145
   -47.7812488  -24.9208369
   -47.7801125  -24.9204727
   -47.7782285  -24.9181931
   -47.7780698  -24.9174245
   -47.7775088  -24.9175632
   -47.7733556  -24.9146832
   -47.7726243  -24.913539 
   -47.7717759  -24.9134267
   -47.7711862  -24.9122799
   -47.7703376  -24.9121674
   -47.7694661  -24.9110259
   -47.7686175  -24.9109134
   -47.7684656  -24.9104018
   -47.7645791  -24.9068734
   -47.7595608  -24.9031083
   -47.7594164  -24.902982 
   -47.755114   -24.899718 
   -47.7525172  -24.8970658
   -47.7516687  -24.8969524
   -47.7508003  -24.8959397
   -47.7499519  -24.8958272
   -47.7477929  -24.8938095
   -47.7476344  -24.8930408
   -47.7467859  -24.8929272
   -47.7459146  -24.8917864
   -47.7450662  -24.891673 
   -47.7446706  -24.8908681
   -47.7433467  -24.8904186
   -47.7429046  -24.8895271
   -47.7414782  -24.8887817
   -47.7413142  -24.8877558
   -47.7398963  -24.8873958
   -47.7381768  -24.8861414
   -47.7360267  -24.8845094
   -47.7358682  -24.8837407
   -47.7350199  -24.8836273
   -47.7344195  -24.8819669
   -47.7332978  -24.8822446
   -47.7332751  -24.8812162
   -47.7324295  -24.8812317
   -47.7327001  -24.8807124
   -47.7310033  -24.8804863
   -47.7285575  -24.8782162
   -47.7281059  -24.8769384
   -47.7266911  -24.8767071
   -47.7266797  -24.876193 
   -47.7246901  -24.8754578
   -47.7241067  -24.8745678
   -47.722971   -24.874203 
   -47.7210833  -24.8716655
   -47.7155085  -24.8681662
   -47.7154974  -24.8676521
   -47.7149309  -24.8675332
   -47.7137699  -24.8660112
   -47.7089147  -24.863142 
   -47.7085992  -24.8616045
   -47.7074749  -24.861753 
   -47.7066015  -24.8604829
   -47.7057561  -24.8604982
   -47.7048882  -24.859485 
   -47.7040402  -24.8593724
   -47.704029   -24.8588581
   -47.7034654  -24.8588683
   -47.7031696  -24.8582302
   -47.7026032  -24.8581123
   -47.7025921  -24.857598 
   -47.7008844  -24.8568573
   -47.7008733  -24.8563433
   -47.6988784  -24.8553504
   -47.6977066  -24.853314 
   -47.6977234  -24.8540853
   -47.6971432  -24.8533242
   -47.6965768  -24.8532053
   -47.696281   -24.8525682
   -47.6951483  -24.8523314
   -47.6948442  -24.8513081
   -47.6932838  -24.8508218
   -47.6928467  -24.8501862
   -47.6922859  -24.8503253
   -47.6922749  -24.8498112
   -47.6915652  -24.8495667
   -47.6916945  -24.8490499
   -47.6905618  -24.8488131
   -47.6905509  -24.848299 
   -47.6897055  -24.8483142
   -47.6893959  -24.8470337
   -47.6885562  -24.847306 
   -47.688545   -24.846792 
   -47.6879814  -24.846802 
   -47.6876858  -24.8461639
   -47.6868378  -24.8460509
   -47.6868266  -24.8455368
   -47.6854095  -24.845176 
   -47.6848264  -24.8442868
   -47.684263   -24.8442968
   -47.6842519  -24.8437827
   -47.6836911  -24.8439209
   -47.6831026  -24.8427744
   -47.6822545  -24.8426606
   -47.6805363  -24.8414055
   -47.6776688  -24.839142 
   -47.6768208  -24.839029 
   -47.6762241  -24.8374966
   -47.6732275  -24.8357496
   -47.6730752  -24.835238 
   -47.6716581  -24.834877 
   -47.6707881  -24.8337356
   -47.6683606  -24.8322357
   -47.6677751  -24.8312174
   -47.6623394  -24.8274561
   -47.6621871  -24.8269445
   -47.6608607  -24.8262839
   -47.6604857  -24.8264603
   -47.6607565  -24.8259411
   -47.6601929  -24.8259511
   -47.660182   -24.8254368
   -47.6593368  -24.825452 
   -47.6591854  -24.8249402
   -47.6573319  -24.8239443
   -47.6564619  -24.822802 
   -47.6558956  -24.8226839
   -47.6560206  -24.8219099
   -47.653319   -24.8208001
   -47.6521731  -24.8199205
   -47.6521621  -24.8194064
   -47.6515959  -24.8192874
   -47.6510134  -24.8183979
   -47.6504498  -24.8184079
   -47.650439   -24.8178937
   -47.6495938  -24.8179086
   -47.6494424  -24.817397 
   -47.6475808  -24.8160148
   -47.6444411  -24.8141416
   -47.6444247  -24.8133703
   -47.6432897  -24.8130042
   -47.6424199  -24.8118625
   -47.641006   -24.8116302
   -47.6404154  -24.8103546
   -47.6395757  -24.8106266
   -47.6395647  -24.8101125
   -47.638419   -24.809232 
   -47.6375711  -24.8091188
   -47.6369832  -24.8079712
   -47.6358482  -24.8076058
   -47.6358375  -24.8070916
   -47.6334109  -24.8055911
   -47.6334409  -24.8049065
   -47.6321264  -24.8048421
   -47.632392   -24.8040657
   -47.6314065  -24.8040831
   -47.6312544  -24.8035714
   -47.6304065  -24.8034573
   -47.6259732  -24.8003204
   -47.625821   -24.7998086
   -47.6252576  -24.7998185
   -47.6251064  -24.7993066
   -47.6232372  -24.7975389
   -47.6238004  -24.7975291
   -47.6237896  -24.7970148
   -47.6223922  -24.7975539
   -47.6223814  -24.7970396
   -47.6188176  -24.7950443
   -47.6183731  -24.7940232
   -47.6175307  -24.794166 
   -47.6155349  -24.7930439
   -47.6155186  -24.7922726
   -47.6115133  -24.7893841
   -47.6109528  -24.7895231
   -47.610942   -24.7890088
   -47.6056674  -24.7860141
   -47.6056566  -24.7854998
   -47.6016651  -24.7832543
   -47.6015077  -24.7824855
   -47.6006655  -24.7826282
   -47.5992438  -24.7820103
   -47.5986538  -24.7807344
   -47.5972376  -24.7803728
   -47.5956649  -24.779243 
   -47.595513   -24.7787312
   -47.5938097  -24.7781173
   -47.5929409  -24.7769752
   -47.5918063  -24.7766085
   -47.5912242  -24.7757189
   -47.5906636  -24.7758567
   -47.5835296  -24.771479 
   -47.583519   -24.7709648
   -47.5823871  -24.7707272
   -47.5823712  -24.7699557
   -47.5815291  -24.7700984
   -47.5796697  -24.7687162
   -47.5795071  -24.7676902
   -47.5772463  -24.7673428
   -47.5763801  -24.7663288
   -47.5743877  -24.7653341
   -47.5738271  -24.7654728
   -47.5732454  -24.7645821
   -47.5726795  -24.7644637
   -47.5726636  -24.7636922
   -47.5721031  -24.76383  
   -47.5703975  -24.7630876
   -47.5695236  -24.7616885
   -47.568963   -24.7618262
   -47.5669732  -24.7609604
   -47.5669626  -24.7604462
   -47.5663994  -24.7604558
   -47.5663888  -24.7599415
   -47.5621278  -24.7582141
   -47.561977   -24.7577021
   -47.5604119  -24.7569572
   -47.5601172  -24.7563188
   -47.5595514  -24.7562003
   -47.5595408  -24.755686 
   -47.5589829  -24.7559527
   -47.5589723  -24.7554384
   -47.5578407  -24.7552007
   -47.5578302  -24.7546864
   -47.5564117  -24.7541961
   -47.5564223  -24.7547104
   -47.5535669  -24.7528295
   -47.5530063  -24.752968 
   -47.5529957  -24.7524537
   -47.5484431  -24.7502162
   -47.5484327  -24.7497019
   -47.54673    -24.7490875
   -47.5435986  -24.7474691
   -47.5435881  -24.7469548
   -47.5397455  -24.7449622
   -47.5395937  -24.7444503
   -47.5384648  -24.7443403
   -47.5225045  -24.7350924
   -47.5213758  -24.7349833
   -47.5213654  -24.7344689
   -47.5208024  -24.7344785
   -47.520792   -24.7339641
   -47.5196631  -24.7338541
   -47.5139597  -24.7303487
   -47.5133991  -24.730487 
   -47.5133889  -24.7299728
   -47.5119682  -24.729353 
   -47.5114051  -24.7293625
   -47.5071354  -24.7271189
   -47.5022953  -24.7244993
   -47.5022849  -24.723985 
   -47.5000147  -24.7231221
   -47.4998718  -24.7229962
   -47.4968869  -24.7216309
   -47.4948958  -24.720635 
   -47.4906267  -24.7183908
   -47.4872075  -24.7163897
   -47.4849349  -24.7153984
   -47.4789671  -24.7126677
   -47.4784065  -24.7128061
   -47.4783963  -24.7122916
   -47.4678864  -24.7077057
   -47.454243   -24.7012414
   -47.4519709  -24.7002495
   -47.4479949  -24.6985137
   -47.4386254  -24.6945504
   -47.4282296  -24.6884169
   -47.4264761  -24.6851011
   -47.4266829  -24.6812391
   -47.401      -24.668    
   -47.403      -24.662    
   -47.397      -24.662    
   -47.357      -24.64     
   -47.301      -24.606    
   -47.25       -24.575    
   -47.227      -24.571    
   -47.225      -24.565    
   -47.228      -24.559    
   -47.201      -24.538    
   -47.187      -24.533    
   -47.186      -24.524    
   -47.178      -24.517    
   -47.137      -24.486    
   -47.091      -24.457    
   -47.078      -24.443    
   -47.074      -24.443    
   -47.037      -24.426    
   -47.03       -24.426    
   -47.022      -24.422    
   -47.019      -24.413    
   -47.014      -24.411    
   -47.009      -24.414    
   -47.009      -24.409    
   -47.003      -24.409    
   -47.006      -24.401    
   -47.001      -24.397    
   -47.009      -24.395    
   -47.009      -24.387    
   -47.016      -24.386    
   -47.018      -24.375    
   -47.005      -24.365    
   -47.0        -24.355    
   -47.003      -24.336    
   -47.0        -24.329    
   -46.939      -24.279    
   -46.897      -24.253    
   -46.836      -24.212    
   -46.823      -24.205    
   -46.805      -24.2      
   -46.789      -24.187    
   -46.709      -24.143    
   -46.605      -24.089    
   -46.499      -24.04     
   -46.455      -24.023    
   -46.4245626  -24.0149902
   -46.4244351  -24.0149567
   -46.417      -24.013    
   -46.399      -24.018    
   -46.402      -24.032    
   -46.399      -24.033    
   -46.39       -24.023    
   -46.39       -24.016    
   -46.383      -24.017    
   -46.392      -24.01     
   -46.389      -24.004    
   -46.392      -23.997    
   -46.3878947  -23.9954211
   -46.379      -23.992    
   -46.375      -23.986    
   -46.38       -23.976    
   -46.388      -23.975    
   -46.384      -23.97     
   -46.374      -23.969    
   -46.372      -23.979    
   -46.368      -23.981    
   -46.369      -23.973    
   -46.355      -23.97     
   -46.339      -23.969    
   -46.3210168  -23.9746789
   -46.32       -23.975    
   -46.304      -23.99     
   -46.306      -23.993    
   -46.321      -23.999    
   -46.324      -24.022    
   -46.318      -24.024    
   -46.313      -24.02     
   -46.311      -24.028    
   -46.304      -24.019    
   -46.294      -24.016    
   -46.291      -24.023    
   -46.284      -24.026    
   -46.289      -24.039    
   -46.287      -24.045    
   -46.278      -24.036    
   -46.279      -24.022    
   -46.274      -24.015    
   -46.2685228  -24.0122614
   -46.268      -24.012    
   -46.263      -24.014    
   -46.267      -24.009    
   -46.263      -24.003    
   -46.244      -23.991    
   -46.211      -23.985    
   -46.202      -23.991    
   -46.207      -23.998    
   -46.203      -24.0      
   -46.2        -23.994    
   -46.189      -23.989    
   -46.181      -23.99     
   -46.185      -23.986    
   -46.187      -23.972    
   -46.183      -23.962    
   -46.172      -23.956    
   -46.166      -23.946    
   -46.161      -23.944    
   -46.165      -23.943    
   -46.168      -23.937    
   -46.173      -23.941    
   -46.178      -23.939    
   -46.179      -23.924    
   -46.16       -23.906    
   -46.156      -23.908    
   -46.149      -23.907    
   -46.147      -23.904    
   -46.151      -23.905    
   -46.151      -23.897    
   -46.138      -23.891    
   -46.139      -23.874    
   -46.135      -23.866    
   -46.124      -23.859    
   -46.128      -23.857    
   -46.142      -23.86     
   -46.138      -23.856    
   -46.133      -23.856    
   -46.13       -23.845    
   -46.118      -23.835    
   -46.075      -23.816    
   -46.062      -23.813    
   -46.054      -23.814    
   -46.044      -23.825    
   -46.051      -23.829    
   -46.044      -23.83     
   -46.037      -23.821    
   -46.038      -23.815    
   -46.032      -23.809    
   -46.007      -23.799    
   -45.997      -23.802    
   -45.989      -23.791    
   -45.978      -23.787    
   -45.903      -23.765    
   -45.845      -23.758    
   -45.81       -23.757    
   -45.802      -23.761    
   -45.802      -23.769    
   -45.768      -23.762    
   -45.762      -23.763    
   -45.761      -23.767    
   -45.756      -23.77     
   -45.75       -23.767    
   -45.73       -23.768    
   -45.717      -23.774    
   -45.71       -23.77     
   -45.703      -23.774    
   -45.698      -23.773    
   -45.694      -23.776    
   -45.695      -23.782    
   -45.683      -23.775    
   -45.671      -23.775    
   -45.664      -23.778    
   -45.666      -23.786    
   -45.657      -23.78     
   -45.643      -23.778    
   -45.642      -23.785    
   -45.636      -23.783    
   -45.625      -23.787    
   -45.626      -23.8      
   -45.623      -23.804    
   -45.606      -23.798    
   -45.59       -23.793    
   -45.5612333  -23.7914469
   -45.554      -23.796    
   -45.554      -23.809    
   -45.544      -23.808    
   -45.534      -23.819    
   -45.537      -23.829    
   -45.513      -23.831    
   -45.513      -23.841    
   -45.501      -23.839    
   -45.496      -23.837    
   -45.491      -23.836    
   -45.49       -23.83     
   -45.481      -23.828    
   -45.465      -23.818    
   -45.446      -23.826    
   -45.445      -23.832    
   -45.439      -23.826    
   -45.431      -23.829    
   -45.431      -23.832    
   -45.42       -23.824    
   -45.405      -23.82     
   -45.407      -23.811    
   -45.403      -23.807    
   -45.399      -23.809    
   -45.396      -23.798    
   -45.399      -23.795    
   -45.396      -23.78     
   -45.4        -23.775    
   -45.411      -23.75     
   -45.398      -23.736    
   -45.397      -23.724    
   -45.412      -23.723    
   -45.42       -23.726    
   -45.427      -23.708    
   -45.432      -23.684    
   -45.43       -23.655    
   -45.418      -23.635    
   -45.406      -23.623    
   -45.399      -23.623    
   -45.396      -23.629    
   -45.39       -23.633    
   -45.387      -23.632    
   -45.378      -23.624    
   -45.375      -23.626    
   -45.37       -23.63     
   -45.358      -23.624    
   -45.355      -23.618    
   -45.336      -23.592    
   -45.319      -23.578    
   -45.308      -23.575    
   -45.307      -23.576    
   -45.307      -23.575    
   -45.297      -23.572    
   -45.293      -23.575    
   -45.281      -23.573    
   -45.277      -23.578    
   -45.28       -23.584    
   -45.278      -23.588    
   -45.273      -23.586    
   -45.263      -23.589    
   -45.263      -23.597    
   -45.257      -23.589    
   -45.252      -23.592    
   -45.253      -23.594    
   -45.245      -23.593    
   -45.234      -23.583    
   -45.217      -23.58     
   -45.211      -23.583    
   -45.208      -23.579    
   -45.21       -23.571    
   -45.215      -23.568    
   -45.209      -23.565    
   -45.216      -23.565    
   -45.223      -23.551    
   -45.231      -23.55     
   -45.225      -23.533    
   -45.213      -23.525    
   -45.195      -23.52     
   -45.187      -23.528    
   -45.19       -23.534    
   -45.185      -23.541    
   -45.178      -23.538    
   -45.174      -23.543    
   -45.169      -23.539    
   -45.162      -23.542    
   -45.158      -23.53     
   -45.166      -23.528    
   -45.163      -23.517    
   -45.167      -23.512    
   -45.172      -23.511    
   -45.175      -23.499    
   -45.171      -23.493    
   -45.166      -23.492    
   -45.16       -23.499    
   -45.145      -23.498    
   -45.144      -23.501    
   -45.135      -23.505    
   -45.138      -23.511    
   -45.133      -23.509    
   -45.127      -23.513    
   -45.122      -23.516    
   -45.121      -23.52     
   -45.113      -23.52     
   -45.114      -23.525    
   -45.106      -23.524    
   -45.107      -23.514    
   -45.11       -23.513    
   -45.108      -23.507    
   -45.124      -23.502    
   -45.111      -23.496    
   -45.106      -23.489    
   -45.103      -23.49     
   -45.104      -23.498    
   -45.098      -23.492    
   -45.084      -23.495    
   -45.086      -23.513    
   -45.082      -23.521    
   -45.08       -23.509    
   -45.067      -23.494    
   -45.073      -23.493    
   -45.074      -23.487    
   -45.063      -23.469    
   -45.056      -23.465    
   -45.052      -23.468    
   -45.045      -23.461    
   -45.033      -23.464    
   -45.018      -23.461    
   -45.035      -23.459    
   -45.035      -23.449    
   -45.038      -23.448    
   -45.055      -23.459    
   -45.059      -23.457    
   -45.067      -23.447    
   -45.069      -23.438    
   -45.068      -23.432    
   -45.06       -23.431    
   -45.064      -23.427    
   -45.061      -23.42     
   -45.052      -23.416    
   -45.0487636  -23.4174965
   -45.045      -23.421    
   -45.047      -23.425    
   -45.044      -23.425    
   -45.032      -23.413    
   -45.02       -23.417    
   -45.014      -23.418    
   -45.008      -23.406    
   -44.994      -23.398    
   -44.983      -23.397    
   -44.978      -23.4      
   -44.96       -23.381    
   -44.949      -23.379    
   -44.948      -23.364    
   -44.942      -23.357    
   -44.927      -23.353    
   -44.917      -23.347    
   -44.908      -23.334    
   -44.887      -23.337    
   -44.883      -23.348    
   -44.891      -23.359    
   -44.888      -23.365    
   -44.891      -23.373    
   -44.871      -23.359    
   -44.854      -23.361    
   -44.838      -23.369    
   -44.839      -23.379    
   -44.845      -23.387    
   -44.843      -23.388    
   -44.831      -23.386    
   -44.828      -23.388    
   -44.82       -23.382    
   -44.806      -23.38     
   -44.801      -23.376    
   -44.8        -23.372    
   -44.792      -23.37     
   -44.785      -23.371    
   -44.784      -23.378    
   -44.75       -23.366    
   -44.742      -23.367    
   -44.74       -23.367    
   -44.73       -23.37     
   -44.7248615  -23.3697598
   -44.7359322  -23.3649925
   -44.7374278  -23.3626703
   -44.7386264  -23.3608094
   -44.7423819  -23.3579781
   -44.7497081  -23.35804  
   -44.7498211  -23.3564367
   -44.7511264  -23.3552764
   -44.7510042  -23.3532386
   -44.7533031  -23.3521614
   -44.7564331  -23.3515589
   -44.7572064  -23.3455383
   -44.7597067  -23.3420047
   -44.7646256  -23.3415858
   -44.7701792  -23.3396369
   -44.7778806  -23.3385275
   -44.7782647  -23.3376389
   -44.7763225  -23.3333094
   -44.7783764  -23.3312806
   -44.7789842  -23.3287025
   -44.7816261  -23.3259481
   -44.7795067  -23.3226286
   -44.7801436  -23.3153469
   -44.7828769  -23.3116822
   -44.7850089  -23.3106097
   -44.7875681  -23.3052869
   -44.7858231  -23.3009067
   -44.7862633  -23.2994781
   -44.7970092  -23.2938819
   -44.8049275  -23.2895556
   -44.8063908  -23.2875758
   -44.8063722  -23.2835867
   -44.8069603  -23.2828861
   -44.8126253  -23.2853072
   -44.8184117  -23.2892442
   -44.8212136  -23.2896564
   -44.824415   -23.2915603
   -44.8263469  -23.2914567
   -44.8270717  -23.2904219
   -44.8268811  -23.2886869
   -44.8236317  -23.2803961
   -44.8268239  -23.2792967
   -44.8269636  -23.2774317
   -44.8296042  -23.2727889
   -44.8300294  -23.2693392
   -44.8310117  -23.2683031
   -44.8359608  -23.2671125
   -44.8371794  -23.2660544
   -44.8371583  -23.2650972
   -44.8397086  -23.2633186
   -44.8397092  -23.2618883
   -44.8375422  -23.2596589
   -44.83622    -23.2564508
   -44.8365458  -23.255205 
   -44.8403558  -23.255775 
   -44.8431342  -23.2552714
   -44.8450708  -23.2534239
   -44.8459911  -23.2510078
   -44.8499572  -23.2508867
   -44.8506283  -23.2506397
   -44.8501875  -23.2495036
   -44.8538703  -23.2484897
   -44.8629322  -23.2484306
   -44.8693825  -23.2494472
   -44.874625   -23.2486742
   -44.8762936  -23.2440619
   -44.8778733  -23.2423822
   -44.8778503  -23.2323353
   -44.8848275  -23.2325117
   -44.8860831  -23.2314747
   -44.8884939  -23.2240119
   -44.8856564  -23.2197153
   -44.8809628  -23.2154797
   -44.883045   -23.2105142
   -44.8832833  -23.2043122
   -44.8827364  -23.2027189
   -44.881983   -23.2022208
   -44.8772961  -23.1991217
   -44.875935   -23.1974125
   -44.8759931  -23.1945892
   -44.8739606  -23.1890786
   -44.8743222  -23.1842078
   -44.8709928  -23.1821092
   -44.8641297  -23.1808467
   -44.8603025  -23.1810017
   -44.8560053  -23.1763339
   -44.8529081  -23.1762631
   -44.8542058  -23.1740017
   -44.8537656  -23.1723036
   -44.8521867  -23.1717822
   -44.8486494  -23.1732889
   -44.8458219  -23.1725525
   -44.8449403  -23.1717133
   -44.8448489  -23.1684778
   -44.8427267  -23.1666183
   -44.839845   -23.1665061
   -44.83371    -23.1663853
   -44.8283319  -23.1618428
   -44.8253467  -23.1626075
   -44.8239597  -23.1612603
   -44.8226578  -23.1579086
   -44.8228825  -23.1493092
   -44.8250086  -23.1432258
   -44.8239033  -23.1417794
   -44.8210514  -23.1402725
   -44.8164358  -23.1402836
   -44.8157953  -23.1385983
   -44.8161303  -23.1367139
   -44.8181019  -23.1350817
   -44.8193772  -23.1327386
   -44.81855    -23.1308206
   -44.8134303  -23.1281525
   -44.8106778  -23.1252275
   -44.8131806  -23.1211306
   -44.8105992  -23.1156908
   -44.81077    -23.1146267
   -44.8127664  -23.1124597
   -44.8152122  -23.1113128
   -44.8157728  -23.1097164
   -44.8155475  -23.1075814
   -44.8133831  -23.1044853
   -44.8095319  -23.1012831
   -44.8086019  -23.0992461
   -44.8124472  -23.0980083
   -44.8108203  -23.0949225
   -44.8119294  -23.093295 
   -44.8119306  -23.0915947
   -44.8180986  -23.0909825
   -44.8182683  -23.0895792
   -44.8172956  -23.0857894
   -44.81619    -23.0832297
   -44.8144089  -23.0815333
   -44.8144911  -23.0804917
   -44.8121856  -23.0790164
   -44.8126042  -23.0749069
   -44.8114039  -23.07003  
   -44.8134578  -23.0682958
   -44.8135761  -23.0671392
   -44.8117717  -23.0654753
   -44.8083669  -23.0642331
   -44.8068894  -23.0616358
   -44.8085147  -23.0600908
   -44.8111306  -23.0540189
   -44.8088239  -23.0517381
   -44.8047975  -23.0489853
   -44.8035158  -23.0501278
   -44.8027903  -23.0498586
   -44.8010736  -23.0439908
   -44.8015825  -23.0382425
   -44.7999911  -23.0349417
   -44.8012139  -23.0309331
   -44.7969286  -23.0275611
   -44.7958525  -23.0255581
   -44.7961258  -23.0241797
   -44.7982364  -23.0197353
   -44.7966014  -23.0180472
   -44.7966306  -23.0157939
   -44.7926314  -23.0110889
   -44.7927189  -23.0097525
   -44.7943244  -23.0058581
   -44.7991814  -23.0053519
   -44.8022097  -22.9986531
   -44.8008717  -22.9960347
   -44.7984167  -22.9960231
   -44.7928783  -22.9932219
   -44.7933131  -22.9918383
   -44.7924317  -22.9886528
   -44.7934114  -22.9862706
   -44.7920447  -22.9816736
   -44.7901872  -22.9812597
   -44.7866861  -22.9822869
   -44.7851536  -22.9801317
   -44.7815472  -22.9784294
   -44.77531    -22.9781989
   -44.7738542  -22.9791942
   -44.7725753  -22.9815903
   -44.7691333  -22.9809086
   -44.7648811  -22.9829094
   -44.7624661  -22.9823333
   -44.7605617  -22.9791942
   -44.7590211  -22.9784494
   -44.7559606  -22.9799164
   -44.7548533  -22.9798158
   -44.7540153  -22.9779331
   -44.7561744  -22.9754314
   -44.7526656  -22.9736208
   -44.7488753  -22.9696783
   -44.7488506  -22.9656833
   -44.7520469  -22.9628272
   -44.7487106  -22.9564175
   -44.7489583  -22.9538583
   -44.7453722  -22.951745 
   -44.7434108  -22.9471094
   -44.7343272  -22.9444925
   -44.7319458  -22.9429508
   -44.7252669  -22.939465 
   -44.7218397  -22.935955 
   -44.7183819  -22.9343456
   -44.7167725  -22.9345531
   -44.7131606  -22.9297294
   -44.7112992  -22.9294964
   -44.7101597  -22.9300003
   -44.7096186  -22.9312914
   -44.7065661  -22.9314169
   -44.7029022  -22.935655 
   -44.7011783  -22.9350272
   -44.6992097  -22.9321508
   -44.6957292  -22.9317672
   -44.687345   -22.9358706
   -44.6868958  -22.9322592
   -44.6828028  -22.9299942
   -44.6803544  -22.9257675
   -44.6785997  -22.9260117
   -44.6734597  -22.9178067
   -44.6718533  -22.9185514
   -44.6707442  -22.9216819
   -44.6690194  -22.9221719
   -44.6678472  -22.923615 
   -44.6641847  -22.9257019
   -44.6589369  -22.9272439
   -44.6552975  -22.9232725
   -44.6467139  -22.919115 
   -44.6457361  -22.917945 
   -44.6396122  -22.9155267
   -44.6380206  -22.9139147
   -44.6395692  -22.9130631
   -44.6394286  -22.9118606
   -44.6330747  -22.9049475
   -44.6319081  -22.9046289
   -44.6299186  -22.9054878
   -44.6212156  -22.8996289
   -44.60999    -22.8896961
   -44.6074864  -22.8855261
   -44.6066314  -22.8851969
   -44.6026303  -22.8880947
   -44.6001842  -22.8883031
   -44.598075   -22.8865006
   -44.5923753  -22.8838983
   -44.5866942  -22.8826969
   -44.5832583  -22.8831494
   -44.5785139  -22.8805894
   -44.5755461  -22.8781092
   -44.5717364  -22.8799761
   -44.5694297  -22.8835092
   -44.5663256  -22.8822892
   -44.563365   -22.8830681
   -44.5624092  -22.8842669
   -44.5599919  -22.8847447
   -44.5573158  -22.8876464
   -44.55482    -22.8886089
   -44.5432808  -22.8843406
   -44.5452408  -22.8807644
   -44.538755   -22.8737172
   -44.5326219  -22.8687578
   -44.5302547  -22.86742  
   -44.5278767  -22.8673989
   -44.5258803  -22.8657867
   -44.5190736  -22.8648219
   -44.5152675  -22.8598731
   -44.5121003  -22.8598008
   -44.5123275  -22.85742  
   -44.5090769  -22.8557344
   -44.5053081  -22.8512922
   -44.4992703  -22.8498456
   -44.4942967  -22.8459789
END
END
