Belarus
1
 31.70746      53.20435 
 31.64397      53.22052 
 31.58664      53.19597 
 31.47223      53.20636 
 31.40528      53.20618 
 31.39858      53.17091 
 31.36648      53.13392 
 31.38365      53.09658 
 31.32915      53.04207 
 31.24821      53.02525 
 31.30271      53.00586 
 31.35883      52.97613 
 31.37335      52.93719 
 31.40785      52.91041 
 31.45377      52.8802 
 31.53823      52.85643 
 31.54965      52.80948 
 31.59333      52.77755 
 31.59471      52.73918 
 31.54613      52.70476 
 31.52089      52.67387 
 31.57007      52.63155 
 31.59745      52.58211 
 31.66843      52.55894 
 31.61307      52.54632 
 31.59428      52.51628 
 31.56784      52.50709 
 31.61531      52.4931 
 31.59471      52.45405 
 31.6032       52.42839 
 31.62294      52.41894 
 31.62518      52.3344 
 31.58475      52.32857 
 31.64114      52.29123 
 31.71247      52.26368 
 31.7074       52.22068 
 31.73195      52.19261 
 31.78233      52.1624 
 31.77143      52.11185 
 31.69787      52.10773 
 31.60003      52.11613 
 31.50221      52.11965 
 31.45569      52.13088 
 31.43755      52.14231 
 31.42056      52.13991 
 31.39652      52.13974 
 31.38468      52.13041 
 31.34056      52.10895 
 31.32099      52.0796 
 31.23928      52.0487 
 31.19215      52.0757 
 31.14864      52.09333 
 31.08084      52.09144 
 30.99818      52.08054 
 30.9453       52.08878 
 30.93198      52.06983 
 30.92923      52.06099 
 30.92923      52.0416 
 30.92546      52.03353 
 30.91885      52.01842 
 30.93155      51.99945 
 30.89198      51.99559 
 30.88387      51.98296 
 30.85672      51.97032 
 30.84117      51.95551 
 30.81853      51.95517 
 30.81594      51.91199 
 30.74496      51.89919 
 30.68848      51.8422 
 30.66256      51.81267 
 30.65569      51.77337 
 30.6211       51.75989 
 30.62634      51.71929 
 30.56491      51.701 
 30.54843      51.66873 
 30.52955      51.64693 
 30.54757      51.6156 
 30.52139      51.60495 
 30.53933      51.57517 
 30.56465      51.54796 
 30.57126      51.51569 
 30.62611      51.46865 
 30.59169      51.4266 
 30.63821      51.40291 
 30.64113      51.35785 
 30.60765      51.30987 
 30.60988      51.3018 
 30.61057      51.28146 
 30.49058      51.27897 
 30.4656       51.29107 
 30.40389      51.31201 
 30.32836      51.36188 
 30.33128      51.43106 
 30.28304      51.46677 
 30.20133      51.50393 
 30.14606      51.49801 
 30.12168      51.48848 
 30.04881      51.5011 
 30.01697      51.50282 
 29.99242      51.48307 
 29.95148      51.48402 
 29.90032      51.48548 
 29.88908      51.46496 
 29.85217      51.44986 
 29.79441      51.4581 
 29.74926      51.45707 
 29.74231      51.49355 
 29.74042      51.53105 
 29.68695      51.51509 
 29.65459      51.50634 
 29.62935      51.50084 
 29.60592      51.47158 
 29.5388       51.48247 
 29.52353      51.43887 
 29.51417      51.42076 
 29.4643       51.40394 
 29.38388      51.40248 
 29.34028      51.38574 
 29.32208      51.41741 
 29.29496      51.45947 
 29.25539      51.49054 
 29.26269      51.54908 
 29.21711      51.57423 
 29.18046      51.61131 
 29.16252      51.63242 
 29.16707      51.65414 
 29.15136      51.65096 
 29.11531      51.65379 
 29.09429      51.62993 
 29.05386      51.61113 
 29.00545      51.57569 
 28.95292      51.58916 
 28.88486      51.58298 
 28.85774      51.5659 
 28.81319      51.54702 
 28.77903      51.50076 
 28.78015      51.4635 
 28.76761      51.42394 
 28.74015      51.44437 
 28.72496      51.45569 
 28.67947      51.46694 
 28.65664      51.53869 
 28.64608      51.56041 
 28.65878      51.57019 
 28.56471      51.57294 
 28.49845      51.59182 
 28.42472      51.56599 
 28.35906      51.55165 
 28.32267      51.59465 
 28.26267      51.61955 
 28.2728       51.67671 
 28.18834      51.65105 
 28.15195      51.6059 
 28.11728      51.58307 
 28.04269      51.56633 
 27.94407      51.55929 
 27.96759      51.59629 
 27.92493      51.58169 
 27.90819      51.61834 
 27.85129      51.63036 
 27.83446      51.59843 
 27.83249      51.57294 
 27.8494       51.55036 
 27.7906       51.51449 
 27.76837      51.47776 
 27.69765      51.4981 
 27.68366      51.54109 
 27.73104      51.58195 
 27.68692      51.61294 
 27.62143      51.6071 
 27.55011      51.6289 
 27.51371      51.62761 
 27.53019      51.60418 
 27.48599      51.60375 
 27.475        51.60882 
 27.43269      51.6071 
 27.34755      51.60607 
 27.27296      51.6071 
 27.25021      51.62384 
 27.24549      51.66761 
 27.21047      51.70177 
 27.20738      51.77387 
 27.10602      51.77249 
 27.00019      51.76915 
 26.94517      51.73868 
 26.87531      51.75292 
 26.80183      51.75765 
 26.76484      51.77645 
 26.75121      51.79562 
 26.71343      51.81301 
 26.65403      51.82597 
 26.59696      51.82854 
 26.55026      51.79876 
 26.47611      51.80529 
 26.42813      51.83592 
 26.39946      51.87583 
 26.31981      51.86202 
 26.28325      51.86803 
 26.24814      51.87266 
 26.20222      51.86365 
 26.16617      51.86656 
 26.1375       51.88279 
 26.10154      51.90879 
 26.04841      51.92665 
 25.98413      51.92871 
 25.96367      51.92488 
 25.94878      51.92094 
 25.89793      51.91993 
 25.83767      51.92467 
 25.80242      51.9469 
 25.78131      51.93085 
 25.73565      51.92047 
 25.52879      51.93958 
 25.50407      51.92585 
 25.40915      51.92104 
 25.33842      51.93512 
 25.28043      51.96097 
 25.22427      51.96018 
 25.09123      51.95091 
 24.95047      51.89615 
 24.80679      51.91091 
 24.75185      51.88311 
 24.72465      51.89652 
 24.53693      51.88705 
 24.37892      51.8791 
 24.32734      51.83761 
 24.26983      51.71694 
 24.07534      51.61995 
 23.97131      51.58699 
 23.87604      51.59695 
 23.83621      51.64364 
 23.76051      51.65995 
 23.7236       51.65325 
 23.68103      51.65291 
 23.64859      51.63986 
 23.63022      51.6287 
 23.60636      51.61651 
 23.65992      51.56862 
 23.64721      51.54098 
 23.63159      51.50339 
 23.62135      51.51286 
 23.61482      51.52212 
 23.60174      51.52923 
 23.58834      51.53284 
 23.57717      51.53262 
 23.56458      51.54169 
 23.57263      51.55552 
 23.56801      51.5619 
 23.56382      51.57009 
 23.55921      51.5816 
 23.55048      51.59188 
 23.54025      51.60191 
 23.54226      51.60883 
 23.54038      51.61267 
 23.54525      51.6235 
 23.54162      51.63277 
 23.54837      51.63776 
 23.54259      51.64558 
 23.53927      51.64737 
 23.54027      51.65489 
 23.54518      51.6626 
 23.55745      51.66723 
 23.55443      51.67995 
 23.54922      51.68678 
 23.55718      51.69766 
 23.55076      51.70296 
 23.55609      51.70824 
 23.54735      51.71129 
 23.54847      51.72081 
 23.54482      51.72756 
 23.54034      51.72354 
 23.53508      51.72672 
 23.53178      51.73504 
 23.54085      51.74561 
 23.55876      51.75929 
 23.56594      51.75751 
 23.57799      51.75919 
 23.5882       51.76217 
 23.59622      51.7721 
 23.61701      51.77487 
 23.62482      51.78021 
 23.6312       51.78669 
 23.63684      51.79144 
 23.64141      51.80057 
 23.62926      51.81695 
 23.62414      51.82715 
 23.60534      51.83023 
 23.60961      51.83942 
 23.60187      51.84284 
 23.61409      51.85371 
 23.60643      51.87537 
 23.63103      51.87326 
 23.62662      51.88884 
 23.6228       51.90184 
 23.61647      51.91426 
 23.61888      51.92522 
 23.63063      51.92811 
 23.64633      51.93652 
 23.64053      51.95033 
 23.62991      51.95309 
 23.66549      51.96401 
 23.66493      51.97802 
 23.68769      51.98835 
 23.68139      52.00156 
 23.65931      52.01724 
 23.66226      52.02786 
 23.65774      52.04278 
 23.64554      52.05728 
 23.65455      52.06226 
 23.65369      52.07276 
 23.64309      52.07816 
 23.63873      52.08595 
 23.62028      52.1059 
 23.60288      52.11485 
 23.57955      52.1199 
 23.56568      52.1164 
 23.55683      52.11125 
 23.54821      52.11604 
 23.54027      52.12927 
 23.52756      52.13158 
 23.5179       52.13927 
 23.51513      52.1437 
 23.49687      52.1479 
 23.48625      52.16321 
 23.49342      52.17267 
 23.49769      52.17181 
 23.49601      52.18045 
 23.46207      52.17691 
 23.45009      52.18239 
 23.43624      52.1766 
 23.41615      52.18214 
 23.39786      52.18038 
 23.40023      52.19447 
 23.39674      52.20064 
 23.38385      52.19577 
 23.37134      52.20139 
 23.35284      52.20451 
 23.34997      52.211 
 23.32762      52.21065 
 23.29834      52.2128 
 23.30701      52.22159 
 23.25932      52.21636 
 23.21808      52.22555 
 23.19467      52.24117 
 23.20011      52.26737 
 23.19491      52.27935 
 23.27303      52.38694 
 23.35852      52.46974 
 23.46787      52.54851 
 23.7204       52.61425 
 23.85338      52.66425 
 23.93958      52.76157 
 23.92612      52.90098 
 23.92226      52.94225 
 23.91638      53.02903 
 23.90247      53.0516 
 23.88084      53.07744 
 23.88951      53.10945 
 23.91724      53.13683 
 23.91526      53.16233 
 23.88393      53.1861 
 23.86359      53.21777 
 23.75485      53.35853 
 23.69943      53.45172 
 23.65988      53.52182 
 23.62927      53.59057 
 23.59658      53.67616 
 23.58591      53.72602 
 23.54918      53.7677 
 23.55872      53.83146 
 23.52542      53.86253 
 23.51184      53.9102 
 23.51389      53.94356 
 23.55048      53.9445 
 23.58722      53.94073 
 23.60473      53.92184 
 23.64713      53.93231 
 23.68163      53.93217 
 23.71834      53.93617 
 23.74813      53.92708 
 23.77318      53.9145 
 23.77463      53.89987 
 23.7783       53.89894 
 23.78201      53.9003 
 23.79407      53.89953 
 23.81836      53.91102 
 23.81991      53.94038 
 23.88042      53.9427 
 23.93792      53.95892 
 23.97165      53.93437 
 23.99981      53.92631 
 24.10169      53.93944 
 24.14271      53.95377 
 24.1979       53.96751 
 24.23292      53.94476 
 24.26811      53.9354 
 24.309        53.90685 
 24.35746      53.9027 
 24.41042      53.90605 
 24.42819      53.90888 
 24.45565      53.90871 
 24.5002       53.9433 
 24.67032      54.01394 
 24.69366      53.97763 
 24.743        53.97881 
 24.84323      54.02246 
 24.87361      54.03517 
 24.8219       54.05033 
 24.98193      54.15579 
 25.05012      54.13943 
 25.09634      54.15042 
 25.15312      54.18551 
 25.1932       54.21023 
 25.21594      54.24208 
 25.26049      54.26053 
 25.30349      54.26208 
 25.35756      54.2662 
 25.40297      54.27753 
 25.45507      54.29443 
 25.48493      54.30087 
 25.51601      54.29598 
 25.5524       54.274 
 25.56424      54.26242 
 25.58501      54.23384 
 25.56253      54.2274 
 25.54931      54.21993 
 25.54459      54.19109 
 25.53394      54.15822 
 25.57162      54.15144 
 25.62029      54.14234 
 25.65771      54.13711 
 25.68775      54.15719 
 25.70397      54.15968 
 25.72663      54.16389 
 25.75736      54.16002 
 25.78354      54.1535 
 25.77642      54.18045 
 25.77015      54.20508 
 25.78637      54.23298 
 25.75865      54.25117 
 25.72957      54.27553 
 25.70912      54.28448 
 25.67737      54.32413 
 25.62801      54.31649 
 25.58742      54.3231 
 25.5506       54.33014 
 25.56836      54.36653 
 25.58373      54.39099 
 25.6263       54.4176 
 25.62844      54.45434 
 25.62347      54.46841 
 25.67196      54.52188 
 25.75324      54.56763 
 25.75667      54.59373 
 25.74981      54.62342 
 25.7323       54.67844 
 25.74328      54.70753 
 25.74045      54.78272 
 25.74783      54.81877 
 25.78002      54.84332 
 25.81332      54.87027 
 25.84843      54.89542 
 25.85658      54.92237 
 25.91392      54.9337 
 25.95718      54.94975 
 26.00584      54.94717 
 26.06163      54.94383 
 26.08043      54.95293 
 26.1139       54.97601 
 26.14986      54.9888 
 26.215        55.01421 
 26.24754      55.07008 
 26.25096      55.09179 
 26.25921      55.11909 
 26.30857      55.13471 
 26.34942      55.14545 
 26.39182      55.1384 
 26.41972      55.13737 
 26.46855      55.13059 
 26.51696      55.15995 
 26.58966      55.15549 
 26.64193      55.15454 
 26.68133      55.16913 
 26.69189      55.1772 
 26.67704      55.19771 
 26.7251       55.21522 
 26.74896      55.25333 
 26.79892      55.27385 
 26.82904      55.30715 
 26.79136      55.31917 
 26.73411      55.32432 
 26.68759      55.32929 
 26.6621       55.32955 
 26.64476      55.32457 
 26.63138      55.33419 
 26.61472      55.32809 
 26.59438      55.32226 
 26.57816      55.32757 
 26.55722      55.31925 
 26.52323      55.32955 
 26.4798       55.33899 
 26.45619      55.35195 
 26.49345      55.37015 
 26.52846      55.38774 
 26.55438      55.4153 
 26.55155      55.4401 
 26.55138      55.46087 
 26.55893      55.47984 
 26.52649      55.50851 
 26.56305      55.53254 
 26.60151      55.55546 
 26.64279      55.57838 
 26.65129      55.62318 
 26.63764      55.65502 
 26.63525      55.68178 
 26.74775      55.68168 
 26.87076      55.71373 
 26.91076      55.77323 
 26.96312      55.80294 
 27.02445      55.82669 
 27.07116      55.82954 
 27.12829      55.84995 
 27.17111      55.84197 
 27.23105      55.81123 
 27.27223      55.78912 
 27.35439      55.80783 
 27.42118      55.79799 
 27.52896      55.7859 
 27.61803      55.79124 
 27.7436       55.97163 
 27.7664       55.97709 
 27.78799      55.98057 
 27.80032      55.98692 
 27.80941      56.0042 
 27.83287      56.02041 
 27.83652      56.03745 
 27.8826       56.05329 
 27.90272      56.0499 
 27.92708      56.06711 
 27.95156      56.10161 
 27.96959      56.1142 
 28.00089      56.12621 
 28.0612       56.13438 
 28.08594      56.13694 
 28.0953       56.15044 
 28.11323      56.16238 
 28.13691      56.17142 
 28.15688      56.15225 
 28.24405      56.10992 
 28.27126      56.0925 
 28.32301      56.05954 
 28.38412      56.07464 
 28.37159      56.09619 
 28.40146      56.10091 
 28.41725      56.08993 
 28.45682      56.10245 
 28.51261      56.10657 
 28.54978      56.11447 
 28.632        56.10229 
 28.67174      56.09224 
 28.64342      56.08546 
 28.64994      56.06263 
 28.68987      56.03141 
 28.70157      56.01276 
 28.72369      55.98138 
 28.74904      55.97192 
 28.79214      55.97255 
 28.84428      55.95517 
 28.92488      55.99918 
 29.00594      56.01383 
 29.0655       56.02911 
 29.11163      56.01633 
 29.1435       56.02765 
 29.21232      55.99056 
 29.29056      55.99002 
 29.3735       55.97367 
 29.42676      55.95007 
 29.46073      55.91273 
 29.39639      55.89674 
 29.3969       55.84857 
 29.37566      55.80693 
 29.3704       55.78025 
 29.40285      55.75149 
 29.47271      55.71047 
 29.54404      55.71931 
 29.58747      55.75046 
 29.63013      55.77476 
 29.68463      55.79149 
 29.75012      55.80093 
 29.76917      55.77888 
 29.82393      55.7981 
 29.84522      55.81484 
 29.87706      55.83981 
 29.89955      55.86101 
 29.97156      55.85612 
 29.99594      55.86934 
 30.0628       55.84986 
 30.11902      55.83269 
 30.15876      55.84762 
 30.16056      55.87561 
 30.19575      55.86445 
 30.26656      55.86513 
 30.2857       55.8435 
 30.34759      55.82557 
 30.40037      55.81484 
 30.4626       55.81072 
 30.5074       55.78411 
 30.53161      55.74943 
 30.63555      55.71957 
 30.64147      55.67579 
 30.6613       55.66257 
 30.67426      55.63511 
 30.71323      55.65906 
 30.75151      55.62112 
 30.75975      55.59417 
 30.81099      55.59391 
 30.83081      55.61039 
 30.83845      55.62549 
 30.9078       55.61459 
 30.93553      55.61751 
 30.93879      55.57949 
 30.94892      55.54138 
 30.91776      55.53194 
 30.93184      55.51846 
 30.94651      55.51082 
 30.95218      55.49443 
 30.89965      55.46396 
 30.91304      55.42851 
 30.93063      55.39229 
 30.88815      55.36311 
 30.83888      55.33916 
 30.82326      55.30869 
 30.85682      55.28011 
 30.92436      55.22947 
 30.99388      55.03068 
 30.81828      54.93293 
 30.83322      54.90615 
 30.81502      54.8786 
 30.7703       54.84092 
 30.75271      54.80744 
 30.84661      54.77972 
 30.91364      54.75474 
 30.9684       54.72496 
 31.00668      54.72118 
 31.00299      54.70178 
 31.01724      54.67372 
 31.06608      54.66265 
 31.07843      54.66694 
 31.12753      54.66333 
 31.16667      54.66668 
 31.19886      54.64574 
 31.20624      54.62634 
 31.18847      54.61072 
 31.158        54.58565 
 31.13637      54.55699 
 31.09792      54.52412 
 31.08728      54.50755 
 31.13766      54.48901 
 31.19431      54.48034 
 31.22418      54.46867 
 31.23525      54.43477 
 31.26417      54.40327 
 31.25422      54.37666 
 31.30374      54.36481 
 31.3185       54.33761 
 31.30657      54.31469 
 31.31044      54.2825 
 31.33249      54.24808 
 31.38434      54.22414 
 31.4106       54.22233 
 31.38416      54.2092 
 31.44931      54.19796 
 31.49162      54.18388 
 31.51368      54.15745 
 31.5572       54.14432 
 31.61144      54.13582 
 31.66337      54.12929 
 31.67736      54.10372 
 31.74851      54.1111 
 31.768        54.09016 
 31.78637      54.07797 
 31.88344      54.03025 
 31.85992      54.00844 
 31.8565       53.95677 
 31.84907      53.94222 
 31.85226      53.93618 
 31.85542      53.92517 
 31.85213      53.91441 
 31.8388       53.91232 
 31.82422      53.89274 
 31.79615      53.87738 
 31.7904       53.85541 
 31.76379      53.8367 
 31.77178      53.81378 
 31.80499      53.80279 
 31.87185      53.78554 
 31.9491       53.78563 
 32.05364      53.80606 
 32.1308       53.81335 
 32.17964      53.79507 
 32.25869      53.77087 
 32.29869      53.76108 
 32.41421      53.72829 
 32.4979       53.69816 
 32.44666      53.66916 
 32.41104      53.65113 
 32.43035      53.64066 
 32.4258       53.60744 
 32.48005      53.54522 
 32.53747      53.51913 
 32.60158      53.49629 
 32.63626      53.48986 
 32.72613      53.46007 
 32.75642      53.43124 
 32.74269      53.41424 
 32.7408       53.3969 
 32.72938      53.36145 
 32.68793      53.3339 
 32.613        53.33914 
 32.54863      53.3024 
 32.48846      53.30352 
 32.49352      53.26275 
 32.46743      53.23468 
 32.43009      53.2073 
 32.36066      53.1867 
 32.26504      53.12791 
 32.23251      53.11409 
 32.18496      53.10868 
 32.04231      53.08826 
 31.89735      53.11186 
 31.74242      53.19881 
 31.70746      53.20435 
END
END
