Relation 59752
1
   27.268066    54.992065  
   27.273559    54.981079  
   27.262573    54.981079  
   27.262573    54.970092  
   27.268066    54.959106  
   27.279052    54.959106  
   27.284545    54.94812   
   27.317504    54.937133  
   27.306518    54.926147  
   27.306518    54.904174  
   27.333984    54.898681  
   27.350463    54.876709  
   27.405395    54.854736  
   27.421875    54.865722  
   27.427368    54.854736  
   27.460327    54.860229  
   27.493286    54.838256  
   27.493286    54.821777  
   27.476806    54.821777  
   27.471313    54.816284  
   27.482299    54.810791  
   27.493286    54.805297  
   27.526245    54.816284  
   27.55371     54.810791  
   27.542724    54.794311  
   27.542724    54.777832  
   27.531738    54.766845  
   27.625122    54.766845  
   27.630615    54.772338  
   27.652587    54.766845  
   27.658081    54.755859  
   27.696533    54.750366  
   27.69104     54.717407  
   27.702026    54.717407  
   27.696533    54.678955  
   27.713012    54.673461  
   27.685546    54.662475  
   27.680053    54.645996  
   27.680053    54.635009  
   27.69104     54.635009  
   27.69104     54.61853   
   27.702026    54.613037  
   27.713012    54.613037  
   27.745971    54.624023  
   27.751464    54.61853   
   27.756958    54.61853   
   27.773437    54.624023  
   27.773437    54.629516  
   27.806396    54.640502  
   27.811889    54.645996  
   27.844848    54.635009  
   27.828369    54.61853   
   27.8833      54.607543  
   27.949218    54.613037  
   27.971191    54.596557  
   27.971191    54.591064  
   27.98767     54.585571  
   28.009643    54.591064  
   28.00415     54.60205   
   28.015136    54.613037  
   28.031616    54.613037  
   28.031616    54.61853   
   28.064575    54.624023  
   28.081054    54.624023  
   28.097534    54.624023  
   28.097534    54.635009  
   28.125       54.640502  
   28.114013    54.651489  
   28.125       54.662475  
   28.130493    54.662475  
   28.130493    54.656982  
   28.207397    54.673461  
   28.218383    54.667968  
   28.201904    54.662475  
   28.240356    54.640502  
   28.240356    54.629516  
   28.251342    54.629516  
   28.256835    54.635009  
   28.267822    54.61853   
   28.273315    54.613037  
   28.284301    54.61853   
   28.284301    54.613037  
   28.295288    54.607543  
   28.322753    54.596557  
   28.377685    54.558105  
   28.394165    54.558105  
   28.427124    54.574584  
   28.43811     54.60205   
   28.449096    54.662475  
   28.454589    54.667968  
   28.54248     54.667968  
   28.547973    54.656982  
   28.575439    54.667968  
   28.580932    54.662475  
   28.602905    54.673461  
   28.608398    54.662475  
   28.619384    54.667968  
   28.635864    54.662475  
   28.641357    54.651489  
   28.674316    54.624023  
   28.679809    54.607543  
   28.66333     54.596557  
   28.679809    54.574584  
   28.707275    54.574584  
   28.729248    54.580078  
   28.740234    54.574584  
   28.762207    54.585571  
   28.784179    54.580078  
   28.789672    54.580078  
   28.789672    54.574584  
   28.811645    54.569091  
   28.839111    54.563598  
   28.861084    54.574584  
   28.877563    54.580078  
   28.877563    54.591064  
   28.861084    54.607543  
   28.866577    54.607543  
   28.888549    54.607543  
   28.899536    54.61853   
   28.937988    54.60205   
   28.965454    54.60205   
   28.987426    54.591064  
   28.992919    54.596557  
   28.992919    54.591064  
   29.014892    54.585571  
   29.031372    54.596557  
   29.025878    54.607543  
   29.036865    54.61853   
   29.069824    54.61853   
   29.102783    54.640502  
   29.130249    54.629516  
   29.157714    54.629516  
   29.174194    54.635009  
   29.207153    54.640502  
   29.212646    54.640502  
   29.207153    54.629516  
   29.212646    54.624023  
   29.229124    54.624023  
   29.207153    54.613037  
   29.218139    54.607543  
   29.223632    54.591064  
   29.20166     54.585571  
   29.229124    54.574584  
   29.251098    54.580078  
   29.251098    54.569091  
   29.267578    54.574584  
   29.273071    54.569091  
   29.267578    54.563598  
   29.278564    54.558105  
   29.28955     54.574584  
   29.30603     54.574584  
   29.311523    54.574584  
   29.322509    54.585571  
   29.338989    54.585571  
   29.349975    54.580078  
   29.388427    54.60205   
   29.371948    54.585571  
   29.404907    54.585571  
   29.415893    54.60205   
   29.426879    54.60205   
   29.421386    54.613037  
   29.432373    54.61853   
   29.465332    54.61853   
   29.470825    54.60205   
   29.481811    54.60205   
   29.487304    54.585571  
   29.454345    54.574584  
   29.465332    54.569091  
   29.454345    54.563598  
   29.459838    54.547119  
   29.443359    54.536132  
   29.437866    54.519653  
   29.448852    54.503173  
   29.432373    54.486694  
   29.421386    54.481201  
   29.421386    54.475708  
   29.399414    54.464721  
   29.4104      54.459228  
   29.415893    54.464721  
   29.415893    54.453735  
   29.437866    54.437255  
   29.421386    54.431762  
   29.421386    54.40979   
   29.426879    54.398803  
   29.437866    54.398803  
   29.443359    54.387817  
   29.432373    54.387817  
   29.421386    54.387817  
   29.404907    54.371337  
   29.371948    54.365844  
   29.344482    54.365844  
   29.344482    54.360351  
   29.366455    54.360351  
   29.355468    54.349365  
   29.377441    54.321899  
   29.399414    54.321899  
   29.4104      54.316406  
   29.404907    54.316406  
   29.39392     54.316406  
   29.382934    54.310913  
   29.382934    54.299926  
   29.377441    54.294433  
   29.371948    54.283447  
   29.377441    54.277954  
   29.360961    54.266967  
   29.355468    54.277954  
   29.344482    54.261474  
   29.333496    54.244995  
   29.360961    54.234008  
   29.399414    54.244995  
   29.399414    54.228515  
   29.432373    54.228515  
   29.432373    54.223022  
   29.443359    54.217529  
   29.443359    54.212036  
   29.459838    54.212036  
   29.443359    54.206542  
   29.454345    54.201049  
   29.443359    54.195556  
   29.448852    54.190063  
   29.426879    54.179077  
   29.426879    54.173583  
   29.437866    54.16809   
   29.426879    54.140625  
   29.404907    54.129638  
   29.415893    54.124145  
   29.415893    54.113159  
   29.432373    54.102172  
   29.421386    54.096679  
   29.426879    54.069213  
   29.415893    54.052734  
   29.426879    54.041748  
   29.404907    54.047241  
   29.344482    54.025268  
   29.328002    54.014282  
   29.328002    54.008789  
   29.355468    53.997802  
   29.360961    53.981323  
   29.349975    53.964843  
   29.371948    53.953857  
   29.371948    53.926391  
   29.39392     53.920898  
   29.382934    53.915405  
   29.39392     53.909912  
   29.382934    53.893432  
   29.371948    53.887939  
   29.382934    53.882446  
   29.388427    53.876953  
   29.39392     53.882446  
   29.39392     53.876953  
   29.388427    53.871459  
   29.366455    53.860473  
   29.388427    53.85498   
   29.399414    53.865966  
   29.421386    53.865966  
   29.377441    53.838501  
   29.355468    53.833007  
   29.366455    53.827514  
   29.415893    53.833007  
   29.421386    53.816528  
   29.454345    53.816528  
   29.459838    53.811035  
   29.492797    53.805542  
   29.487304    53.789062  
   29.476318    53.783569  
   29.388427    53.783569  
   29.382934    53.772583  
   29.421386    53.761596  
   29.4104      53.761596  
   29.399414    53.75061   
   29.388427    53.756103  
   29.39392     53.728637  
   29.388427    53.723144  
   29.366455    53.723144  
   29.338989    53.745117  
   29.322509    53.745117  
   29.317016    53.739624  
   29.317016    53.712158  
   29.300537    53.695678  
   29.256591    53.684692  
   29.245605    53.673706  
   29.207153    53.668212  
   29.196167    53.657226  
   29.174194    53.657226  
   29.152221    53.679199  
   29.146728    53.679199  
   29.141235    53.673706  
   29.130249    53.673706  
   29.124755    53.684692  
   29.102783    53.684692  
   29.09729     53.662719  
   29.108276    53.64624   
   29.091796    53.635253  
   29.069824    53.640747  
   29.064331    53.635253  
   29.075317    53.624267  
   29.069824    53.602294  
   29.08081     53.602294  
   29.086303    53.591308  
   29.069824    53.580322  
   29.058837    53.580322  
   29.053344    53.585815  
   29.036865    53.580322  
   29.020385    53.585815  
   28.998413    53.585815  
   28.992919    53.591308  
   28.970947    53.580322  
   28.954467    53.580322  
   28.948974    53.574829  
   28.97644     53.563842  
   28.970947    53.563842  
   28.954467    53.563842  
   28.95996     53.547363  
   28.965454    53.54187   
   28.95996     53.536376  
   28.970947    53.52539   
   28.965454    53.519897  
   28.954467    53.519897  
   28.95996     53.530883  
   28.916015    53.530883  
   28.905029    53.552856  
   28.87207     53.574829  
   28.839111    53.580322  
   28.833618    53.580322  
   28.817138    53.602294  
   28.778686    53.596801  
   28.778686    53.580322  
   28.745727    53.580322  
   28.707275    53.580322  
   28.619384    53.613281  
   28.624877    53.602294  
   28.613891    53.596801  
   28.608398    53.585815  
   28.619384    53.574829  
   28.586425    53.574829  
   28.586425    53.558349  
   28.531494    53.558349  
   28.498535    53.54187   
   28.498535    53.536376  
   28.54248     53.530883  
   28.547973    53.52539   
   28.547973    53.530883  
   28.536987    53.54187   
   28.553466    53.530883  
   28.569946    53.536376  
   28.575439    53.530883  
   28.558959    53.519897  
   28.526001    53.52539   
   28.520507    53.508911  
   28.509521    53.514404  
   28.498535    53.530883  
   28.487548    53.530883  
   28.493042    53.52539   
   28.493042    53.519897  
   28.476562    53.514404  
   28.471069    53.519897  
   28.432617    53.492431  
   28.416137    53.492431  
   28.405151    53.475952  
   28.372192    53.492431  
   28.361206    53.486938  
   28.355712    53.486938  
   28.350219    53.475952  
   28.344726    53.481445  
   28.33374     53.481445  
   28.355712    53.470459  
   28.383178    53.464965  
   28.405151    53.453979  
   28.405151    53.404541  
   28.383178    53.393554  
   28.383178    53.382568  
   28.355712    53.388061  
   28.355712    53.360595  
   28.361206    53.355102  
   28.405151    53.344116  
   28.432617    53.322143  
   28.43811     53.30017   
   28.427124    53.278198  
   28.328247    53.272705  
   28.328247    53.256225  
   28.278808    53.256225  
   28.22937     53.256225  
   28.152465    53.267211  
   28.146972    53.283691  
   28.10852     53.267211  
   28.086547    53.272705  
   28.092041    53.250732  
   28.119506    53.239746  
   28.114013    53.223266  
   28.119506    53.217773  
   28.130493    53.217773  
   28.163452    53.206787  
   28.179931    53.206787  
   28.185424    53.184814  
   28.218383    53.1958    
   28.22937     53.184814  
   28.240356    53.184814  
   28.245849    53.1958    
   28.267822    53.1958    
   28.278808    53.184814  
   28.273315    53.179321  
   28.284301    53.173828  
   28.284301    53.184814  
   28.306274    53.1958    
   28.306274    53.206787  
   28.31726     53.1958    
   28.339233    53.1958    
   28.350219    53.190307  
   28.339233    53.179321  
   28.350219    53.162841  
   28.344726    53.157348  
   28.344726    53.146362  
   28.355712    53.146362  
   28.361206    53.151855  
   28.366699    53.146362  
   28.372192    53.146362  
   28.377685    53.157348  
   28.372192    53.157348  
   28.372192    53.173828  
   28.405151    53.157348  
   28.394165    53.151855  
   28.410644    53.146362  
   28.427124    53.151855  
   28.427124    53.157348  
   28.454589    53.151855  
   28.493042    53.162841  
   28.509521    53.146362  
   28.504028    53.129882  
   28.520507    53.129882  
   28.526001    53.113403  
   28.54248     53.10791   
   28.526001    53.102416  
   28.536987    53.069458  
   28.526001    53.052978  
   28.536987    53.041992  
   28.536987    53.020019  
   28.569946    52.998046  
   28.54248     52.970581  
   28.526001    52.976074  
   28.531494    52.970581  
   28.493042    52.98706   
   28.471069    52.970581  
   28.454589    52.976074  
   28.443603    52.970581  
   28.432617    52.954101  
   28.460083    52.915649  
   28.471069    52.915649  
   28.476562    52.888183  
   28.454589    52.86621   
   28.42163     52.860717  
   28.416137    52.855224  
   28.416137    52.849731  
   28.427124    52.849731  
   28.449096    52.822265  
   28.432617    52.789306  
   28.427124    52.77832   
   28.372192    52.756347  
   28.366699    52.723388  
   28.416137    52.717895  
   28.449096    52.706909  
   28.465576    52.684936  
   28.487548    52.679443  
   28.482055    52.67395   
   28.471069    52.679443  
   28.454589    52.65747   
   28.43811     52.65747   
   28.443603    52.651977  
   28.43811     52.640991  
   28.432617    52.558593  
   28.432617    52.542114  
   28.410644    52.525634  
   28.383178    52.520141  
   28.344726    52.487182  
   28.262329    52.481689  
   28.201904    52.476196  
   28.196411    52.492675  
   28.135986    52.487182  
   28.119506    52.525634  
   28.015136    52.509155  
   27.993164    52.514648  
   27.971191    52.509155  
   27.971191    52.503662  
   27.976684    52.470703  
   27.976684    52.465209  
   27.960205    52.459716  
   27.954711    52.43225   
   27.932739    52.43225   
   27.905273    52.421264  
   27.8833      52.426757  
   27.877807    52.421264  
   27.800903    52.443237  
   27.789917    52.437744  
   27.745971    52.43225   
   27.729492    52.43225   
   27.696533    52.437744  
   27.663574    52.454223  
   27.658081    52.470703  
   27.647094    52.481689  
   27.619628    52.481689  
   27.636108    52.520141  
   27.630615    52.531127  
   27.614135    52.525634  
   27.614135    52.542114  
   27.603149    52.536621  
   27.597656    52.547607  
   27.57019     52.531127  
   27.542724    52.547607  
   27.537231    52.536621  
   27.520751    52.531127  
   27.504272    52.525634  
   27.46582     52.536621  
   27.460327    52.525634  
   27.399902    52.531127  
   27.383422    52.503662  
   27.372436    52.498168  
   27.366943    52.492675  
   27.36145     52.492675  
   27.34497     52.487182  
   27.366943    52.44873   
   27.34497     52.43225   
   27.317504    52.415771  
   27.306518    52.404785  
   27.279052    52.399292  
   27.2734386   52.3880661 
   27.229614    52.399292  
   27.229614    52.421264  
   27.163696    52.421264  
   27.180175    52.44873   
   27.158203    52.470703  
   27.048339    52.520141  
   27.053833    52.520141  
   27.059326    52.525634  
   27.042846    52.525634  
   27.042846    52.531127  
   27.053833    52.531127  
   27.059326    52.558593  
   27.037353    52.558593  
   27.037353    52.597045  
   27.08679     52.602539  
   27.081298    52.613525  
   27.08679     52.619018  
   27.053833    52.640991  
   27.059326    52.651977  
   27.03186     52.65747   
   27.01538     52.65747   
   27.0177399   52.6736596 
   27.059326    52.67395   
   27.053833    52.712402  
   27.037353    52.717895  
   27.026367    52.717895  
   27.037353    52.745361  
   27.009887    52.783813  
   27.004394    52.77832   
   26.954956    52.739868  
   26.92749     52.750854  
   26.900024    52.756347  
   26.867065    52.772827  
   26.834106    52.767334  
   26.80664     52.767334  
   26.762695    52.794799  
   26.757202    52.822265  
   26.746215    52.833251  
   26.751709    52.849731  
   26.740722    52.855224  
   26.735229    52.849731  
   26.707763    52.849731  
   26.713256    52.838745  
   26.674804    52.849731  
   26.663818    52.86621   
   26.658325    52.860717  
   26.647338    52.86621   
   26.625366    52.86621   
   26.625366    52.871704  
   26.586914    52.893676  
   26.559448    52.844238  
   26.526489    52.833251  
   26.510009    52.860717  
   26.449584    52.805786  
   26.444091    52.805786  
   26.444091    52.816772  
   26.4111995   52.832916  
   26.383667    52.849731  
   26.38916     52.86621   
   26.411132    52.877197  
   26.427612    52.888183  
   26.460571    52.910156  
   26.460571    52.915649  
   26.449584    52.915649  
   26.438598    52.921142  
   26.438598    52.932128  
   26.411132    52.948608  
   26.411132    52.954101  
   26.38916     52.981567  
   26.394653    52.992553  
   26.411132    52.992553  
   26.422119    53.00354   
   26.433105    53.00354   
   26.460571    53.00354   
   26.455078    53.041992  
   26.47705     53.058471  
   26.520996    53.047485  
   26.531982    53.052978  
   26.510009    53.085937  
   26.488037    53.085937  
   26.482543    53.09143   
   26.471557    53.118896  
   26.411132    53.118896  
   26.378173    53.129882  
   26.378173    53.146362  
   26.361694    53.157348  
   26.334228    53.157348  
   26.339721    53.168334  
   26.323242    53.179321  
   26.312255    53.179321  
   26.290283    53.184814  
   26.273803    53.21228   
   26.306762    53.217773  
   26.306762    53.228759  
   26.323242    53.239746  
   26.345214    53.239746  
   26.345214    53.261718  
   26.38916     53.261718  
   26.405639    53.322143  
   26.383667    53.322143  
   26.37268     53.360595  
   26.361694    53.366088  
   26.37268     53.371582  
   26.394653    53.366088  
   26.416624    53.388061  
   26.427612    53.382568  
   26.438598    53.388061  
   26.444091    53.382568  
   26.460571    53.393554  
   26.504516    53.388061  
   26.520996    53.388061  
   26.526489    53.399047  
   26.58142     53.404541  
   26.58142     53.415527  
   26.559448    53.432006  
   26.553955    53.464965  
   26.553955    53.503417  
   26.531982    53.514404  
   26.526489    53.514404  
   26.515502    53.503417  
   26.499023    53.508911  
   26.548461    53.536376  
   26.542968    53.547363  
   26.537475    53.552856  
   26.542968    53.558349  
   26.526489    53.558349  
   26.520996    53.558349  
   26.510009    53.569335  
   26.482543    53.574829  
   26.49353     53.580322  
   26.455078    53.602294  
   26.444091    53.624267  
   26.400146    53.64624   
   26.400146    53.657226  
   26.383667    53.668212  
   26.361694    53.668212  
   26.367187    53.695678  
   26.306762    53.706665  
   26.306762    53.717651  
   26.262817    53.761596  
   26.273803    53.772583  
   26.257324    53.783569  
   26.279296    53.794555  
   26.262817    53.811035  
   26.240844    53.800048  
   26.224365    53.811035  
   26.235351    53.811035  
   26.229858    53.822021  
   26.229858    53.827514  
   26.262817    53.827514  
   26.235351    53.865966  
   26.26831     53.865966  
   26.273803    53.876953  
   26.279296    53.876953  
   26.295776    53.865966  
   26.350708    53.893432  
   26.361694    53.887939  
   26.37268     53.893432  
   26.383667    53.898925  
   26.356201    53.926391  
   26.361694    53.926391  
   26.367187    53.920898  
   26.378173    53.920898  
   26.411132    53.931884  
   26.438598    53.953857  
   26.400146    53.997802  
   26.400146    54.003295  
   26.37268     53.992309  
   26.356201    53.981323  
   26.339721    53.981323  
   26.323242    53.970336  
   26.306762    53.97583   
   26.328735    54.003295  
   26.328735    54.025268  
   26.323242    54.058227  
   26.28479     54.052734  
   26.246337    54.041748  
   26.246337    54.036254  
   26.240844    54.041748  
   26.235351    54.030761  
   26.224365    54.036254  
   26.224365    54.030761  
   26.213378    54.030761  
   26.202392    54.025268  
   26.185913    54.025268  
   26.169433    54.030761  
   26.169433    54.041748  
   26.14746     54.058227  
   26.152954    54.069213  
   26.136474    54.085693  
   26.141967    54.096679  
   26.125488    54.107666  
   26.130981    54.129638  
   26.141967    54.151611  
   26.109008    54.140625  
   26.087036    54.146118  
   26.081541    54.135131  
   26.103515    54.118652  
   26.098022    54.113159  
   26.054077    54.124145  
   26.04309     54.124145  
   26.004638    54.146118  
   26.010131    54.157104  
   26.015625    54.162597  
   26.037597    54.173583  
   26.054077    54.206542  
   26.065063    54.201049  
   26.05957     54.190063  
   26.070556    54.190063  
   26.081541    54.18457   
   26.092529    54.190063  
   26.103515    54.18457   
   26.119995    54.201049  
   26.130981    54.201049  
   26.14746     54.212036  
   26.158447    54.212036  
   26.16394     54.217529  
   26.202392    54.239501  
   26.218872    54.228515  
   26.235351    54.239501  
   26.257324    54.228515  
   26.262817    54.217529  
   26.279296    54.223022  
   26.312255    54.206542  
   26.317749    54.206542  
   26.328735    54.217529  
   26.350708    54.212036  
   26.37268     54.228515  
   26.37268     54.239501  
   26.38916     54.234008  
   26.378173    54.244995  
   26.400146    54.266967  
   26.405639    54.266967  
   26.411132    54.266967  
   26.411132    54.277954  
   26.422119    54.277954  
   26.427612    54.294433  
   26.444091    54.294433  
   26.449584    54.299926  
   26.466064    54.294433  
   26.49353     54.305419  
   26.49353     54.321899  
   26.488037    54.321899  
   26.526489    54.371337  
   26.542968    54.371337  
   26.542968    54.376831  
   26.537475    54.382324  
   26.537475    54.387817  
   26.553955    54.39331   
   26.564941    54.404296  
   26.5979      54.40979   
   26.608886    54.415283  
   26.630859    54.420776  
   26.647338    54.442749  
   26.630859    54.453735  
   26.658325    54.492187  
   26.641845    54.503173  
   26.647338    54.508667  
   26.647338    54.519653  
   26.630859    54.519653  
   26.630859    54.530639  
   26.614379    54.536132  
   26.619873    54.547119  
   26.630859    54.552612  
   26.614379    54.563598  
   26.647338    54.558105  
   26.669311    54.552612  
   26.658325    54.591064  
   26.663818    54.591064  
   26.691284    54.580078  
   26.696777    54.591064  
   26.696777    54.596557  
   26.663818    54.60205   
   26.669311    54.635009  
   26.663818    54.635009  
   26.663818    54.640502  
   26.680297    54.645996  
   26.641845    54.640502  
   26.636352    54.651489  
   26.619873    54.651489  
   26.603393    54.640502  
   26.592407    54.645996  
   26.592407    54.651489  
   26.575927    54.656982  
   26.559448    54.695434  
   26.548461    54.700927  
   26.537475    54.717407  
   26.553955    54.739379  
   26.548461    54.755859  
   26.542968    54.755859  
   26.526489    54.755859  
   26.504516    54.761352  
   26.449584    54.810791  
   26.444091    54.821777  
   26.438598    54.821777  
   26.427612    54.832763  
   26.394653    54.832763  
   26.378173    54.821777  
   26.361694    54.82727   
   26.345214    54.816284  
   26.334228    54.860229  
   26.345214    54.865722  
   26.350708    54.882202  
   26.361694    54.887695  
   26.279296    54.93164   
   26.28479     54.94812   
   26.290283    54.94812   
   26.312255    54.970092  
   26.334228    54.959106  
   26.34298     54.9620232 
   26.350708    54.964599  
   26.3513719   54.9773949 
   26.3462099   54.9773322 
   26.3461512   54.974718  
   26.3435217   54.9736205 
   26.328735    54.981079  
   26.345214    54.992065  
   26.361694    54.9920756 
   26.37268     54.986572  
   26.383667    54.986572  
   26.3883892   54.984211  
   26.3894903   54.9836604 
   26.394653    54.981079  
   26.4045684   54.981079  
   26.411132    54.981079  
   26.427612    54.964599  
   26.4379573   54.9666681 
   26.4504547   54.9691673 
   26.4550749   54.9700723 
   26.4574748   54.9665239 
   26.460571    54.959106  
   26.488037    54.953613  
   26.510009    54.964599  
   26.564941    54.942626  
   26.614379    54.964599  
   26.592407    54.981079  
   26.5979      54.986572  
   26.630859    54.975585  
   26.647338    54.986572  
   26.652832    54.981079  
   26.674804    54.975585  
   26.691284    54.975585  
   26.7090579   54.9590316 
   26.7230159   54.9588659 
   26.7286583   54.957767  
   26.7406363   54.9587372 
   26.7406811   54.9644843 
   26.7407668   54.969647  
   26.7419323   54.9711736 
   26.7460773   54.9720561 
   26.7489895   54.9722282 
   26.752073    54.9702616 
   26.7554992   54.9722527 
   26.7576405   54.9737522 
   26.7608097   54.9746371 
   26.7633364   54.9724494 
   26.7707026   54.9702616 
   26.790161    54.970092  
   26.801147    54.975585  
   26.812133    54.970092  
   26.82312     54.970092  
   26.82312     54.986572  
   26.80664     54.986572  
   26.795654    54.997558  
   26.801147    55.008544  
   26.8131494   55.0175345 
   26.8341695   55.0151307 
   26.834106    55.008544  
   26.850585    54.997558  
   26.872558    55.019531  
   26.8732392   55.0204278 
   26.8760517   55.019431  
   26.8788641   55.0187861 
   26.8872994   55.0194911 
   26.8928007   55.0204671 
   26.8985606   55.0226644 
   26.9000268   55.0228925 
   26.9009065   55.0219079 
   26.9011578   55.0208033 
   26.903234    55.0187145 
   26.9037759   55.0150753 
   26.9098945   55.0158394 
   26.9104365   55.0144749 
   26.9107297   55.0126374 
   26.9152748   55.0116646 
   26.9170342   55.0092145 
   26.9182909   55.0089983 
   26.9193591   55.0084097 
   26.9200294   55.0077011 
   26.9209359   55.0052015 
   26.9325185   55.0050273 
   26.9334349   55.0046519 
   26.93388     55.0020241 
   26.9345345   55.0013034 
   26.9365767   54.9998017 
   26.9367599   54.998375  
   26.936917    54.9977293 
   26.9375192   54.9971135 
   26.9397446   54.9956567 
   26.9417082   54.9958069 
   26.94341     54.9955666 
   26.951606    54.9908467 
   26.9578894   54.9895462 
   26.9616277   54.9900937 
   26.9629003   54.9890214 
   26.960449    54.986572  
   26.9587233   54.9770194 
   26.9590185   54.9746239 
   26.9598144   54.9739627 
   26.9606971   54.973955  
   26.9606522   54.9742512 
   26.9614272   54.9742031 
   26.9617245   54.9711389 
   26.9626839   54.9695506 
   26.9640086   54.9681381 
   26.9654442   54.9680634 
   26.9666845   54.9673723 
   26.9680707   54.967121  
   26.9696393   54.9670582 
   26.9719375   54.9673723 
   26.975549    54.9670163 
   26.979124    54.9679587 
   26.9825895   54.969236  
   26.9910163   54.9694035 
   26.9966706   54.9710996 
   26.9998444   54.9713718 
   27.0027889   54.9723115 
   27.004915    54.9761874 
   27.0083715   54.9782386 
   27.009887    54.981079  
   27.075805    54.981079  
   27.075805    54.986572  
   27.059326    54.992065  
   27.059326    54.997558  
   27.108764    54.997558  
   27.130737    55.008544  
   27.152708    54.992065  
   27.1580506   55.0000577 
   27.1581176   55.0009412 
   27.1591846   55.0013868 
   27.1609348   55.0015097 
   27.1623635   55.0016224 
   27.1632386   55.0020423 
   27.16356     55.0024725 
   27.1632921   55.0037938 
   27.1627564   55.0044391 
   27.1628814   55.0046746 
   27.1649173   55.0046951 
   27.1655602   55.0049102 
   27.1665424   55.0059139 
   27.1672389   55.0075218 
   27.1676518   55.0074526 
   27.1715454   55.003967  
   27.1750361   55.0002219 
   27.180175    54.997558  
   27.1842271   54.9997398 
   27.1863334   55.0021241 
   27.1871979   55.0043061 
   27.1888377   55.006078  
   27.1961084   55.0055047 
   27.2010058   55.0051648 
   27.2021227   55.0022207 
   27.203265    55.000134  
   27.207641    54.992065  
   27.25708     54.997558  
   27.268066    54.992065  
END
END
