Relation 59506
1
   26.6305      55.6806027 
   26.6307089   55.6766182 
   26.6322557   55.6732072 
   26.6310305   55.6665993 
   26.6310019   55.6588674 
   26.6382045   55.6538305 
   26.633785    55.6104882 
   26.6378098   55.5992256 
   26.6282887   55.5719457 
   26.6214817   55.5689462 
   26.6208546   55.5680101 
   26.6230638   55.5668626 
   26.6239116   55.5655117 
   26.6213271   55.5631537 
   26.6193416   55.5627056 
   26.6156817   55.5651601 
   26.6139808   55.5651827 
   26.6123187   55.5635642 
   26.6109192   55.5625914 
   26.6098301   55.5623537 
   26.6079977   55.5616408 
   26.6086581   55.5598189 
   26.6060196   55.558619  
   26.6054364   55.5562426 
   26.6011741   55.5546354 
   26.5996533   55.5548165 
   26.5987529   55.5542619 
   26.599629    55.5536717 
   26.5994005   55.5512846 
   26.5921889   55.5479529 
   26.5910688   55.5469248 
   26.5874643   55.5461808 
   26.5860666   55.5452062 
   26.5877078   55.5440312 
   26.586076    55.5428186 
   26.5881939   55.5414886 
   26.5873498   55.5400945 
   26.5874643   55.5383537 
   26.5854185   55.5370169 
   26.5836162   55.5369618 
   26.583065    55.535801  
   26.5793297   55.5344396 
   26.5780017   55.535428  
   26.5735809   55.5339072 
   26.5711999   55.5337724 
   26.5691368   55.5332222 
   26.5657306   55.5334235 
   26.5651054   55.5331014 
   26.5663386   55.5311285 
   26.5660142   55.5307013 
   26.5628526   55.5311151 
   26.5598646   55.5283368 
   26.5582366   55.5265642 
   26.5534856   55.526659  
   26.5527295   55.5254333 
   26.5501003   55.5245238 
   26.548124    55.5264311 
   26.5462942   55.5267735 
   26.5346258   55.5242495 
   26.5248819   55.5094813 
   26.5316495   55.5002885 
   26.5360107   55.4975491 
   26.5395909   55.4939888 
   26.5398471   55.4925791 
   26.5390658   55.4836443 
   26.5505724   55.4768854 
   26.5575084   55.4624827 
   26.5541357   55.4613057 
   26.549407    55.4597833 
   26.5420924   55.4499477 
   26.5490319   55.4465406 
   26.5608255   55.4375903 
   26.5590414   55.4377197 
   26.55155     55.4401    
   26.54881     55.4413    
   26.5452645   55.4420421 
   26.54014     55.44156   
   26.5387417   55.4387886 
   26.5424439   55.4364879 
   26.5451257   55.43117   
   26.54683     55.42834   
   26.54924     55.42422   
   26.5530742   55.4192729 
   26.5558376   55.415446  
   26.5597089   55.4103101 
   26.5484661   55.4076067 
   26.5483342   55.40536   
   26.5502536   55.3961184 
   26.5526397   55.394887  
   26.5519022   55.393347  
   26.554102    55.3884746 
   26.5382404   55.3863838 
   26.528597    55.3838462 
   26.5209375   55.3813091 
   26.5112962   55.3793468 
   26.5095978   55.3764277 
   26.507161    55.374698  
   26.5029292   55.3691484 
   26.4943401   55.3692043 
   26.4873175   55.3726847 
   26.4807835   55.3694379 
   26.4748381   55.3697105 
   26.4731446   55.3635597 
   26.4724678   55.3560319 
   26.46873     55.35513   
   26.4623822   55.3538428 
   26.4568221   55.3518732 
   26.455047    55.3505574 
   26.4495559   55.3508701 
   26.4464918   55.3498082 
   26.4452286   55.3484149 
   26.4395543   55.3488095 
   26.4396816   55.3479675 
   26.4414394   55.3475861 
   26.4446574   55.3448636 
   26.4447202   55.3437121 
   26.4455365   55.3432658 
   26.4471406   55.3428517 
   26.4474359   55.3419714 
   26.4488487   55.3419803 
   26.4492726   55.3418553 
   26.4493825   55.3413287 
   26.4504656   55.3415965 
   26.4516272   55.3420517 
   26.4522866   55.3417125 
   26.4521296   55.3414001 
   26.451847    55.3407752 
   26.4524435   55.3399449 
   26.4535895   55.3397753 
   26.4543116   55.3401949 
   26.4541075   55.3407305 
   26.454103    55.3411579 
   26.4547197   55.3413108 
   26.4561639   55.3410787 
   26.4575139   55.3405341 
   26.4580476   55.3411233 
   26.4584401   55.3414626 
   26.4601982   55.3413108 
   26.4611244   55.3408377 
   26.4613128   55.3403467 
   26.4636916   55.3394275 
   26.465573    55.3394329 
   26.467639    55.3397485 
   26.4696794   55.3403416 
   26.4694756   55.3407841 
   26.4700722   55.3409805 
   26.4712652   55.3407752 
   26.4714379   55.3413197 
   26.4721718   55.341206  
   26.472835    55.3408287 
   26.473223    55.3403374 
   26.4739326   55.3407409 
   26.473964    55.3413479 
   26.4742465   55.3415354 
   26.4745341   55.341339  
   26.4745743   55.3407791 
   26.4748757   55.3407105 
   26.475157    55.3409391 
   26.474936    55.341459  
   26.4752815   55.3415524 
   26.4759576   55.3410087 
   26.4754552   55.3405266 
   26.4758634   55.3403392 
   26.4764756   55.3409462 
   26.4771506   55.3409016 
   26.4775744   55.3405891 
   26.4765698   55.3395268 
   26.4782808   55.339616  
   26.4800861   55.3384912 
   26.4802823   55.3379517 
   26.4835055   55.3386255 
   26.4874832   55.3371128 
   26.4878901   55.3375191 
   26.4887714   55.3378431 
   26.4902234   55.3379993 
   26.4917507   55.3376238 
   26.4925781   55.3370842 
   26.4926173   55.3366824 
   26.4915577   55.3363811 
   26.4917687   55.3358963 
   26.4934022   55.335332  
   26.4943637   55.3343164 
   26.4952103   55.3342335 
   26.4963383   55.3348426 
   26.4997991   55.3344726 
   26.5034107   55.3331585 
   26.5051066   55.3335611 
   26.5077549   55.3328748 
   26.5102774   55.3330663 
   26.5119481   55.332403  
   26.513595    55.3333777 
   26.5141291   55.333424  
   26.5144852   55.3333274 
   26.5146238   55.3328091 
   26.5144493   55.3317004 
   26.5141893   55.3312639 
   26.5141141   55.3306217 
   26.5154963   55.3299626 
   26.5167969   55.3300493 
   26.518208    55.3303552 
   26.5186981   55.3297849 
   26.5192126   55.3302238 
   26.5202593   55.3301707 
   26.5203981   55.3304181 
   26.5200967   55.3308124 
   26.5209909   55.3310124 
   26.5217243   55.3308638 
   26.5224476   55.3305152 
   26.5231911   55.3312125 
   26.5242359   55.3317325 
   26.5249565   55.3315225 
   26.5256625   55.3319382 
   26.5262151   55.3323611 
   26.5270992   55.3326297 
   26.5268078   55.3318525 
   26.5269748   55.331537  
   26.5277623   55.3311496 
   26.5288674   55.3309724 
   26.5293697   55.3311039 
   26.5295807   55.3309324 
   26.5290784   55.3307953 
   26.5287368   55.3305152 
   26.5294335   55.3304639 
   26.5307135   55.3306138 
   26.5312535   55.3307996 
   26.53158     55.3304495 
   26.5316804   55.3300066 
   26.5322425   55.3298194 
   26.5329488   55.3302852 
   26.533436    55.3310437 
   26.534167    55.3309139 
   26.5347321   55.3299137 
   26.534359    55.329134  
   26.5357242   55.3290279 
   26.5366033   55.3295065 
   26.5373076   55.3291378 
   26.5379219   55.3290636 
   26.5382284   55.329459  
   26.5385875   55.3297351 
   26.5390898   55.3294065 
   26.5392619   55.3287217 
   26.5414633   55.3287707 
   26.5410183   55.3293095 
   26.5416266   55.329528  
   26.5424139   55.3295333 
   26.5432576   55.3286644 
   26.5438355   55.328622  
   26.5440754   55.3288922 
   26.5438983   55.329726  
   26.5443266   55.3297709 
   26.5464866   55.3289708 
   26.5474402   55.3282063 
   26.54797     55.3288649 
   26.5485085   55.3290565 
   26.5489982   55.3287024 
   26.5488923   55.3283403 
   26.5482448   55.3281952 
   26.5481859   55.3275477 
   26.5489119   55.327224  
   26.5491081   55.3268891 
   26.5482507   55.3264652 
   26.5491866   55.3260519 
   26.5500108   55.3256947 
   26.5508938   55.3260854 
   26.5512418   55.3256254 
   26.5509523   55.3253056 
   26.551103    55.3249269 
   26.5518993   55.3245018 
   26.5524718   55.3245126 
   26.5529491   55.3246983 
   26.5539532   55.3240047 
   26.5541672   55.3236623 
   26.5541295   55.3232479 
   26.5536774   55.3229478 
   26.5538532   55.3226263 
   26.5542921   55.3218415 
   26.5561388   55.3218403 
   26.5578468   55.3218118 
   26.5585249   55.321576  
   26.5598221   55.3215659 
   26.5614241   55.3220645 
   26.5623677   55.3217975 
   26.5631542   55.321111  
   26.5627194   55.3204613 
   26.5633724   55.3201612 
   26.5634352   55.3198182 
   26.5631151   55.3194578 
   26.5637994   55.3192323 
   26.5647161   55.3194609 
   26.565014    55.3196531 
   26.565224    55.3206291 
   26.5659336   55.3212825 
   26.567705    55.3215831 
   26.5693165   55.3217464 
   26.5700785   55.3212902 
   26.5709895   55.3213524 
   26.5713343   55.321776  
   26.572043    55.3219859 
   26.5728846   55.3232193 
   26.5740846   55.324141  
   26.5731987   55.3247464 
   26.5721255   55.3249055 
   26.571598    55.3255985 
   26.5720328   55.3259343 
   26.5727808   55.3260956 
   26.573218    55.3258986 
   26.573846    55.3261129 
   26.5767277   55.3261298 
   26.5785427   55.3258986 
   26.5803457   55.3255276 
   26.5816633   55.3261305 
   26.5833886   55.3263898 
   26.5848403   55.3263188 
   26.5852724   55.3261612 
   26.5853069   55.3257155 
   26.5846986   55.3250904 
   26.5839726   55.3243759 
   26.5832466   55.3243871 
   26.5832858   55.3248559 
   26.5828149   55.3250234 
   26.5825598   55.324789  
   26.5829326   55.3244541 
   26.5830566   55.3241432 
   26.5843847   55.3232707 
   26.5852677   55.3232149 
   26.5854443   55.321864  
   26.5863273   55.3218193 
   26.5864228   55.321588  
   26.5849341   55.3208369 
   26.5850449   55.3205092 
   26.5865431   55.3202898 
   26.5877401   55.3203791 
   26.588301    55.319925  
   26.5880933   55.3193073 
   26.5884767   55.3189308 
   26.5905465   55.3197932 
   26.5926064   55.3202257 
   26.5925671   55.3206024 
   26.5926653   55.3208145 
   26.5936856   55.3208592 
   26.5943135   55.3209597 
   26.5944864   55.3212714 
   26.5934204   55.3219153 
   26.5933273   55.3222834 
   26.593748    55.3224808 
   26.5944275   55.3223001 
   26.5966717   55.321476  
   26.5980452   55.3213755 
   26.5987123   55.320862  
   26.5993203   55.320756  
   26.6003526   55.321135  
   26.6012821   55.3211187 
   26.6026761   55.3211299 
   26.6044569   55.3205879 
   26.6050929   55.3197988 
   26.6068164   55.3195333 
   26.6077307   55.319847  
   26.6080272   55.3201979 
   26.6076601   55.3205717 
   26.60715     55.3213644 
   26.607243    55.322356  
   26.6080945   55.3234237 
   26.609642    55.3240549 
   26.6111333   55.3240549 
   26.6118563   55.3242413 
   26.6129189   55.325495  
   26.6130775   55.326478  
   26.6137171   55.3271577 
   26.6146849   55.3272476 
   26.6153128   55.3268681 
   26.6160585   55.3268569 
   26.6174821   55.326429  
   26.6179814   55.32679   
   26.6180869   55.327634  
   26.617432    55.3278281 
   26.6162939   55.3283193 
   26.6154368   55.3291684 
   26.6155182   55.3299144 
   26.615666    55.3303954 
   26.6159603   55.3306187 
   26.6168826   55.3306857 
   26.6167649   55.331121  
   26.6162978   55.3313799 
   26.6144753   55.3316101 
   26.6141598   55.3318317 
   26.6149659   55.3322657 
   26.61573     55.3322948 
   26.618796    55.3312484 
   26.6203167   55.3318205 
   26.62196     55.3316112 
   26.6228625   55.3320287 
   26.6231864   55.3325181 
   26.6242355   55.3336465 
   26.6266203   55.3349874 
   26.6279203   55.3344573 
   26.6296307   55.3340929 
   26.6305693   55.3339272 
   26.6309795   55.3331305 
   26.6297599   55.3326436 
   26.6278712   55.332239  
   26.6263935   55.3307172 
   26.6258354   55.3295462 
   26.625192    55.3291549 
   26.6247317   55.3276486 
   26.6248543   55.3264067 
   26.6263202   55.3252903 
   26.6270128   55.3242299 
   26.6278958   55.3238252 
   26.6299006   55.3237697 
   26.6315259   55.3220947 
   26.6325196   55.3218651 
   26.6340557   55.3232687 
   26.6360486   55.3240755 
   26.6374283   55.3247514 
   26.6380519   55.3253228 
   26.638719    55.3253787 
   26.6392339   55.3245119 
   26.6398964   55.3243963 
   26.6406475   55.3246642 
   26.6409527   55.3255791 
   26.6400343   55.3268227 
   26.6401327   55.3285951 
   26.6406092   55.3303328 
   26.6416823   55.3310522 
   26.641601    55.3326368 
   26.6432153   55.3340606 
   26.6444033   55.3346491 
   26.6456017   55.3345982 
   26.6507206   55.3347904 
   26.6606738   55.335289  
   26.6616487   55.3365573 
   26.6627609   55.3385726 
   26.6639106   55.338965  
   26.6670284   55.3386957 
   26.6685862   55.3383547 
   26.6738949   55.3358644 
   26.6810767   55.3325019 
   26.6836095   55.3313792 
   26.6869438   55.332055  
   26.6883618   55.331837  
   26.6928239   55.3304818 
   26.6958351   55.3301366 
   26.6976363   55.3303982 
   26.7005873   55.3290465 
   26.7041073   55.329127  
   26.7087197   55.329093  
   26.7097167   55.3277212 
   26.7112467   55.3268296 
   26.7156011   55.3249277 
   26.7171053   55.3242183 
   26.7196802   55.3225199 
   26.7199449   55.3218322 
   26.722964    55.3214795 
   26.728151    55.3215008 
   26.7299833   55.3218703 
   26.7305765   55.3225836 
   26.7313044   55.3230041 
   26.7343828   55.3231568 
   26.7370588   55.3236623 
   26.739451    55.3241988 
   26.7443198   55.3238267 
   26.7475376   55.3236581 
   26.7500969   55.3233719 
   26.7514777   55.3229791 
   26.7524587   55.3229585 
   26.7531854   55.3236406 
   26.7546684   55.3238735 
   26.7560558   55.3233512 
   26.7605839   55.3232674 
   26.7640998   55.3232666 
   26.7713398   55.3207154 
   26.7746601   55.320728  
   26.7761541   55.3200694 
   26.7767563   55.3188391 
   26.7777256   55.3184764 
   26.7790357   55.3189554 
   26.7814876   55.3188753 
   26.7826619   55.3190309 
   26.7842574   55.3203966 
   26.78621     55.3207581 
   26.7888089   55.3210439 
   26.7920371   55.3212704 
   26.7928774   55.320742  
   26.7926222   55.3198636 
   26.7927889   55.3187541 
   26.793725    55.3179634 
   26.7956446   55.3177431 
   26.7974765   55.3177224 
   26.7987079   55.3182344 
   26.8006975   55.318603  
   26.8041984   55.3176218 
   26.8056577   55.3176721 
   26.8076919   55.3172695 
   26.8102475   55.3159869 
   26.812262    55.3160283 
   26.8133693   55.3158047 
   26.81442     55.3152498 
   26.8143952   55.3147779 
   26.8136523   55.3143753 
   26.8126327   55.3134198 
   26.8127678   55.312523  
   26.8135108   55.3119391 
   26.8134097   55.3102078 
   26.8142183   55.3093015 
   26.8161313   55.3086841 
   26.8180038   55.3080128 
   26.8203018   55.3085208 
   26.8213567   55.3085366 
   26.822595    55.3079325 
   26.8242754   55.308008  
   26.825719    55.3082528 
   26.827757    55.3076263 
   26.82984     55.3076778 
   26.8303834   55.3073814 
   26.8308816   55.306853  
   26.8323339   55.3069429 
   26.8301598   55.3031044 
   26.8339593   55.2981039 
   26.8349051   55.2924846 
   26.8354919   55.2861525 
   26.8308453   55.279269  
   26.8290022   55.2772595 
   26.8280821   55.2767396 
   26.8264944   55.2779325 
   26.7982115   55.2741639 
   26.798021    55.2706241 
   26.7986321   55.2661906 
   26.7957851   55.2654893 
   26.7926299   55.2684532 
   26.7896506   55.268593  
   26.7865325   55.2677001 
   26.786362    55.2658781 
   26.7859356   55.2634971 
   26.7835478   55.2634243 
   26.781449    55.2618058 
   26.7804778   55.2600227 
   26.77368     55.2593792 
   26.7693064   55.2598769 
   26.7649573   55.2588807 
   26.7616474   55.2584729 
   26.7601817   55.2562807 
   26.7543042   55.2539299 
   26.7497974   55.2531749 
   26.7476382   55.2527467 
   26.744177    55.2554927 
   26.74296     55.25196   
   26.7404689   55.2498813 
   26.73369     55.24681   
   26.73094     55.24423   
   26.729399    55.2416883 
   26.7275973   55.2405817 
   26.7308195   55.21874   
   26.7247689   55.2163706 
   26.7201197   55.2148821 
   26.714357    55.2122655 
   26.7092246   55.2092898 
   26.706534    55.2050856 
   26.701605    55.2028643 
   26.6951379   55.2082032 
   26.68785     55.20226   
   26.68107     55.2002    
   26.67704     55.19771   
   26.67832     55.19651   
   26.68047     55.1954    
   26.67875     55.19342   
   26.67747     55.19222   
   26.6779262   55.1909116 
   26.6817028   55.1898622 
   26.6886864   55.179789  
   26.6926342   55.1816783 
   26.6976632   55.1786444 
   26.7024977   55.1808234 
   26.7065971   55.1771014 
   26.7074768   55.1742077 
   26.6958627   55.1691644 
   26.6791562   55.1726    
   26.6794826   55.1641547 
   26.6780143   55.160958  
   26.6702314   55.1581395 
   26.6649169   55.1585472 
   26.6547279   55.1631192 
   26.650008    55.1613784 
   26.6462442   55.160794  
   26.643308    55.157227  
   26.6415604   55.1549515 
   26.6329509   55.1520391 
   26.6316697   55.1529482 
   26.624507    55.1503335 
   26.6249848   55.1494723 
   26.6192043   55.1468705 
   26.6154261   55.1471697 
   26.5927813   55.1540527 
   26.5894789   55.153972  
   26.577655    55.1495043 
   26.574854    55.1485059 
   26.5700234   55.148713  
   26.5645386   55.150505  
   26.5641211   55.1489548 
   26.5588046   55.1484078 
   26.5570779   55.1461963 
   26.5484065   55.1460215 
   26.5393209   55.1436721 
   26.5169714   55.1604695 
   26.4935096   55.150731  
   26.4891681   55.1528781 
   26.4800846   55.1481151 
   26.4774612   55.1368123 
   26.4608268   55.1278646 
   26.4572132   55.1355635 
   26.4504876   55.132417  
   26.4402403   55.1339275 
   26.4292877   55.1386562 
   26.4238119   55.1399556 
   26.4236122   55.1390697 
   26.4170971   55.1354199 
   26.4142108   55.1378896 
   26.4165197   55.139575  
   26.4131773   55.1402675 
   26.4108362   55.138774  
   26.4056312   55.1371871 
   26.4042232   55.136507  
   26.4019908   55.1365098 
   26.4002815   55.1359707 
   26.3970713   55.1344325 
   26.3954858   55.1358203 
   26.3939369   55.1363764 
   26.3921272   55.137483  
   26.3924033   55.1387685 
   26.394093    55.1392999 
   26.393722    55.1428861 
   26.3927591   55.1433345 
   26.3888326   55.1423867 
   26.3854688   55.1447178 
   26.3831577   55.1451745 
   26.3825634   55.146235  
   26.3717057   55.1501991 
   26.3697826   55.1490765 
   26.363526    55.1503768 
   26.3575643   55.1511795 
   26.3560195   55.1507812 
   26.3574257   55.1496686 
   26.3542186   55.1480886 
   26.3511026   55.1470049 
   26.3415736   55.1455095 
   26.3398696   55.1471388 
   26.3326078   55.1448707 
   26.3298166   55.1466522 
   26.3239611   55.1452936 
   26.3258514   55.1413826 
   26.3256619   55.1385958 
   26.3295874   55.1373071 
   26.3260238   55.1358393 
   26.3059333   55.1347647 
   26.3051383   55.1335497 
   26.3021391   55.1331205 
   26.3033668   55.1322471 
   26.3105926   55.131451  
   26.3110001   55.1307037 
   26.3117104   55.1292728 
   26.3090854   55.1291022 
   26.3079225   55.1288668 
   26.307077    55.1275905 
   26.3050815   55.1265463 
   26.3046099   55.1274704 
   26.3013841   55.1254577 
   26.2614988   55.1215154 
   26.244457    55.1138701 
   26.230131    55.1067795 
   26.2295712   55.1057074 
   26.2326358   55.1026049 
   26.2376713   55.0995161 
   26.2432898   55.0970664 
   26.2496336   55.0914055 
   26.2528238   55.0922767 
   26.2578759   55.0879485 
   26.2623325   55.0842489 
   26.2723877   55.0781505 
   26.2646513   55.0739621 
   26.2620944   55.0736462 
   26.2659006   55.0697033 
   26.2635332   55.0663385 
   26.2608018   55.0661178 
   26.257697    55.0687393 
   26.2509329   55.0701723 
   26.2497649   55.0697686 
   26.2468964   55.0702125 
   26.2404767   55.0647519 
   26.2375298   55.0645484 
   26.2359842   55.0603145 
   26.2374937   55.0578747 
   26.2452511   55.0567891 
   26.2450481   55.0517328 
   26.2386541   55.0512181 
   26.2379612   55.0466125 
   26.2408698   55.0465156 
   26.2418437   55.0455843 
   26.2378955   55.0418904 
   26.2371334   55.0395409 
   26.231893    55.0327458 
   26.2300458   55.028281  
   26.2260327   55.0260419 
   26.2243859   55.0211728 
   26.2185716   55.016807  
   26.2171837   55.0169126 
   26.2176346   55.0137816 
   26.2100908   55.0122614 
   26.2092178   54.9990998 
   26.2071984   54.9972658 
   26.229858    54.992065  
   26.246337    54.981079  
   26.246337    54.970092  
   26.262817    54.964599  
   26.262817    54.94812   
   26.279296    54.94812   
   26.28479     54.94812   
   26.290283    54.94812   
   26.312255    54.970092  
   26.334228    54.959106  
   26.34298     54.9620232 
   26.350708    54.964599  
   26.3513719   54.9773949 
   26.3462099   54.9773322 
   26.3461512   54.974718  
   26.3435217   54.9736205 
   26.328735    54.981079  
   26.345214    54.992065  
   26.361694    54.9920756 
   26.37268     54.986572  
   26.383667    54.986572  
   26.3883892   54.984211  
   26.3894903   54.9836604 
   26.394653    54.981079  
   26.4045684   54.981079  
   26.411132    54.981079  
   26.427612    54.964599  
   26.4379573   54.9666681 
   26.4504547   54.9691673 
   26.4550749   54.9700723 
   26.4574748   54.9665239 
   26.460571    54.959106  
   26.488037    54.953613  
   26.510009    54.964599  
   26.564941    54.942626  
   26.614379    54.964599  
   26.592407    54.981079  
   26.5979      54.986572  
   26.630859    54.975585  
   26.647338    54.986572  
   26.652832    54.981079  
   26.674804    54.975585  
   26.691284    54.975585  
   26.7090579   54.9590316 
   26.7230159   54.9588659 
   26.7286583   54.957767  
   26.7406363   54.9587372 
   26.7406811   54.9644843 
   26.7407668   54.969647  
   26.7419323   54.9711736 
   26.7460773   54.9720561 
   26.7489895   54.9722282 
   26.752073    54.9702616 
   26.7554992   54.9722527 
   26.7576405   54.9737522 
   26.7608097   54.9746371 
   26.7633364   54.9724494 
   26.7707026   54.9702616 
   26.790161    54.970092  
   26.801147    54.975585  
   26.812133    54.970092  
   26.82312     54.970092  
   26.82312     54.986572  
   26.80664     54.986572  
   26.795654    54.997558  
   26.801147    55.008544  
   26.8131494   55.0175345 
   26.8341695   55.0151307 
   26.834106    55.008544  
   26.850585    54.997558  
   26.872558    55.019531  
   26.8732392   55.0204278 
   26.8760517   55.019431  
   26.8788641   55.0187861 
   26.8872994   55.0194911 
   26.8928007   55.0204671 
   26.8985606   55.0226644 
   26.9000268   55.0228925 
   26.9009065   55.0219079 
   26.9011578   55.0208033 
   26.903234    55.0187145 
   26.9037759   55.0150753 
   26.9098945   55.0158394 
   26.9104365   55.0144749 
   26.9107297   55.0126374 
   26.9152748   55.0116646 
   26.9170342   55.0092145 
   26.9182909   55.0089983 
   26.9193591   55.0084097 
   26.9200294   55.0077011 
   26.9209359   55.0052015 
   26.9325185   55.0050273 
   26.9334349   55.0046519 
   26.93388     55.0020241 
   26.9345345   55.0013034 
   26.9365767   54.9998017 
   26.9367599   54.998375  
   26.936917    54.9977293 
   26.9375192   54.9971135 
   26.9397446   54.9956567 
   26.9417082   54.9958069 
   26.94341     54.9955666 
   26.951606    54.9908467 
   26.9578894   54.9895462 
   26.9616277   54.9900937 
   26.9629003   54.9890214 
   26.960449    54.986572  
   26.9587233   54.9770194 
   26.9590185   54.9746239 
   26.9598144   54.9739627 
   26.9606971   54.973955  
   26.9606522   54.9742512 
   26.9614272   54.9742031 
   26.9617245   54.9711389 
   26.9626839   54.9695506 
   26.9640086   54.9681381 
   26.9654442   54.9680634 
   26.9666845   54.9673723 
   26.9680707   54.967121  
   26.9696393   54.9670582 
   26.9719375   54.9673723 
   26.975549    54.9670163 
   26.979124    54.9679587 
   26.9825895   54.969236  
   26.9910163   54.9694035 
   26.9966706   54.9710996 
   26.9998444   54.9713718 
   27.0027889   54.9723115 
   27.004915    54.9761874 
   27.0083715   54.9782386 
   27.009887    54.981079  
   27.075805    54.981079  
   27.075805    54.986572  
   27.059326    54.992065  
   27.059326    54.997558  
   27.108764    54.997558  
   27.130737    55.008544  
   27.152708    54.992065  
   27.1580506   55.0000577 
   27.1581176   55.0009412 
   27.1591846   55.0013868 
   27.1609348   55.0015097 
   27.1623635   55.0016224 
   27.1632386   55.0020423 
   27.16356     55.0024725 
   27.1632921   55.0037938 
   27.1627564   55.0044391 
   27.1628814   55.0046746 
   27.1649173   55.0046951 
   27.1655602   55.0049102 
   27.1665424   55.0059139 
   27.1672389   55.0075218 
   27.1676518   55.0074526 
   27.1715454   55.003967  
   27.1750361   55.0002219 
   27.180175    54.997558  
   27.1842271   54.9997398 
   27.1863334   55.0021241 
   27.1871979   55.0043061 
   27.1888377   55.006078  
   27.1961084   55.0055047 
   27.2010058   55.0051648 
   27.2021227   55.0022207 
   27.203265    55.000134  
   27.207641    54.992065  
   27.25708     54.997558  
   27.268066    54.992065  
   27.273559    54.981079  
   27.262573    54.981079  
   27.262573    54.970092  
   27.268066    54.959106  
   27.279052    54.959106  
   27.284545    54.94812   
   27.317504    54.937133  
   27.306518    54.926147  
   27.306518    54.904174  
   27.333984    54.898681  
   27.350463    54.876709  
   27.405395    54.854736  
   27.421875    54.865722  
   27.427368    54.854736  
   27.460327    54.860229  
   27.493286    54.838256  
   27.493286    54.821777  
   27.476806    54.821777  
   27.471313    54.816284  
   27.482299    54.810791  
   27.493286    54.805297  
   27.526245    54.816284  
   27.55371     54.810791  
   27.542724    54.794311  
   27.542724    54.777832  
   27.531738    54.766845  
   27.625122    54.766845  
   27.630615    54.772338  
   27.652587    54.766845  
   27.658081    54.755859  
   27.696533    54.750366  
   27.69104     54.717407  
   27.702026    54.717407  
   27.696533    54.678955  
   27.713012    54.673461  
   27.685546    54.662475  
   27.680053    54.645996  
   27.680053    54.635009  
   27.69104     54.635009  
   27.69104     54.61853   
   27.702026    54.613037  
   27.713012    54.613037  
   27.745971    54.624023  
   27.751464    54.61853   
   27.756958    54.61853   
   27.773437    54.624023  
   27.773437    54.629516  
   27.806396    54.640502  
   27.811889    54.645996  
   27.844848    54.635009  
   27.828369    54.61853   
   27.8833      54.607543  
   27.949218    54.613037  
   27.971191    54.596557  
   27.971191    54.591064  
   27.98767     54.585571  
   28.009643    54.591064  
   28.00415     54.60205   
   28.015136    54.613037  
   28.031616    54.613037  
   28.031616    54.61853   
   28.064575    54.624023  
   28.081054    54.624023  
   28.097534    54.624023  
   28.097534    54.635009  
   28.125       54.640502  
   28.114013    54.651489  
   28.125       54.662475  
   28.130493    54.662475  
   28.130493    54.656982  
   28.207397    54.673461  
   28.218383    54.667968  
   28.201904    54.662475  
   28.240356    54.640502  
   28.240356    54.629516  
   28.251342    54.629516  
   28.256835    54.635009  
   28.267822    54.61853   
   28.273315    54.613037  
   28.284301    54.61853   
   28.284301    54.613037  
   28.295288    54.607543  
   28.322753    54.596557  
   28.377685    54.558105  
   28.394165    54.558105  
   28.427124    54.574584  
   28.43811     54.60205   
   28.449096    54.662475  
   28.454589    54.667968  
   28.54248     54.667968  
   28.547973    54.656982  
   28.575439    54.667968  
   28.580932    54.662475  
   28.602905    54.673461  
   28.608398    54.662475  
   28.619384    54.667968  
   28.635864    54.662475  
   28.641357    54.651489  
   28.674316    54.624023  
   28.679809    54.607543  
   28.66333     54.596557  
   28.679809    54.574584  
   28.707275    54.574584  
   28.729248    54.580078  
   28.740234    54.574584  
   28.762207    54.585571  
   28.784179    54.580078  
   28.789672    54.580078  
   28.789672    54.574584  
   28.811645    54.569091  
   28.839111    54.563598  
   28.861084    54.574584  
   28.877563    54.580078  
   28.877563    54.591064  
   28.861084    54.607543  
   28.866577    54.607543  
   28.888549    54.607543  
   28.899536    54.61853   
   28.937988    54.60205   
   28.965454    54.60205   
   28.987426    54.591064  
   28.992919    54.596557  
   28.992919    54.591064  
   29.014892    54.585571  
   29.031372    54.596557  
   29.025878    54.607543  
   29.036865    54.61853   
   29.069824    54.61853   
   29.102783    54.640502  
   29.130249    54.629516  
   29.157714    54.629516  
   29.174194    54.635009  
   29.207153    54.640502  
   29.212646    54.640502  
   29.207153    54.629516  
   29.212646    54.624023  
   29.229124    54.624023  
   29.207153    54.613037  
   29.218139    54.607543  
   29.223632    54.591064  
   29.20166     54.585571  
   29.229124    54.574584  
   29.251098    54.580078  
   29.251098    54.569091  
   29.267578    54.574584  
   29.273071    54.569091  
   29.267578    54.563598  
   29.278564    54.558105  
   29.28955     54.574584  
   29.30603     54.574584  
   29.311523    54.574584  
   29.322509    54.585571  
   29.338989    54.585571  
   29.349975    54.580078  
   29.388427    54.60205   
   29.371948    54.585571  
   29.404907    54.585571  
   29.415893    54.60205   
   29.426879    54.60205   
   29.421386    54.613037  
   29.432373    54.61853   
   29.465332    54.61853   
   29.470825    54.60205   
   29.481811    54.60205   
   29.487304    54.585571  
   29.454345    54.574584  
   29.465332    54.569091  
   29.454345    54.563598  
   29.459838    54.547119  
   29.443359    54.536132  
   29.437866    54.519653  
   29.448852    54.503173  
   29.432373    54.486694  
   29.421386    54.481201  
   29.421386    54.475708  
   29.399414    54.464721  
   29.4104      54.459228  
   29.415893    54.464721  
   29.415893    54.453735  
   29.437866    54.437255  
   29.421386    54.431762  
   29.421386    54.40979   
   29.426879    54.398803  
   29.437866    54.398803  
   29.443359    54.387817  
   29.432373    54.387817  
   29.421386    54.387817  
   29.404907    54.371337  
   29.371948    54.365844  
   29.344482    54.365844  
   29.344482    54.360351  
   29.366455    54.360351  
   29.355468    54.349365  
   29.377441    54.321899  
   29.399414    54.321899  
   29.4104      54.316406  
   29.404907    54.316406  
   29.39392     54.316406  
   29.382934    54.310913  
   29.382934    54.299926  
   29.377441    54.294433  
   29.371948    54.283447  
   29.377441    54.277954  
   29.360961    54.266967  
   29.355468    54.277954  
   29.344482    54.261474  
   29.333496    54.244995  
   29.360961    54.234008  
   29.399414    54.244995  
   29.421386    54.250488  
   29.437866    54.239501  
   29.454345    54.250488  
   29.465332    54.250488  
   29.465332    54.255981  
   29.470825    54.261474  
   29.487304    54.255981  
   29.503784    54.27246   
   29.503784    54.28894   
   29.520263    54.28894   
   29.525756    54.305419  
   29.542236    54.310913  
   29.569702    54.305419  
   29.569702    54.310913  
   29.558715    54.327392  
   29.575195    54.343872  
   29.61914     54.349365  
   29.61914     54.343872  
   29.657592    54.332885  
   29.690551    54.310913  
   29.712524    54.321899  
   29.745483    54.321899  
   29.767456    54.316406  
   29.772949    54.321899  
   29.778442    54.332885  
   29.811401    54.321899  
   29.838867    54.338378  
   29.866333    54.327392  
   29.882812    54.338378  
   29.882812    54.349365  
   29.899292    54.349365  
   29.904785    54.338378  
   29.8958781   54.3308861 
   29.915771    54.310913  
   29.904785    54.305419  
   29.937744    54.28894   
   29.94873     54.28894   
   29.954223    54.299926  
   29.965209    54.294433  
   29.976196    54.294433  
   29.992675    54.305419  
   29.987182    54.28894   
   29.976196    54.28894   
   29.976196    54.277954  
   30.009155    54.277954  
   30.009155    54.27246   
   30.025634    54.277954  
   30.003662    54.305419  
   30.003662    54.316406  
   30.025634    54.316406  
   30.042114    54.305419  
   30.0531      54.310913  
   30.0531      54.316406  
   30.075073    54.316406  
   30.075073    54.321899  
   30.047607    54.327392  
   30.036621    54.343872  
   30.042114    54.349365  
   30.0531      54.343872  
   30.06958     54.343872  
   30.080566    54.338378  
   30.080566    54.332885  
   30.091552    54.327392  
   30.097045    54.343872  
   30.108032    54.338378  
   30.108032    54.349365  
   30.113525    54.349365  
   30.091552    54.365844  
   30.086059    54.371337  
   30.097045    54.382324  
   30.102539    54.382324  
   30.140991    54.382324  
   30.124511    54.365844  
   30.113525    54.371337  
   30.113525    54.365844  
   30.119018    54.360351  
   30.15747     54.371337  
   30.179443    54.349365  
   30.179443    54.332885  
   30.184936    54.332885  
   30.212402    54.338378  
   30.217895    54.349365  
   30.206909    54.360351  
   30.217895    54.365844  
   30.245361    54.354858  
   30.267334    54.354858  
   30.27832     54.343872  
   30.289306    54.349365  
   30.300291    54.382324  
   30.322265    54.387817  
   30.327758    54.382324  
   30.316772    54.365844  
   30.322265    54.354858  
   30.316772    54.338378  
   30.283813    54.321899  
   30.267334    54.294433  
   30.294799    54.28894   
   30.305786    54.294433  
   30.338745    54.283447  
   30.355224    54.310913  
   30.371704    54.316406  
   30.388183    54.316406  
   30.399169    54.310913  
   30.410156    54.316406  
   30.410156    54.332885  
   30.421142    54.338378  
   30.426635    54.332885  
   30.437622    54.332885  
   30.443115    54.316406  
   30.448608    54.321899  
   30.448608    54.305419  
   30.465087    54.299926  
   30.470581    54.27246   
   30.498046    54.283447  
   30.50354     54.266967  
   30.525512    54.261474  
   30.514526    54.261474  
   30.520019    54.255981  
   30.525512    54.255981  
   30.531005    54.250488  
   30.536499    54.255981  
   30.531005    54.261474  
   30.525512    54.27246   
   30.563964    54.27246   
   30.531005    54.283447  
   30.547485    54.28894   
   30.569458    54.305419  
   30.552978    54.310913  
   30.563964    54.316406  
   30.580444    54.338378  
   30.602417    54.338378  
   30.60791     54.349365  
   30.59143     54.360351  
   30.569458    54.365844  
   30.569458    54.371337  
   30.602417    54.376831  
   30.60791     54.376831  
   30.640869    54.387817  
   30.651855    54.382324  
   30.690307    54.39331   
   30.673828    54.415283  
   30.684814    54.415283  
   30.684814    54.426269  
   30.706787    54.426269  
   30.723266    54.420776  
   30.739746    54.420776  
   30.745239    54.415283  
   30.783691    54.415283  
   30.778198    54.398803  
   30.789184    54.398803  
   30.827636    54.404296  
   30.866088    54.39331   
   30.893554    54.404296  
   30.888061    54.40979   
   30.893554    54.420776  
   30.904541    54.426269  
   30.904541    54.437255  
   30.926513    54.448242  
   30.948486    54.426269  
   30.975952    54.426269  
   30.986938    54.420776  
   31.008911    54.426269  
   31.019897    54.398803  
   31.030883    54.398803  
   31.036376    54.404296  
   31.058349    54.420776  
   31.063842    54.431762  
   31.102294    54.437255  
   31.113281    54.448242  
   31.12976     54.448242  
   31.14624     54.453735  
   31.12976     54.464721  
   31.140747    54.470214  
   31.157226    54.470214  
   31.168212    54.464721  
   31.2045121   54.4700626 
   31.20409     54.47236   
   31.20409     54.47545   
   31.19911     54.47914   
   31.19431     54.48034   
   31.18847     54.47983   
   31.17989     54.47536   
   31.17362     54.47365   
   31.1671      54.47382   
   31.16186     54.47571   
   31.1556      54.47966   
   31.15199     54.48215   
   31.15088     54.48283   
   31.14435     54.48635   
   31.13766     54.48901   
   31.13036     54.4897    
   31.11869     54.49142   
   31.10873     54.49167   
   31.10307     54.4957    
   31.09981     54.49751   
   31.09792     54.49991   
   31.09294     54.50154   
   31.09182     54.50463   
   31.09011     54.50523   
   31.08728     54.50755   
   31.0847      54.51012   
   31.08539     54.51141   
   31.08968     54.51167   
   31.09268     54.51141   
   31.09552     54.5133    
   31.09706     54.51588   
   31.09697     54.51614   
   31.09637     54.51974   
   31.09637     54.5218    
   31.09792     54.52412   
   31.09835     54.53218   
   31.10393     54.53347   
   31.11002     54.53742   
   31.1156      54.54154   
   31.12341     54.54394   
   31.12968     54.54523   
   31.13362     54.54841   
   31.13388     54.55012   
   31.13448     54.55356   
   31.13637     54.55699   
   31.13337     54.56008   
   31.13182     54.56248   
   31.13448     54.56608   
   31.13895     54.56772   
   31.14221     54.57055   
   31.14307     54.57647   
   31.14504     54.58102   
   31.14959     54.58351   
   31.15199     54.58411   
   31.158       54.58565   
   31.16555     54.58797   
   31.1695      54.59029   
   31.17165     54.59373   
   31.17336     54.59733   
   31.17637     54.60025   
   31.18306     54.60274   
   31.18615     54.60462   
   31.18718     54.60677   
   31.18718     54.60926   
   31.18847     54.61072   
   31.19285     54.61201   
   31.19371     54.61433   
   31.19328     54.61647   
   31.19654     54.61716   
   31.19954     54.61879   
   31.19997     54.62102   
   31.198       54.62308   
   31.19868     54.62497   
   31.20169     54.62625   
   31.20624     54.62634   
   31.20632     54.62711   
   31.20649     54.62917   
   31.20778     54.63072   
   31.20864     54.63303   
   31.20778     54.63647   
   31.20649     54.63921   
   31.20383     54.64093   
   31.20014     54.64248   
   31.19886     54.64428   
   31.19886     54.64574   
   31.19971     54.64771   
   31.2004      54.65003   
   31.19954     54.65157   
   31.19345     54.65629   
   31.19285     54.65853   
   31.18701     54.66084   
   31.18032     54.6653    
   31.1768      54.66814   
   31.17165     54.66839   
   31.16667     54.66668   
   31.1615724   54.6656851 
   31.1584943   54.6657161 
   31.1532189   54.6664955 
   31.151197    54.6673755 
   31.1473468   54.6676571 
   31.1436334   54.6675289 
   31.1393973   54.6664021 
   31.1373753   54.6653979 
   31.1343679   54.6648633 
   31.133082    54.6647288 
   31.1307839   54.6650343 
   31.1269901   54.6659738 
   31.12212     54.66633   
   31.11388     54.66814   
   31.1059      54.66762   
   31.10307     54.66556   
   31.10161     54.66299   
   31.09895     54.66144   
   31.09294     54.66041   
   31.08496     54.6611    
   31.07972     54.66333   
   31.07843     54.66694   
   31.07818     54.66728   
   31.07457     54.67209   
   31.06977     54.67544   
   31.06719     54.67552   
   31.06565     54.67441   
   31.06565     54.67209   
   31.06959     54.67037   
   31.07105     54.6672    
   31.07105     54.66436   
   31.06608     54.66265   
   31.06093     54.66162   
   31.0544      54.66385   
   31.04968     54.66711   
   31.04402     54.66823   
   31.04041     54.66968   
   31.03715     54.67183   
   31.03346     54.67235   
   31.02762     54.67526   
   31.02179     54.67492   
   31.01724     54.67372   
   31.00771     54.67389   
   31.00445     54.67303   
   31.00102     54.67217   
   30.9969      54.66986   
   30.99192     54.6714    
   30.98977     54.67552   
   30.98634     54.68822   
   30.99561     54.69192   
   31.0017      54.69638   
   31.00299     54.70178   
   31.00445     54.70178   
   31.00711     54.70187   
   31.01483     54.70333   
   31.01852     54.70384   
   31.01921     54.70676   
   31.0181      54.70994   
   31.01423     54.71226   
   31.0138      54.7144    
   31.0114      54.71792   
   31.00668     54.72118   
   31.00445     54.72161   
   30.99801     54.72264   
   30.98977     54.72221   
   30.98651     54.71878   
   30.98436     54.71561   
   30.97939     54.71303   
   30.97612     54.71397   
   30.97441     54.7162    
   30.97338     54.71947   
   30.9684      54.72496   
   30.96188     54.72959   
   30.95364     54.73586   
   30.94308     54.74015   
   30.93398     54.74264   
   30.93063     54.74401   
   30.92772     54.74522   
   30.92857     54.74865   
   30.92274     54.74968   
   30.91647     54.75131   
   30.91364     54.75474   
   30.91218     54.75603   
   30.90978     54.75646   
   30.89682     54.75543   
   30.88274     54.75912   
   30.87407     54.7641    
   30.86652     54.7677    
   30.85682     54.77268   
   30.85527     54.77345   
   30.85467     54.77431   
   30.84661     54.77972   
   30.84249     54.78393   
   30.8321      54.78873   
   30.82455     54.79062   
   30.81373     54.79251   
   30.79348     54.79697   
   30.78309     54.79938   
   30.77159     54.80204   
   30.76035     54.80341   
   30.75451     54.80504   
   30.75271     54.80744   
   30.7515697   54.8095246 
   30.75391     54.81251   
   30.75477     54.81568   
   30.75734     54.81877   
   30.75837     54.82323   
   30.76292     54.8277    
   30.76532     54.8307    
   30.7655      54.83087   
   30.76859     54.83525   
   30.7703      54.84092   
   30.77331     54.84615   
   30.7794      54.85087   
   30.78223     54.85577   
   30.78112     54.86049   
   30.78309     54.86237   
   30.78652     54.86572   
   30.79193     54.87456   
   30.79648     54.87765   
   30.80343     54.87903   
   30.81502     54.8786    
   30.8218      54.8798    
   30.8224      54.88151   
   30.81983     54.88418   
   30.81459     54.88727   
   30.81373     54.89173   
   30.81416     54.89387   
   30.8194      54.89611   
   30.82541     54.90005   
   30.82995     54.90323   
   30.83322     54.90615   
   30.83476     54.90752   
   30.83407     54.90941   
   30.83279     54.9125    
   30.8315      54.91456   
   30.83124     54.91799   
   30.8285      54.92554   
   30.82094     54.92666   
   30.81811     54.92838   
   30.82026     54.93061   
   30.81828     54.93293   
   30.81682     54.93696   
   30.81871     54.94022   
   30.82481     54.9428    
   30.83236     54.94589   
   30.84034     54.94743   
   30.9032417   54.9596819 
   30.938604    54.9675659 
   30.9554268   54.9855947 
   30.9576584   55.0068643 
   30.9938789   55.0306807 
   31.004007    55.0459276 
   31.0100151   55.0577276 
   30.9889008   55.0801381 
   30.9868408   55.1091155 
   30.9777428   55.1352263 
   30.9722496   55.1667132 
   30.9645248   55.1793598 
   30.9463287   55.1984692 
   30.9398056   55.2121831 
   30.9243647   55.2294657 
   30.9215323   55.2317858 
   30.9185282   55.234879  
   30.8812119   55.265163  
   30.88137     55.26939   
   30.88188     55.27522   
   30.88034     55.27728   
   30.87562     55.28054   
   30.86978     55.28054   
   30.85939     55.28011   
   30.85682     55.28011   
   30.84729     55.27985   
   30.8436      55.2808    
   30.83991     55.28063   
   30.83193     55.27925   
   30.82309     55.279     
   30.82111     55.27977   
   30.81983     55.282     
   30.81983     55.28535   
   30.82111     55.29728   
   30.82326     55.30869   
   30.82197     55.31075   
   30.82129     55.31144   
   30.81983     55.31273   
   30.81742     55.31788   
   30.81768     55.3226    
   30.82154     55.32646   
   30.8291      55.33015   
   30.8321      55.33298   
   30.83579     55.33581   
   30.83888     55.33916   
   30.84343     55.3408    
   30.84884     55.34243   
   30.85442     55.34346   
   30.85682     55.34389   
   30.86137     55.34466   
   30.86678     55.34655   
   30.87407     55.35324   
   30.87673     55.35856   
   30.88214     55.36062   
   30.88815     55.36311   
   30.89424     55.36689   
   30.89493     55.36809   
   30.8977091   55.3690174 
   30.89699     55.37144   
   30.9001569   55.3748739 
   30.9083261   55.3750505 
   30.9175658   55.3750221 
   30.92214     55.3765    
   30.92471     55.37933   
   30.92557     55.38405   
   30.9266      55.38749   
   30.93063     55.39229   
   30.93355     55.39581   
   30.93467     55.39985   
   30.93209     55.40225   
   30.93063     55.40388   
   30.926       55.40929   
   30.9236      55.41298   
   30.92145     55.41864   
   30.92016     55.42362   
   30.91802     55.42551   
   30.91304     55.42851   
   30.9078      55.43658   
   30.90549     55.44053   
   30.90454     55.44465   
   30.90463     55.44474   
   30.91192     55.45366   
   30.91321     55.45727   
   30.91192     55.45975   
   30.90695     55.45984   
   30.9018      55.4619    
   30.89965     55.46396   
   30.90094     55.47126   
   30.90111     55.47332   
   30.89613     55.47383   
   30.89244     55.47684   
   30.91819     55.47684   
   30.92488     55.48035   
   30.9284      55.48439   
   30.93063     55.4855    
   30.94308     55.49126   
   30.95218     55.49443   
   30.9569      55.49426   
   30.95862     55.49709   
   30.95904     55.50104   
   30.95733     55.50362   
   30.95192     55.50465   
   30.94892     55.50679   
   30.94351     55.50533   
   30.94093     55.50679   
   30.94308     55.50859   
   30.94651     55.51082   
   30.94608     55.51323   
   30.94265     55.51297   
   30.93853     55.51194   
   30.93638     55.51031   
   30.93063     55.51117   
   30.93029     55.51117   
   30.92797     55.51297   
   30.92943     55.51632   
   30.93063     55.51735   
   30.93184     55.51846   
   30.93063     55.51932   
   30.92815     55.52104   
   30.92403     55.52215   
   30.92171     55.52215   
   30.91905     55.52061   
   30.91536     55.51992   
   30.9139      55.52207   
   30.91321     55.52756   
   30.91364     55.53194   
   30.91776     55.53194   
   30.92119     55.53177   
   30.92617     55.53074   
   30.92797     55.53177   
   30.92797     55.53451   
   30.929       55.53623   
   30.93063     55.53683   
   30.93699     55.53906   
   30.94068     55.54104   
   30.94462     55.54215   
   30.94892     55.54138   
   30.95261     55.54112   
   30.95501     55.54241   
   30.95321     55.54455   
   30.95192     55.54808   
   30.9496      55.55228   
   30.95046     55.55666   
   30.94935     55.56455   
   30.94866     55.56816   
   30.94308     55.57323   
   30.93879     55.57949   
   30.93853     55.58      
   30.93527     55.58687   
   30.93596     55.59185   
   30.93767     55.5964    
   30.93553     55.60198   
   30.93484     55.60696   
   30.93355     55.61271   
   30.93853     55.61502   
   30.93784     55.61665   
   30.93553     55.61751   
   30.93398     55.62034   
   30.9315567   55.6231594 
   30.93063     55.62301   
   30.9284      55.62266   
   30.92403     55.62155   
   30.91802     55.61906   
   30.91673     55.61665   
   30.91604     55.61356   
   30.91218     55.61322   
   30.9078      55.61459   
   30.90154     55.61691   
   30.89356     55.61751   
   30.88858     55.61906   
   30.87064     55.62919   
   30.86223     55.6315    
   30.85682     55.63082   
   30.85527     55.63064   
   30.84704     55.62987   
   30.83819     55.62807   
   30.83845     55.62549   
   30.84103     55.62343   
   30.84558     55.62266   
   30.85158     55.62258   
   30.85244     55.61717   
   30.84987     55.61554   
   30.84618     55.61631   
   30.8412      55.61665   
   30.83674     55.61537   
   30.8321      55.61356   
   30.83081     55.61039   
   30.82592     55.60773   
   30.82592     55.6049    
   30.8285      55.60172   
   30.82412     55.5994    
   30.81871     55.60155   
   30.81596     55.60052   
   30.81073     55.6       
   30.80833     55.59846   
   30.80918     55.59614   
   30.81099     55.59391   
   30.8097      55.59108   
   30.80515     55.58859   
   30.79476     55.58807   
   30.78309     55.58971   
   30.78283     55.58979   
   30.77459     55.59211   
   30.76919     55.58979   
   30.76575     55.58936   
   30.76361     55.59193   
   30.75975     55.59417   
   30.7582      55.59666   
   30.75365     55.59631   
   30.75151     55.59734   
   30.75296     55.59872   
   30.7558      55.60069   
   30.7568476   55.6017709 
   30.75863     55.60361   
   30.75648     55.60593   
   30.75648     55.61245   
   30.75151     55.62112   
   30.75022     55.62464   
   30.74979     55.62575   
   30.74867     55.6309    
   30.74524     55.63854   
   30.73829     55.64249   
   30.73683     55.64918   
   30.734       55.65459   
   30.72962     55.65983   
   30.72378     55.65906   
   30.71323     55.65906   
   30.70953     55.65708   
   30.70928     55.65716   
   30.70413     55.6588    
   30.70001     55.65674   
   30.69589     55.6533    
   30.69503     55.64575   
   30.69374     55.64112   
   30.68688     55.63545   
   30.68164     55.63408   
   30.67426     55.63511   
   30.66954     55.63897   
   30.66825     55.64395   
   30.67211     55.65107   
   30.67383     55.65554   
   30.67168     55.65734   
   30.6667      55.65811   
   30.66044     55.65579   
   30.65675     55.65622   
   30.65658     55.65914   
   30.6613      55.66257   
   30.66842     55.66592   
   30.67082     55.6703    
   30.67108     55.67236   
   30.66782     55.67219   
   30.66567     55.67296   
   30.66628     55.67502   
   30.66259     55.67502   
   30.64834     55.67167   
   30.64276     55.67219   
   30.64147     55.67579   
   30.64113     55.67682   
   30.63907     55.68309   
   30.63924     55.68755   
   30.64774     55.69227   
   30.65091     55.69502   
   30.65134     55.69828   
   30.65031     55.70163   
   30.64679     55.70841   
   30.63778     55.71699   
   30.63555     55.71957   
   30.63126     55.72446   
   30.62199     55.73081   
   30.60946     55.73759   
   30.59581     55.74343   
   30.58345     55.74814   
   30.56809     55.75046   
   30.56173     55.75081   
   30.55427     55.75132   
   30.54131     55.74969   
   30.53161     55.74943   
   30.52663     55.75098   
   30.52423     55.75519   
   30.51599     55.76248   
   30.505       55.77115   
   30.50285     55.77415   
   30.49805     55.7775    
   30.49702     55.77819   
   30.49676     55.78179   
   30.49934     55.78205   
   30.5074      55.78411   
   30.51624     55.7872    
   30.51796     55.78995   
   30.51581     55.79433   
   30.50929     55.79819   
   30.49831     55.80025   
   30.49049     55.80368   
   30.48792     55.80557   
   30.48122     55.81063   
   30.47273     55.81089   
   30.4626      55.81072   
   30.45891     55.80866   
   30.44681     55.80934   
   30.43599     55.80763   
   30.42003     55.80763   
   30.41419     55.80746   
   30.40938     55.80728   
   30.40664     55.81046   
   30.40526     55.81261   
   30.40423     55.81535   
   30.40037     55.81484   
   30.39514     55.81261   
   30.3863      55.81089   
   30.38261     55.81175   
   30.37196     55.80934   
   30.36553     55.80934   
   30.35926     55.81338   
   30.35986     55.81904   
   30.356       55.8211    
   30.34862     55.82325   
   30.34759     55.82557   
   30.34501     55.82926   
   30.34038     55.832     
   30.33677     55.83415   
   30.32853     55.83338   
   30.313       55.83312   
   30.29892     55.83097   
   30.2918      55.82943   
   30.2857      55.83406   
   30.2827      55.83981   
   30.2857      55.8435    
   30.28484     55.84934   
   30.28287     55.85441   
   30.28098     55.85766   
   30.28442     55.86178   
   30.28553     55.86565   
   30.27987     55.86822   
   30.27729     55.86857   
   30.27703     55.86539   
   30.27532     55.86222   
   30.26656     55.86513   
   30.26021     55.86728   
   30.24828     55.87011   
   30.24073     55.87054   
   30.23403     55.86805   
   30.22905     55.86384   
   30.22665     55.86522   
   30.22236     55.86677   
   30.21395     55.86848   
   30.20442     55.86728   
   30.19575     55.86445   
   30.19283     55.86393   
   30.18451     55.8623    
   30.18107     55.86204   
   30.17867     55.86393   
   30.17438     55.86693   
   30.17395     55.86951   
   30.17284     55.87346   
   30.16811     55.87784   
   30.16417     55.87732   
   30.16056     55.87561   
   30.16013     55.87131   
   30.16854     55.86642   
   30.17026     55.86384   
   30.167       55.86016   
   30.167       55.85681   
   30.16872     55.85415   
   30.1694      55.85295   
   30.16811     55.84977   
   30.16442     55.84823   
   30.15876     55.84762   
   30.15687     55.84745   
   30.14777     55.84977   
   30.14262     55.84874   
   30.14279     55.84428   
   30.14039     55.84222   
   30.13722     55.83784   
   30.13653     55.83235   
   30.1331      55.83046   
   30.12374     55.83175   
   30.11902     55.83269   
   30.11576     55.83338   
   30.10906     55.83106   
   30.10366     55.83209   
   30.08546     55.83853   
   30.07859     55.84205   
   30.07834     55.84642   
   30.0749      55.84762   
   30.06735     55.84359   
   30.06383     55.84814   
   30.0628      55.84986   
   30.05799     55.85011   
   30.05413     55.85707   
   30.05001     55.85758   
   30.04529     55.8575    
   30.0422      55.85741   
   30.02993     55.85921   
   30.02194     55.86273   
   30.01087     55.86719   
   29.99989     55.87011   
   29.99594     55.86934   
   29.98924     55.86822   
   29.97869     55.86986   
   29.97457     55.86883   
   29.97345     55.86642   
   29.97148     55.86522   
   29.97002     55.86436   
   29.96573     55.8605    
   29.96933     55.85835   
   29.97148     55.85621   
   29.97156     55.85612   
   29.97148     55.85612   
   29.96701     55.85578   
   29.96092     55.85595   
   29.95594     55.85466   
   29.95079     55.85235   
   29.94427     55.85054   
   29.93912     55.85054   
   29.92659     55.85415   
   29.91294     55.85732   
   29.89955     55.86101   
   29.89766     55.86093   
   29.89286     55.86067   
   29.8853      55.85861   
   29.87921     55.85578   
   29.86342     55.84934   
   29.86427     55.8472    
   29.86796     55.84539   
   29.87166     55.84428   
   29.87294     55.84222   
   29.87706     55.83981   
   29.87269     55.83681   
   29.87097     55.83372   
   29.86453     55.82994   
   29.8641      55.82951   
   29.86084     55.82608   
   29.85801     55.82505   
   29.85672     55.82316   
   29.85157     55.81879   
   29.84848     55.81493   
   29.84522     55.81484   
   29.84247     55.81664   
   29.83878     55.81767   
   29.83664     55.8157    
   29.83681     55.81329   
   29.8405      55.81063   
   29.8405      55.80737   
   29.83852     55.80394   
   29.83123     55.80076   
   29.82539     55.79879   
   29.82393     55.7981    
   29.81587     55.79424   
   29.80634     55.78342   
   29.80067     55.77999   
   29.79441     55.7805    
   29.7884      55.78128   
   29.78273     55.77948   
   29.77861     55.77656   
   29.77475     55.7763    
   29.77106     55.77836   
   29.76917     55.77888   
   29.76179     55.78025   
   29.76111     55.78231   
   29.76394     55.78462   
   29.76591     55.78754   
   29.7648      55.79046   
   29.76196     55.79243   
   29.76068     55.79449   
   29.75767     55.79853   
   29.75269     55.80076   
   29.75012     55.80093   
   29.74128     55.80179   
   29.7363      55.80051   
   29.72978     55.79845   
   29.72197     55.79278   
   29.71424     55.79021   
   29.71158     55.79115   
   29.70514     55.79037   
   29.69802     55.79192   
   29.69132     55.78977   
   29.68463     55.79149   
   29.67939     55.79149   
   29.6763      55.79089   
   29.67073     55.78977   
   29.66403     55.78857   
   29.65691     55.7854    
   29.65476     55.78231   
   29.64995     55.78145   
   29.63965     55.7787    
   29.63287     55.77484   
   29.63013     55.77476   
   29.62386     55.77913   
   29.61906     55.77913   
   29.61133     55.77639   
   29.60258     55.77098   
   29.6         55.76935   
   29.59142     55.76462   
   29.58558     55.75896   
   29.58532     55.75553   
   29.58884     55.75218   
   29.58747     55.75046   
   29.58163     55.74772   
   29.58017     55.74214   
   29.58009     55.74034   
   29.57992     55.73673   
   29.5752      55.73278   
   29.56764     55.72952   
   29.55872     55.72729   
   29.55288     55.72429   
   29.55073     55.72188   
   29.54404     55.71931   
   29.54241     55.71699   
   29.54018     55.71613   
   29.52953     55.71012   
   29.52876     55.70961   
   29.52087     55.70489   
   29.51683     55.70214   
   29.50602     55.7042    
   29.49452     55.70515   
   29.48241     55.70652   
   29.47271     55.71047   
   29.46465     55.71622   
   29.46035     55.71699   
   29.45538     55.72171   
   29.45503     55.72334   
   29.45409     55.72703   
   29.4528      55.72952   
   29.44001     55.73287   
   29.42379     55.73956   
   29.41195     55.7454    
   29.40285     55.75149   
   29.3935374   55.7510547 
   29.38122     55.75149   
   29.37023     55.75364   
   29.36328     55.75527   
   29.35942     55.75836   
   29.35847     55.76462   
   29.35942     55.76677   
   29.36414     55.76952   
   29.36929     55.77579   
   29.3704      55.78025   
   29.36946     55.78197   
   29.36912     55.78256   
   29.36628     55.78712   
   29.36302     55.79012   
   29.36216     55.79536   
   29.3604272   55.7974032 
   29.36388     55.7993086 
   29.3642274   55.8019668 
   29.3726831   55.8042742 
   29.3756649   55.8069284 
   29.377342    55.8101428 
   29.3911385   55.8219426 
   29.3912037   55.8256877 
   29.38903     55.82703   
   29.3862      55.82969   
   29.384651    55.83157   
   29.384231    55.8341683 
   29.3888984   55.839158  
   29.3924783   55.8430549 
   29.3969022   55.8485725 
   29.3962388   55.8545731 
   29.3958793   55.8611421 
   29.40027     55.86677   
   29.4036177   55.8723772 
   29.4103198   55.874256  
   29.4252522   55.8725578 
   29.4160356   55.8857767 
   29.4063175   55.8892977 
   29.3993462   55.8962807 
   29.3963895   55.8967416 
   29.3945384   55.9020463 
   29.4122228   55.9017184 
   29.4295238   55.9045751 
   29.4285861   55.9088222 
   29.4337508   55.9102948 
   29.4378078   55.910136  
   29.446729    55.9085481 
   29.4491092   55.9103826 
   29.4506426   55.913433  
   29.4607271   55.9127326 
   29.467679    55.9152419 
   29.4742766   55.9162854 
   29.4778666   55.9174954 
   29.4791574   55.918962  
   29.4712075   55.9287667 
   29.4627739   55.9335163 
   29.4537539   55.9370347 
   29.4400548   55.9416273 
   29.4214414   55.9412311 
   29.4267577   55.9500684 
   29.4317012   55.9514242 
   29.4424231   55.9534454 
   29.4466953   55.95663   
   29.4462596   55.9585517 
   29.4405914   55.9611679 
   29.4300419   55.9636431 
   29.4226128   55.9689312 
   29.3959671   55.9734672 
   29.3849585   55.9741485 
   29.3735012   55.9736745 
   29.3646505   55.9721154 
   29.3575552   55.9714968 
   29.3409139   55.976645  
   29.3355407   55.9821568 
   29.3228446   55.9854451 
   29.3054258   55.9914199 
   29.3030659   55.9919497 
   29.300222    55.9915309 
   29.2971811   55.9898933 
   29.2905557   55.9900226 
   29.286161    55.9886359 
   29.2778638   55.9922226 
   29.2680379   55.9953148 
   29.255842    55.9970195 
   29.2465222   55.9949783 
   29.2299861   55.9928494 
   29.2268548   55.9920911 
   29.2208896   55.9885645 
   29.2155434   55.9884314 
   29.2123191   55.9905627 
   29.2106178   55.9932601 
   29.2059689   55.9999633 
   29.1924479   56.0084276 
   29.1819445   56.0138465 
   29.1801177   56.0147889 
   29.1724959   56.0181591 
   29.164388    56.0226527 
   29.1581114   56.0255807 
   29.1563474   56.0269482 
   29.1468216   56.0262548 
   29.1435044   56.0276517 
   29.1342205   56.0284014 
   29.1314318   56.028152  
   29.1299247   56.0269797 
   29.1292883   56.0244641 
   29.1276367   56.0211498 
   29.1226174   56.0187105 
   29.1217862   56.0177177 
   29.11798     56.0164874 
   29.1151991   56.0159989 
   29.111633    56.0163305 
   29.1004645   56.0186636 
   29.0990803   56.019383  
   29.0984116   56.022725  
   29.0948238   56.0241804 
   29.0937055   56.0264415 
   29.0932444   56.0286248 
   29.0922291   56.0301692 
   29.0881548   56.0340961 
   29.0840874   56.0336379 
   29.0654972   56.0291061 
   29.0593755   56.0305265 
   29.0541134   56.0291094 
   29.0466786   56.0286749 
   29.0427039   56.0282466 
   29.0345249   56.028026  
   29.0304822   56.0277541 
   29.0120783   56.0259341 
   29.0117692   56.0229183 
   29.0018808   56.0198483 
   29.0059358   56.0138288 
   29.0035688   56.0123879 
   28.9525775   56.0128935 
   28.951933    56.0104385 
   28.9427971   56.010386  
   28.9360307   56.0008029 
   28.9386763   55.998     
   28.9417939   55.9992543 
   28.9477275   55.9963327 
   28.9436368   55.9935656 
   28.9248795   55.9991779 
   28.9145546   55.9936217 
   28.9091703   55.9938085 
   28.9005744   55.9923841 
   28.8577097   55.9885379 
   28.8577775   55.9802873 
   28.8547044   55.9782768 
   28.8528189   55.9737981 
   28.8467492   55.9693242 
   28.8467375   55.9584078 
   28.8442769   55.9551692 
   28.8413651   55.95508   
   28.8351648   55.9598291 
   28.8294351   55.9614133 
   28.8260765   55.9643742 
   28.8175853   55.9658839 
   28.8150853   55.9696344 
   28.8098104   55.9724214 
   28.8026403   55.9719427 
   28.7960278   55.9718843 
   28.7921445   55.972551  
   28.7886844   55.9724784 
   28.7817964   55.9708202 
   28.7785678   55.973138  
   28.7774525   55.9734844 
   28.7706845   55.9722624 
   28.768099    55.9708986 
   28.76367     55.97019   
   28.760229    55.9685682 
   28.7546232   55.9714073 
   28.7490362   55.9719201 
   28.7463377   55.9726944 
   28.7423549   55.9724469 
   28.7387735   55.971003  
   28.7370461   55.9691521 
   28.7339283   55.9698865 
   28.7326418   55.9722575 
   28.7286133   55.9743741 
   28.7268265   55.9767092 
   28.7236244   55.978712  
   28.7236897   55.9813791 
   28.7193286   55.9836356 
   28.7162475   55.98825   
   28.7141582   55.9912802 
   28.7140353   55.9940785 
   28.708368    55.9961116 
   28.7043769   55.9995105 
   28.701632    56.0017577 
   28.7030561   56.0051138 
   28.7028019   56.0102488 
   28.7015717   56.0127582 
   28.7038033   56.0139545 
   28.7046135   56.0149837 
   28.7018621   56.0167052 
   28.7011852   56.0184393 
   28.7026647   56.0197324 
   28.702257    56.0215919 
   28.6997186   56.0237985 
   28.6985895   56.0269008 
   28.694082    56.0284238 
   28.6898705   56.0314102 
   28.68951     56.03491   
   28.68342     56.03585   
   28.67672     56.03783   
   28.66505     56.04435   
   28.6605      56.04512   
   28.65664     56.04692   
   28.65595     56.05199   
   28.65466     56.05499   
   28.65423     56.06151   
   28.64994     56.06263   
   28.64385     56.06572   
   28.64342     56.0683    
   28.64325     56.06933   
   28.63827     56.07199   
   28.63544     56.07619   
   28.63741     56.07945   
   28.63998     56.08246   
   28.64187     56.08529   
   28.64256     56.08572   
   28.64342     56.08546   
   28.64513     56.08494   
   28.64754     56.08546   
   28.6514      56.08546   
   28.65337     56.08417   
   28.65466     56.08272   
   28.65947     56.08297   
   28.66333     56.08529   
   28.66307     56.08838   
   28.66719     56.09078   
   28.67174     56.09224   
   28.67629     56.09207   
   28.67887     56.09405   
   28.68101     56.09756   
   28.67869     56.10117   
   28.67303     56.10297   
   28.6599      56.10065   
   28.64342     56.10451   
   28.64084     56.10512   
   28.63544     56.10512   
   28.632       56.10229   
   28.62419     56.0998    
   28.6199      56.09936   
   28.61209     56.10039   
   28.60711     56.10211   
   28.59544     56.10435   
   28.5866      56.10632   
   28.57596     56.10924   
   28.5696      56.11061   
   28.55802     56.1131    
   28.54978     56.11447   
   28.5442      56.11396   
   28.53664     56.11207   
   28.53055     56.11233   
   28.52772     56.1119    
   28.52755     56.10992   
   28.52969     56.10838   
   28.52798     56.10632   
   28.52454     56.10538   
   28.51802     56.10589   
   28.51261     56.10657   
   28.50892     56.10538   
   28.49939     56.10409   
   28.49682     56.1058    
   28.49579     56.10606   
   28.49141     56.10718   
   28.48815     56.10692   
   28.47948     56.10503   
   28.47133     56.10632   
   28.4648      56.10615   
   28.45682     56.10245   
   28.45339     56.09902   
   28.44687     56.0955    
   28.44017     56.09362   
   28.43691     56.09327   
   28.43064     56.09121   
   28.42764     56.09078   
   28.42549     56.08847   
   28.42206     56.08821   
   28.42009     56.08795   
   28.41725     56.08993   
   28.42069     56.09276   
   28.42206     56.09387   
   28.42395     56.0955    
   28.42283     56.09833   
   28.42206     56.09868   
   28.4194      56.0998    
   28.41468     56.10065   
   28.40901     56.10065   
   28.40558     56.10039   
   28.40146     56.10091   
   28.40017     56.10383   
   28.39846     56.10924   
   28.39262     56.11104   
   28.38069     56.11009   
   28.37382     56.10838   
   28.37314     56.10683   
   28.3764      56.10357   
   28.37614     56.09911   
   28.37159     56.09782   
   28.37159     56.09619   
   28.37382     56.0943    
   28.37743     56.09199   
   28.38224     56.08795   
   28.38361     56.0846    
   28.38438     56.08272   
   28.38653     56.08082   
   28.39048     56.07894   
   28.3909      56.07696   
   28.3861      56.07645   
   28.38412     56.07464   
   28.38224     56.06941   
   28.37966     56.06186   
   28.37357     56.0592    
   28.36035     56.05997   
   28.35606     56.05817   
   28.34825     56.0628    
   28.34782     56.06306   
   28.33872     56.06418   
   28.32988     56.06254   
   28.32301     56.05954   
   28.3152      56.0598    
   28.30439     56.06263   
   28.2938165   56.0662238 
   28.28877     56.06984   
   28.28078     56.07696   
   28.2795      56.08117   
   28.27795     56.09001   
   28.27452     56.09284   
   28.27435     56.09302   
   28.27126     56.0925    
   28.26696     56.08795   
   28.26242     56.084     
   28.2516      56.084     
   28.24379     56.08469   
   28.24079     56.08572   
   28.23907     56.09053   
   28.23907     56.0949    
   28.24276     56.10348   
   28.2437      56.10829   
   28.24405     56.10992   
   28.24104     56.1137    
   28.22868     56.11893   
   28.22242     56.12305   
   28.21375     56.12331   
   28.20663     56.1282    
   28.2007      56.1325    
   28.1960564   56.1387044 
   28.16483     56.14202   
   28.1554891   56.1433204 
   28.156879    56.1522535 
   28.1564112   56.1549535 
   28.1561493   56.1587767 
   28.1561667   56.1620454 
   28.153404    56.1638576 
   28.1467317   56.163341  
   28.1507535   56.1706917 
   28.1449244   56.1711379 
   28.1422285   56.1708945 
   28.1387311   56.1719086 
   28.1369095   56.1714219 
   28.1355251   56.1693531 
   28.1339221   56.1678115 
   28.1308619   56.166919  
   28.1277288   56.165986  
   28.1253243   56.1661482 
   28.1219726   56.1663105 
   28.1197139   56.1659048 
   28.1169451   56.1644037 
   28.1140306   56.1635112 
   28.1132291   56.1623751 
   28.1128648   56.1615231 
   28.111699    56.1606304 
   28.1104603   56.1596972 
   28.1098045   56.158277  
   28.1086387   56.1570191 
   28.1063071   56.1554365 
   28.1042669   56.153448  
   28.101571    56.1524334 
   28.0985836   56.1512159 
   28.0953048   56.1504448 
   28.0947882   56.1492056 
   28.0930443   56.1449636 
   28.0944394   56.1436034 
   28.0933931   56.1431501 
   28.0943232   56.1423728 
   28.0940325   56.1414336 
   28.0943232   56.1367048 
   28.0937754   56.1357893 
   28.0904097   56.1367349 
   28.0859353   56.1369355 
   28.0838781   56.1387122 
   28.0804323   56.1389415 
   28.0783752   56.1387982 
   28.0735408   56.1397725 
   28.0712779   56.1396005 
   28.0687578   56.1402596 
   28.0671121   56.1387409 
   28.0664435   56.1377379 
   28.0644891   56.1362477 
   28.0611976   56.1343849 
   28.0573881   56.1337782 
   28.0457682   56.1285926 
   28.044477    56.1191377 
   28.0267577   56.1189392 
   28.0223056   56.1238779 
   28.0152713   56.1239275 
   28.0123329   56.1244983 
   28.0096616   56.1262105 
   28.0064116   56.1260864 
   28.000891    56.1262105 
   28.0000451   56.125739  
   27.9932334   56.125615  
   27.9891374   56.1239275 
   27.9853977   56.1226619 
   27.9811682   56.1221407 
   27.9780962   56.1221655 
   27.9746681   56.1208006 
   27.9725756   56.1205028 
   27.9693701   56.1174004 
   27.9695927   56.1141984 
   27.9703496   56.1133545 
   27.9697263   56.1106735 
   27.9671441   56.1082406 
   27.9632262   56.1053855 
   27.9593084   56.1044421 
   27.9557467   56.1042683 
   27.9534761   56.1037717 
   27.9507158   56.1036227 
   27.9502706   56.1021578 
   27.9515617   56.1016115 
   27.9493802   56.0972908 
   27.943637    56.0949316 
   27.9376267   56.0887224 
   27.9374486   56.086313  
   27.9346883   56.0794068 
   27.9354451   56.0775434 
   27.9355787   56.0748848 
   27.9337088   56.0728473 
   27.9301026   56.0689706 
   27.9270752   56.0671067 
   27.9268081   56.0658392 
   27.9217327   56.0644723 
   27.922356    56.0618128 
   27.9180819   56.0589791 
   27.9111812   56.0592028 
   27.9093113   56.057413  
   27.9082428   56.0559712 
   27.9069517   56.0541812 
   27.9024551   56.0507503 
   27.9027222   56.0499049 
   27.9045476   56.0494325 
   27.9041023   56.0484877 
   27.9018318   56.0477417 
   27.8999174   56.0492087 
   27.8999174   56.0504271 
   27.898092    56.050974  
   27.8931057   56.0523664 
   27.8902563   56.0530128 
   27.8872289   56.0524409 
   27.8825987   56.0532862 
   27.8797494   56.0523912 
   27.8766329   56.0523166 
   27.8748966   56.0530873 
   27.8655026   56.0495071 
   27.8664821   56.0469212 
   27.8624307   56.0454043 
   27.8604273   56.0433155 
   27.8517457   56.0425446 
   27.8438209   56.0399582 
   27.8365195   56.0374462 
   27.8324235   56.039038  
   27.8297078   56.0397343 
   27.8223173   56.0401571 
   27.8073137   56.0352077 
   27.8116322   56.0316507 
   27.8120775   56.0297601 
   27.8134576   56.0292377 
   27.8179542   56.0305313 
   27.8328688   56.0236897 
   27.8328688   56.0204053 
   27.8279269   56.0188128 
   27.823831    56.015105  
   27.8204474   56.0144082 
   27.8163069   56.0109985 
   27.8178652   56.0085594 
   27.8164405   56.0077878 
   27.8094952   56.0088083 
   27.8056664   56.0085594 
   27.8056219   56.006593  
   27.8094062   56.0042033 
   27.813146    55.9981538 
   27.8109644   55.9955644 
   27.8111425   55.9924022 
   27.8093172   55.9912567 
   27.8115432   55.9902856 
   27.8079815   55.9883432 
   27.8050431   55.989912  
   27.80255     55.989912  
   27.8031733   55.9867742 
   27.8003239   55.9869236 
   27.8011698   55.9848565 
   27.7996116   55.9835365 
   27.801615    55.9828889 
   27.8022828   55.9814443 
   27.7987657   55.9818179 
   27.7950704   55.9832874 
   27.7942245   55.9823161 
   27.7950259   55.9800993 
   27.7915088   55.9795762 
   27.7879916   55.9805725 
   27.7871012   55.9792524 
   27.7897279   55.9779322 
   27.7886594   55.9764874 
   27.7860772   55.9768859 
   27.7837176   55.9755158 
   27.7819813   55.9756155 
   27.7818922   55.9766866 
   27.7743236   55.9758397 
   27.769827    55.974893  
   27.7663989   55.9770852 
   27.7648407   55.9793022 
   27.758118    55.9793271 
   27.7563817   55.9787293 
   27.753844    55.9791527 
   27.7497481   55.97853   
   27.7489022   55.9770105 
   27.7506385   55.9763628 
   27.7504604   55.9752418 
   27.7465871   55.9744944 
   27.7436042   55.9716294 
   27.7208539   55.9610893 
   27.6964119   55.9496988 
   27.6759323   55.9402498 
   27.6528259   55.9294518 
   27.6527368   55.9192495 
   27.653093    55.9131118 
   27.6304318   55.8966901 
   27.6247331   55.8925711 
   27.6394099   55.847877  
   27.6180333   55.7912357 
   27.6176175   55.7905062 
   27.6155406   55.7907469 
   27.6153907   55.7893746 
   27.6155406   55.7875127 
   27.6102948   55.7861964 
   27.6043296   55.785096  
   27.593791    55.783697  
   27.5855991   55.7837119 
   27.5627891   55.7842154 
   27.5289581   55.785899  
   27.5214294   55.7866284 
   27.4935673   55.7893276 
   27.4753011   55.7919113 
   27.4684196   55.7943723 
   27.4583315   55.7928799 
   27.4521941   55.793721  
   27.4416314   55.794432  
   27.4323163   55.7940641 
   27.4267647   55.7958272 
   27.4211846   55.7979933 
   27.4092824   55.8015733 
   27.3937485   55.8040635 
   27.3782864   55.8073905 
   27.3718089   55.8092534 
   27.3674584   55.8144126 
   27.3650829   55.8133178 
   27.3634281   55.8118781 
   27.3612912   55.8126283 
   27.3556465   55.8112335 
   27.3543884   55.8078321 
   27.3501038   55.8053861 
   27.3518721   55.803475  
   27.3483016   55.8009713 
   27.3441871   55.7998054 
   27.3397665   55.7994231 
   27.3217783   55.7960399 
   27.3054563   55.792274  
   27.2966151   55.7895402 
   27.2888622   55.7849897 
   27.2722341   55.7891196 
   27.2674735   55.7902667 
   27.263631    55.7899799 
   27.2621008   55.7921211 
   27.2585304   55.7933445 
   27.2526136   55.7934975 
   27.2484311   55.7949694 
   27.2457108   55.8024429 
   27.2423104   55.8057683 
   27.2351355   55.8096857 
   27.2310549   55.8112335 
   27.2210237   55.8181689 
   27.2175213   55.8201748 
   27.2132707   55.8210345 
   27.2088162   55.8242627 
   27.2053137   55.8295725 
   27.2004851   55.8333921 
   27.1936163   55.8338695 
   27.1841971   55.8361419 
   27.1723296   55.8372304 
   27.1711054   55.8419656 
   27.1655287   55.8463376 
   27.1614822   55.8492965 
   27.1570617   55.8489147 
   27.1541373   55.8518925 
   27.1479826   55.851129  
   27.1464524   55.8490102 
   27.1408077   55.8487047 
   27.1395155   55.8500982 
   27.1330547   55.8512626 
   27.1282941   55.8499455 
   27.1239075   55.8499455 
   27.1169367   55.8487811 
   27.1092517   55.8470439 
   27.1062593   55.8450203 
   27.1024509   55.8441994 
   27.1018375   55.8359857 
   27.0997432   55.8320455 
   27.0967762   55.8279285 
   27.0834769   55.8263796 
   27.0711551   55.8295361 
   27.0667918   55.8293597 
   27.0584842   55.8305556 
   27.041485    55.829595  
   27.0386925   55.8276148 
   27.0354113   55.8273403 
   27.0335613   55.8246737 
   27.034783    55.8234973 
   27.0325839   55.8225364 
   27.028081    55.824262  
   27.0244508   55.8266933 
   27.0161431   55.828301  
   27.0111167   55.8268893 
   27.0098251   55.8247326 
   27.0032279   55.8221639 
   26.9988646   55.8194577 
   26.9825286   55.8148294 
   26.9741162   55.8144176 
   26.9683916   55.808749  
   26.9675888   55.8065128 
   26.9631208   55.8029423 
   26.9581642   55.8013924 
   26.9530679   55.7979    
   26.9499612   55.7932103 
   26.9473433   55.787519  
   26.9329969   55.7898545 
   26.9251081   55.7891676 
   26.9217222   55.7877349 
   26.9210241   55.7853405 
   26.9177778   55.7836525 
   26.9107617   55.7732284 
   26.9029079   55.762232  
   26.8996267   55.756988  
   26.9009531   55.7554363 
   26.8998361   55.7544345 
   26.8974974   55.754022  
   26.9004295   55.751704  
   26.8755415   55.7346686 
   26.8788925   55.7284184 
   26.8758208   55.720968  
   26.8707594   55.7137325 
   26.8489082   55.7089933 
   26.8455921   55.706948  
   26.8399373   55.7063973 
   26.8276553   55.7050314 
   26.8173597   55.7000071 
   26.800069    55.6983692 
   26.7911527   55.6884572 
   26.7833694   55.6777095 
   26.7576058   55.6806814 
   26.7477535   55.6816812 
   26.7416944   55.6833476 
   26.7204576   55.7007737 
   26.6596537   55.7062603 
   26.6535189   55.7074013 
   26.6454213   55.7046584 
   26.6514463   55.70034   
   26.6430114   55.6962927 
   26.635926    55.6845831 
   26.6365044   55.6832517 
   26.6352512   55.6817843 
   26.6321094   55.6805394 
   26.6305      55.6806027 
END
END
