POLY
1
   8.425271  47.567982
   8.398345  47.577053
   8.383123  47.565266
   8.329627  47.570904
   8.298059  47.588886
   8.291923  47.609001
   8.256912  47.615314
   8.226477  47.605049
   8.219909  47.617294
   8.205717  47.620991
   8.164972  47.594296
   8.109269  47.582249
   8.089355  47.557629
   8.067777  47.564587
   8.020717  47.550404
   7.959827  47.55835
   7.944265  47.543789
   7.911546  47.550983
   7.910645  47.571068
   7.891998  47.587421
   7.841061  47.582092
   7.822545  47.587986
   7.795685  47.557381
   7.682683  47.532631
   7.633886  47.561138
   7.677281  47.563698
   7.683377  47.571205
   7.685602  47.565449
   7.689508  47.57127
   7.671696  47.587189
   7.693697  47.600624
   7.675001  47.591988
   7.645658  47.596947
   7.619174  47.576817
   7.589038  47.589806
   7.58474  47.575516
   7.566504  47.577682
   7.557309  47.565041
   7.499197  47.540115
   7.501029  47.529076
   7.519401  47.534706
   7.531259  47.528183
   7.522206  47.514221
   7.497865  47.521263
   7.511098  47.49699
   7.487679  47.482166
   7.47203  47.480392
   7.433141  47.497173
   7.420777  47.480392
   7.455799  47.470715
   7.403018  47.435486
   7.354671  47.433945
   7.329999  47.441822
   7.281921  47.43499
   7.246759  47.420372
   7.229112  47.44006
   7.199893  47.435028
   7.170044  47.442978
   7.177516  47.468063
   7.200877  47.494305
   7.16213  47.49004
   7.128016  47.503944
   7.074818  47.4883
   7.021525  47.504456
   6.982971  47.494556
   7.002196  47.454197
   6.970285  47.447124
   6.96372  47.435799
   6.940804  47.433338
   6.938488  47.406086
   6.913224  47.404575
   6.913394  47.388012
   6.884309  47.373508
   6.879208  47.356579
   6.994488  47.363228
   7.018163  47.372635
   7.049505  47.361618
   7.049959  47.347889
   7.062262  47.34441
   7.056923  47.334312
   7.045568  47.326466
   7.010034  47.324524
   7.013599  47.3088
   6.996234  47.296082
   6.943903  47.290085
   6.9518  47.269825
   6.946405  47.253674
   6.954286  47.242615
   6.879915  47.20076
   6.873736  47.185638
   6.840423  47.171703
   6.858805  47.165287
   6.849903  47.156654
   6.802547  47.129379
   6.740592  47.109554
   6.74686  47.097847
   6.741598  47.090694
   6.70275  47.082035
   6.70657  47.074463
   6.691622  47.066628
   6.719016  47.051182
   6.659293  47.02734
   6.640409  47.0028
   6.618171  46.991627
   6.59315  46.991676
   6.504833  46.965664
   6.496503  46.97411
   6.432655  46.928684
   6.464546  46.890278
   6.460031  46.85128
   6.443154  46.832714
   6.440831  46.815823
   6.431275  46.812233
   6.434772  46.801327
   6.458475  46.788548
   6.4524  46.774002
   6.429869  46.75642
   6.395349  46.748409
   6.384904  46.7314
   6.3678  46.729176
   6.371864  46.724117
   6.298576  46.694939
   6.110527  46.576477
   6.156659  46.5453
   6.143689  46.527748
   6.137986  46.530994
   6.112598  46.509567
   6.096941  46.481186
   6.072767  46.465446
   6.086408  46.443935
   6.063858  46.416397
   6.097645  46.409153
   6.149673  46.377533
   6.159374  46.379711
   6.170051  46.366547
   6.137956  46.338741
   6.119816  46.312546
   6.119691  46.294331
   6.102351  46.284946
   6.122527  46.258209
   6.119465  46.238941
   6.110923  46.232883
   6.120539  46.248528
   6.101428  46.237675
   6.08804  46.247135
   6.063327  46.2458
   6.046113  46.231403
   6.033657  46.238556
   6.001489  46.220505
   5.990154  46.22171
   5.992782  46.215225
   5.974567  46.215008
   5.973348  46.202522
   5.963716  46.197021
   5.994924  46.181866
   5.987594  46.170338
   5.982033  46.173271
   5.956825  46.12878
   5.993886  46.144478
   6.0353  46.134525
   6.052299  46.151386
   6.091826  46.151955
   6.098505  46.143829
   6.136425  46.141552
   6.188851  46.166439
   6.187006  46.180336
   6.205245  46.19162
   6.295873  46.226151
   6.310305  46.243999
   6.309419  46.256382
   6.29549  46.256084
   6.295649  46.264179
   6.277786  46.251198
   6.260527  46.2519
   6.237567  46.277622
   6.253093  46.290428
   6.248982  46.302052
   6.220803  46.316364
   6.243333  46.355
   6.295556  46.394169
   6.328333  46.406944
   6.422222  46.414722
   6.505278  46.456944
   6.595833  46.456669
   6.633611  46.464169
   6.816322  46.427567
   6.803097  46.392372
   6.806365  46.380314
   6.770706  46.355103
   6.784632  46.332573
   6.796476  46.333057
   6.800173  46.320282
   6.819833  46.315575
   6.829934  46.299988
   6.858197  46.291206
   6.864334  46.280231
   6.862167  46.26683
   6.844516  46.247219
   6.825428  46.242378
   6.803899  46.204823
   6.812557  46.181419
   6.791827  46.162476
   6.796461  46.138954
   6.814828  46.129204
   6.841026  46.134346
   6.848382  46.127186
   6.898021  46.12212
   6.882659  46.095318
   6.891778  46.073746
   6.87794  46.066315
   6.875432  46.04805
   6.891251  46.042072
   6.9246  46.065197
   6.937567  46.064159
   6.935657  46.055431
   6.950225  46.051662
   6.962735  46.030785
   7.008611  45.996758
   7.021613  45.977093
   7.005858  45.966511
   7.036768  45.955692
   7.033611  45.936199
   7.064736  45.91048
   7.065168  45.901451
   7.095643  45.875854
   7.102759  45.859982
   7.118094  45.859489
   7.153709  45.879227
   7.164435  45.876827
   7.167272  45.864067
   7.197849  45.861629
   7.200245  45.87553
   7.21644  45.888798
   7.259739  45.889561
   7.295316  45.922665
   7.323876  45.910213
   7.344121  45.915237
   7.386986  45.897587
   7.445386  45.932419
   7.475275  45.936531
   7.472516  45.948212
   7.479233  45.953568
   7.503045  45.962708
   7.542116  45.957302
   7.547355  45.985439
   7.571182  45.988712
   7.589677  45.971687
   7.664812  45.976486
   7.682364  45.958115
   7.710987  45.9492
   7.707611  45.934517
   7.721241  45.924625
   7.735425  45.923454
   7.748184  45.940979
   7.7701  45.936649
   7.799609  45.917168
   7.822502  45.927792
   7.867477  45.917778
   7.877022  45.927029
   7.868246  45.936699
   7.878156  45.95071
   7.879163  45.974335
   7.909918  45.998249
   7.989267  45.997227
   8.002282  46.01297
   8.013276  46.012848
   8.013864  46.032898
   8.035684  46.044273
   8.023472  46.070629
   8.035301  46.101124
   8.109148  46.112522
   8.116068  46.131241
   8.154559  46.14687
   8.15168  46.164837
   8.16674  46.182209
   8.154558  46.192577
   8.140093  46.227001
   8.116743  46.237892
   8.111239  46.250225
   8.081528  46.261692
   8.138808  46.302536
   8.176135  46.298096
   8.21282  46.310108
   8.2248  46.33456
   8.263371  46.346703
   8.264496  46.364582
   8.313444  46.377758
   8.318  46.398159
   8.290791  46.409504
   8.35919  46.449406
   8.384542  46.452065
   8.382265  46.459667
   8.392548  46.467819
   8.386145  46.475445
   8.394496  46.483524
   8.392299  46.494705
   8.443119  46.495449
   8.478662  46.525578
   8.428633  46.543438
   8.407609  46.583317
   8.407719  46.599731
   8.420617  46.616745
   8.422495  46.648056
   8.411372  46.653164
   8.397299  46.699493
   8.44433  46.689976
   8.455895  46.697376
   8.440475  46.763966
   8.449727  46.775055
   8.483214  46.77076
   8.497031  46.781235
   8.484695  46.801846
   8.46397  46.802521
   8.46397  46.808262
   8.47828  46.807926
   8.476307  46.832912
   8.506407  46.848774
   8.505914  46.857212
   8.469892  46.860249
   8.471234  46.884621
   8.482584  46.894737
   8.463833  46.903164
   8.554948  46.94569
   8.556031  46.962196
   8.575438  46.991394
   8.515013  46.976871
   8.46748  46.993858
   8.512822  47.00964
   8.508196  47.029613
   8.466561  47.054832
   8.417987  47.054306
   8.398712  47.064812
   8.41259  47.07584
   8.41259  47.085815
   8.450109  47.114407
   8.492862  47.100414
   8.493505  47.113419
   8.480023  47.126423
   8.45575  47.113476
   8.449311  47.131229
   8.414441  47.125729
   8.415172  47.165611
   8.402109  47.177662
   8.40544  47.196304
   8.39481  47.225647
   8.410954  47.246857
   8.388635  47.290031
   8.429119  47.300648
   8.455112  47.33408
   8.41321  47.326405
   8.416641  47.3367
   8.40386  47.346569
   8.40784  47.369762
   8.396519  47.376762
   8.396482  47.393959
   8.362507  47.402142
   8.382011  47.403519
   8.381748  47.416264
   8.392228  47.421886
   8.375072  47.430668
   8.385026  47.43594
   8.381098  47.446259
   8.386896  47.4496
   8.365674  47.466213
   8.375319  47.471134
   8.37419  47.480457
   8.363268  47.480862
   8.359046  47.506092
   8.417404  47.545887
   8.416924  47.560928
   8.425271  47.567982
   8.425271  47.567982
END
END
