Relation 435541

1
   14.6122523   49.9989134 
   14.6115298   49.99954   
   14.6114372   49.9997134 
   14.6126365   50.0000355 
   14.612996    50.0000668 
   14.6134884   50.0000008 
   14.6138888   49.999836  
   14.6145448   49.999258  
   14.6156138   49.9985889 
   14.6168092   49.9982574 
   14.6170058   49.9985285 
   14.6177365   49.9982655 
   14.619195    49.9975377 
   14.6194295   49.9979772 
   14.6193758   49.9980996 
   14.6195202   49.9986202 
   14.6213126   49.998395  
   14.6214741   49.9986994 
   14.6226008   49.9985615 
   14.6253357   49.9973294 
   14.6283821   49.9960881 
   14.6293493   49.9955008 
   14.6340635   49.9961099 
   14.6349976   49.9958825 
   14.6364374   49.9953906 
   14.6378143   49.9952894 
   14.6386959   49.9952238 
   14.6401261   49.9944407 
   14.6448356   49.9974985 
   14.6469109   49.998749  
   14.6451203   50.0000453 
   14.6431711   50.0012915 
   14.6392085   50.0053024 
   14.6388133   50.0055766 
   14.6382865   50.0057849 
   14.6396083   50.0063532 
   14.6400066   50.0063333 
   14.6408644   50.0061356 
   14.6422879   50.0060595 
   14.6429165   50.0061503 
   14.6427075   50.0064769 
   14.6437934   50.0065348 
   14.645134    50.005508  
   14.6453504   50.0051457 
   14.6451998   50.0047879 
   14.6454636   50.0047382 
   14.6457705   50.005291  
   14.6462528   50.0056776 
   14.6467963   50.0059062 
   14.6488099   50.0078589 
   14.6497965   50.0087973 
   14.6577705   50.0043685 
   14.6605738   50.0066646 
   14.661143    50.0070405 
   14.6617935   50.0072964 
   14.6626049   50.0084008 
   14.6619296   50.008669  
   14.6618661   50.0092441 
   14.6629537   50.0106446 
   14.6627382   50.0116783 
   14.6623746   50.0119371 
   14.6613781   50.0123952 
   14.6614346   50.0127992 
   14.6626718   50.0129426 
   14.6627155   50.013273  
   14.663073    50.0134491 
   14.6629141   50.0136712 
   14.6636646   50.013718  
   14.6648192   50.0135821 
   14.6660096   50.0128686 
   14.6661756   50.012883  
   14.6668113   50.0132102 
   14.6671961   50.0136608 
   14.6682916   50.0135378 
   14.668333    50.0142853 
   14.6687402   50.0158446 
   14.6687543   50.0163176 
   14.6686879   50.0163662 
   14.6688581   50.0173063 
   14.6694131   50.018697  
   14.6682935   50.0187997 
   14.6680739   50.0189077 
   14.6618883   50.0251844 
   14.6568649   50.0303209 
   14.6563854   50.0307965 
   14.6563094   50.0310258 
   14.6572374   50.0377832 
   14.6574992   50.0378785 
   14.6599331   50.0376899 
   14.6641983   50.0380408 
   14.6670741   50.0384347 
   14.6668618   50.0385071 
   14.6664092   50.0389215 
   14.6647063   50.0400625 
   14.6632525   50.0412249 
   14.6623046   50.0421227 
   14.6610199   50.0435538 
   14.659912    50.0452179 
   14.6589442   50.0458055 
   14.6564155   50.0472559 
   14.6551364   50.0485241 
   14.6538912   50.0493598 
   14.6532534   50.0489054 
   14.6523547   50.0478115 
   14.6518794   50.0473894 
   14.6504933   50.046471  
   14.6495075   50.0456598 
   14.6484306   50.0442057 
   14.648075    50.0438846 
   14.6471756   50.0433349 
   14.6463219   50.0429706 
   14.6450606   50.0425347 
   14.6440388   50.042301  
   14.6435918   50.0434961 
   14.6436642   50.0442282 
   14.6431071   50.0451415 
   14.642693    50.0455048 
   14.640257    50.0483964 
   14.6407531   50.0485845 
   14.6409814   50.0488402 
   14.6406897   50.049831  
   14.6406077   50.0511666 
   14.6412246   50.0527987 
   14.6413513   50.0540798 
   14.6412688   50.054744  
   14.6407833   50.0547745 
   14.6406114   50.0549229 
   14.6401382   50.0568823 
   14.6429818   50.057469  
   14.6439199   50.0582397 
   14.6446263   50.0585005 
   14.6458071   50.0587843 
   14.6450723   50.0599671 
   14.6520816   50.0595091 
   14.6514294   50.0619565 
   14.6550171   50.061378  
   14.6566877   50.0613411 
   14.6577253   50.0612313 
   14.6581176   50.0609719 
   14.6584393   50.0614564 
   14.6587917   50.0615231 
   14.6588615   50.0617288 
   14.6585735   50.0617583 
   14.6585475   50.061883  
   14.6583351   50.0619554 
   14.6579587   50.0618684 
   14.6578123   50.0621642 
   14.6606338   50.0628255 
   14.6620933   50.0632602 
   14.6634796   50.0632349 
   14.6665504   50.0639177 
   14.6671504   50.0638788 
   14.6682162   50.0647148 
   14.6700867   50.0657474 
   14.6707508   50.0660769 
   14.6723729   50.0665436 
   14.6740224   50.0672848 
   14.6760356   50.0680392 
   14.6766816   50.0681857 
   14.6769717   50.0680112 
   14.6772411   50.0680708 
   14.6780289   50.0684835 
   14.6788465   50.0687536 
   14.6796934   50.0691533 
   14.6810523   50.0691255 
   14.6824699   50.0693566 
   14.6833115   50.069647  
   14.6842104   50.0697971 
   14.689061    50.0711407 
   14.6891336   50.0711757 
   14.6892529   50.0713024 
   14.6908511   50.0720208 
   14.693401    50.0718233 
   14.7000124   50.0721571 
   14.7017523   50.0765341 
   14.7025666   50.0765498 
   14.7026348   50.0766282 
   14.7067943   50.0870008 
   14.7061199   50.0873964 
   14.7053418   50.0882909 
   14.7053369   50.0902136 
   14.7050983   50.0906829 
   14.7047491   50.0908706 
   14.7047121   50.0910488 
   14.7039192   50.0917426 
   14.6984395   50.0934117 
   14.6961908   50.0943247 
   14.6954685   50.0944077 
   14.6942217   50.0943003 
   14.694059    50.0945403 
   14.6927078   50.0954762 
   14.6911135   50.0956835 
   14.6896557   50.0960477 
   14.68873     50.0962945 
   14.688656    50.0963789 
   14.6885619   50.0981851 
   14.6886499   50.0988458 
   14.6911693   50.099908  
   14.6903663   50.1006265 
   14.6900152   50.100687  
   14.6768105   50.1016531 
   14.6742065   50.1023718 
   14.6718795   50.1031145 
   14.6717947   50.1029801 
   14.670904    50.1031935 
   14.6689953   50.1032828 
   14.6686379   50.1039141 
   14.6684716   50.1038998 
   14.6674581   50.1033496 
   14.6658795   50.102669  
   14.6647863   50.1035815 
   14.6646453   50.1036891 
   14.6644482   50.1035795 
   14.661621    50.1050952 
   14.6605878   50.10653   
   14.657432    50.1065113 
   14.6567521   50.1098999 
   14.6574211   50.1120986 
   14.6574049   50.1129863 
   14.6592746   50.1190264 
   14.6595644   50.120633  
   14.6585939   50.120528  
   14.6590327   50.122344  
   14.6539582   50.1229941 
   14.6522109   50.1233874 
   14.6507231   50.1233495 
   14.6500375   50.1232539 
   14.6472433   50.1240646 
   14.6461056   50.123567  
   14.6450155   50.123382  
   14.6409455   50.1234108 
   14.6401427   50.1237405 
   14.6394486   50.1242248 
   14.638084    50.1235986 
   14.6360615   50.1238227 
   14.6351318   50.1238147 
   14.6351722   50.1248343 
   14.6353932   50.1260691 
   14.6350642   50.126966  
   14.6347656   50.1274482 
   14.6348391   50.127636  
   14.6326962   50.1296459 
   14.6323075   50.1298844 
   14.6216129   50.1278508 
   14.6214908   50.1278946 
   14.620683    50.1294576 
   14.6085648   50.1270815 
   14.6073755   50.1277041 
   14.6044023   50.1283531 
   14.6019277   50.1288458 
   14.6006825   50.1292639 
   14.5998028   50.1298225 
   14.5975332   50.1316213 
   14.596362    50.1326264 
   14.5949306   50.1340625 
   14.5937592   50.135739  
   14.5923161   50.1385713 
   14.5916768   50.1390601 
   14.5911064   50.1393552 
   14.5898354   50.1396258 
   14.5910129   50.1415428 
   14.5914998   50.1425831 
   14.5901993   50.1433955 
   14.5884612   50.1440064 
   14.5878405   50.1444061 
   14.5877713   50.1452711 
   14.588235    50.1460191 
   14.5882198   50.1467618 
   14.5883336   50.1470257 
   14.5891745   50.1471896 
   14.5898221   50.1470644 
   14.5904044   50.1471151 
   14.5931895   50.1475901 
   14.5926025   50.1479413 
   14.5929629   50.148644  
   14.5929403   50.1494223 
   14.5932662   50.1498861 
   14.5944661   50.1506255 
   14.595839    50.1522872 
   14.5961329   50.1523671 
   14.5973568   50.1537981 
   14.5986748   50.1541334 
   14.5980381   50.1541839 
   14.5962668   50.1540119 
   14.5944198   50.153797  
   14.593626    50.1539457 
   14.5926402   50.1539326 
   14.5924198   50.1540405 
   14.5914191   50.1540987 
   14.5894116   50.1543778 
   14.5893179   50.1541519 
   14.5880106   50.1540564 
   14.5848812   50.1534939 
   14.5841841   50.1534514 
   14.5841084   50.1534085 
   14.5842315   50.1530926 
   14.5839625   50.1527607 
   14.5823626   50.1516416 
   14.5815705   50.1512461 
   14.5803422   50.1507763 
   14.5787294   50.1502548 
   14.5786425   50.1502654 
   14.5784188   50.1507903 
   14.5737226   50.1498915 
   14.5700917   50.1501015 
   14.5688527   50.1500843 
   14.5685636   50.1507849 
   14.5675968   50.1506826 
   14.566997    50.150848  
   14.5672659   50.15118   
   14.5661359   50.1516096 
   14.5659488   50.1512648 
   14.5651907   50.1507088 
   14.5631656   50.1501118 
   14.5629397   50.1508029 
   14.5624841   50.151489  
   14.5604764   50.1553789 
   14.5627726   50.1561416 
   14.5624317   50.1568196 
   14.5612124   50.1615222 
   14.5607611   50.1615192 
   14.5605875   50.1619396 
   14.5565314   50.1628199 
   14.5547531   50.1634814 
   14.5530374   50.1637128 
   14.5528799   50.1637898 
   14.553435    50.1642374 
   14.5530644   50.1643866 
   14.5517131   50.1646316 
   14.5504991   50.1647616 
   14.5505846   50.1660938 
   14.5495065   50.1659816 
   14.5491949   50.1657185 
   14.5475593   50.1653035 
   14.5472981   50.1649359 
   14.5453157   50.164291  
   14.5450116   50.1639923 
   14.5437963   50.163995  
   14.5425051   50.1627009 
   14.5414425   50.1641706 
   14.5406475   50.1649903 
   14.5404105   50.1650422 
   14.5400612   50.1649573 
   14.539468    50.1638892 
   14.5390719   50.1634916 
   14.5387692   50.16332   
   14.5353294   50.1622209 
   14.534288    50.1616914 
   14.5323419   50.1646547 
   14.5318789   50.16544   
   14.5307041   50.1663172 
   14.5309287   50.1665909 
   14.532814    50.1674272 
   14.5319274   50.1701445 
   14.5315953   50.1721117 
   14.5318709   50.173878  
   14.5326213   50.1771375 
   14.5318999   50.1770745 
   14.5294408   50.1770773 
   14.5267913   50.1774445 
   14.5267244   50.1770939 
   14.52651     50.1770388 
   14.5261339   50.17628   
   14.5233241   50.1756713 
   14.5196984   50.1746463 
   14.5190565   50.1746082 
   14.5187136   50.175159  
   14.5165937   50.1746286 
   14.5164273   50.1750133 
   14.5165673   50.1751526 
   14.515658    50.1749097 
   14.509426    50.1741824 
   14.5084299   50.1731514 
   14.5074389   50.1718305 
   14.5071611   50.1713312 
   14.5062397   50.1714895 
   14.5003573   50.1716453 
   14.4979362   50.1718685 
   14.4922314   50.1723844 
   14.4890664   50.1722518 
   14.4849688   50.1723185 
   14.4827867   50.1722811 
   14.4812394   50.1723811 
   14.4799596   50.1722868 
   14.4793359   50.1724798 
   14.4799158   50.1718292 
   14.4798503   50.1698815 
   14.4744057   50.1698385 
   14.4730009   50.1699328 
   14.4696393   50.1699276 
   14.4689421   50.1698844 
   14.4669213   50.1695765 
   14.4667447   50.1654803 
   14.4664826   50.1653846 
   14.4644606   50.1650615 
   14.463833    50.1648247 
   14.4639436   50.1639088 
   14.4637861   50.1613358 
   14.4640977   50.1598749 
   14.4638948   50.1597663 
   14.4605223   50.1588886 
   14.4520302   50.1583038 
   14.4519578   50.1577166 
   14.4518305   50.1576509 
   14.4463004   50.1576171 
   14.436825    50.1572712 
   14.436095    50.1589674 
   14.4301643   50.1578992 
   14.4282929   50.1575342 
   14.4288151   50.1555565 
   14.4293126   50.1539577 
   14.4290191   50.1538774 
   14.4290752   50.153483  
   14.4278944   50.1533242 
   14.4278092   50.1530626 
   14.4263989   50.1529198 
   14.4258933   50.1530385 
   14.4242287   50.1527643 
   14.423287    50.1528081 
   14.4232028   50.1526736 
   14.4199831   50.1529335 
   14.420398    50.1508646 
   14.4204753   50.1506355 
   14.4206885   50.1505636 
   14.4208098   50.1503928 
   14.4207925   50.1502097 
   14.420997    50.1500463 
   14.4221919   50.1500067 
   14.4225475   50.1499293 
   14.4214958   50.149564  
   14.4206727   50.149582  
   14.4198878   50.1494218 
   14.4193257   50.1494084 
   14.4178467   50.1490598 
   14.4175369   50.1489235 
   14.4169153   50.1483965 
   14.4166811   50.1483032 
   14.4152812   50.1483216 
   14.4142196   50.1483214 
   14.413496    50.1484026 
   14.4096319   50.1477157 
   14.4080795   50.1475783 
   14.4068922   50.1470556 
   14.4064802   50.147001  
   14.4057575   50.1472093 
   14.4043849   50.1472874 
   14.4032044   50.1476548 
   14.4020764   50.1476456 
   14.4005431   50.1479454 
   14.4001235   50.1479264 
   14.3998749   50.1464522 
   14.3990508   50.1437108 
   14.399132    50.1434638 
   14.3979889   50.1435259 
   14.3972099   50.143602  
   14.3969365   50.1430332 
   14.396645    50.1426807 
   14.3963343   50.1424171 
   14.3958125   50.1424798 
   14.3957035   50.1421978 
   14.3950068   50.1416278 
   14.3944992   50.141492  
   14.3933944   50.1413759 
   14.3926517   50.141546  
   14.3922971   50.1417506 
   14.3923907   50.1421038 
   14.391777    50.1431203 
   14.3916278   50.1432886 
   14.3910523   50.144127  
   14.3901012   50.1444783 
   14.3892389   50.1450735 
   14.3887763   50.1451232 
   14.3873424   50.1454861 
   14.3877925   50.1458891 
   14.3877294   50.1459198 
   14.3861272   50.1465401 
   14.3857208   50.1460653 
   14.3846196   50.1471143 
   14.3817137   50.1469652 
   14.3808994   50.146548  
   14.38        50.1463956 
   14.378461    50.1464586 
   14.3774242   50.1467477 
   14.3754927   50.1469937 
   14.3747039   50.1473775 
   14.373248    50.1474478 
   14.3727777   50.1475331 
   14.3719035   50.1480288 
   14.3714238   50.1480482 
   14.3695209   50.1475704 
   14.3678376   50.1473845 
   14.3668013   50.1474739 
   14.3658786   50.1479546 
   14.365264    50.1477911 
   14.3644384   50.1474272 
   14.3634933   50.146962  
   14.3628016   50.1465011 
   14.3617303   50.1460972 
   14.3612603   50.145656  
   14.3607686   50.1449224 
   14.3599959   50.144182  
   14.3586527   50.1433363 
   14.3583337   50.1429812 
   14.3580971   50.1425063 
   14.3578591   50.1424306 
   14.3576033   50.1420448 
   14.3567207   50.1414216 
   14.3565565   50.1411347 
   14.3561847   50.1411561 
   14.355925    50.1406353 
   14.3579018   50.1405283 
   14.357446    50.1392351 
   14.3560633   50.1389668 
   14.3553926   50.1386711 
   14.3549126   50.1378841 
   14.3541464   50.1375073 
   14.3544983   50.1362678 
   14.3558502   50.1366786 
   14.3559803   50.1365994 
   14.356202    50.1366192 
   14.3569094   50.1329425 
   14.3569547   50.1314216 
   14.3570331   50.1313197 
   14.357167    50.1312226 
   14.3572519   50.1303044 
   14.3575047   50.1296552 
   14.3584029   50.1296807 
   14.3601308   50.129547  
   14.3581569   50.1278071 
   14.3556915   50.1247011 
   14.3556898   50.1244468 
   14.3558066   50.1241668 
   14.3569528   50.1234338 
   14.3581787   50.1221995 
   14.358853    50.1212974 
   14.3603634   50.1188722 
   14.3612708   50.1179363 
   14.3604256   50.1175343 
   14.3615536   50.1163383 
   14.3607993   50.1160609 
   14.3598813   50.1159973 
   14.3554687   50.1161672 
   14.3549671   50.1162677 
   14.3542823   50.1161704 
   14.3533643   50.1161068 
   14.3502421   50.1164459 
   14.3490441   50.1165025 
   14.3481576   50.1164235 
   14.3470781   50.1164544 
   14.3432356   50.116729  
   14.3424485   50.1167133 
   14.3412411   50.1165512 
   14.3393807   50.1169299 
   14.3350756   50.1166002 
   14.333145    50.1165187 
   14.3274196   50.1167519 
   14.3260962   50.1163432 
   14.3244057   50.1160651 
   14.3217205   50.1154258 
   14.3204616   50.1152195 
   14.3207171   50.1156266 
   14.3202614   50.1168205 
   14.3184745   50.1182947 
   14.3180035   50.1189062 
   14.3178103   50.119016  
   14.3175871   50.1193955 
   14.3171188   50.1211691 
   14.3163937   50.1223026 
   14.3157533   50.1230441 
   14.3158552   50.1249232 
   14.3156286   50.1261012 
   14.3156061   50.1269888 
   14.3159359   50.1285978 
   14.3124765   50.1282704 
   14.3118823   50.1281446 
   14.3106779   50.1281201 
   14.3104486   50.127853  
   14.3100699   50.128037  
   14.3094495   50.1281631 
   14.3088207   50.1281976 
   14.3079717   50.1284666 
   14.3063305   50.1292639 
   14.3059115   50.1300252 
   14.3054342   50.130273  
   14.3046594   50.1296772 
   14.304517    50.1296826 
   14.3042392   50.1295307 
   14.3025134   50.1300661 
   14.3022518   50.1299701 
   14.3020718   50.1296272 
   14.3012891   50.1297205 
   14.300346    50.1287283 
   14.3005971   50.1283514 
   14.3003411   50.1278382 
   14.300392    50.1277339 
   14.300964    50.1274401 
   14.3005894   50.1269527 
   14.2997601   50.126479  
   14.2972401   50.1257269 
   14.2950049   50.1249638 
   14.2948457   50.1247862 
   14.2951169   50.1244473 
   14.2953902   50.1230557 
   14.2956677   50.1224269 
   14.2963245   50.1217414 
   14.2974786   50.1208461 
   14.2973871   50.1207472 
   14.2966126   50.1201513 
   14.2958272   50.119736  
   14.2940194   50.1189567 
   14.2935762   50.118917  
   14.2926762   50.1185096 
   14.2919592   50.1183001 
   14.2900503   50.1170759 
   14.2885036   50.1162655 
   14.2875335   50.1160515 
   14.2858916   50.1159405 
   14.2853609   50.115784  
   14.2852815   50.1157376 
   14.2844662   50.115613  
   14.2787966   50.1190988 
   14.2737104   50.1175529 
   14.2709359   50.116741  
   14.2650482   50.1149229 
   14.2599081   50.1134986 
   14.2592297   50.1138916 
   14.2571013   50.1145899 
   14.25598     50.1132544 
   14.2564418   50.113078  
   14.2562391   50.1128419 
   14.2562457   50.112552  
   14.2548232   50.1119519 
   14.2536512   50.1116286 
   14.2509472   50.1109496 
   14.2483468   50.1104432 
   14.245351    50.1099374 
   14.2447618   50.1099207 
   14.2439603   50.1102298 
   14.2423624   50.1110846 
   14.2417698   50.1112128 
   14.2405757   50.1112505 
   14.2397931   50.1113434 
   14.2393987   50.1115984 
   14.2390038   50.1117263 
   14.2386399   50.1117117 
   14.2383148   50.1115189 
   14.2380622   50.1116415 
   14.2379393   50.1115577 
   14.2381919   50.1114352 
   14.2371043   50.1104657 
   14.2372894   50.1093566 
   14.2375327   50.1088882 
   14.2393388   50.1077254 
   14.2394408   50.1075167 
   14.2391944   50.1072221 
   14.238315    50.1068524 
   14.237749    50.1067288 
   14.237425    50.1067904 
   14.2367116   50.1073434 
   14.2364032   50.1073338 
   14.2354451   50.1070659 
   14.2310068   50.1056671 
   14.2308269   50.1051969 
   14.2305534   50.105027  
   14.228024    50.1043267 
   14.2255      50.1039901 
   14.2243332   50.1028679 
   14.2258358   50.1008971 
   14.2261903   50.100566  
   14.2267275   50.1004328 
   14.232776    50.1022131 
   14.2331952   50.1022327 
   14.2362864   50.1011314 
   14.2367012   50.1010417 
   14.237338    50.1010991 
   14.2377261   50.1012612 
   14.2385633   50.101954  
   14.2388285   50.1020323 
   14.2449878   50.1027869 
   14.2463961   50.1029319 
   14.2471625   50.102783  
   14.2472049   50.1028473 
   14.246993    50.102913  
   14.2469504   50.1031089 
   14.2498344   50.1034775 
   14.2583217   50.0993901 
   14.2552421   50.0988619 
   14.254664    50.0986646 
   14.2542714   50.0983932 
   14.2540604   50.0980656 
   14.2540813   50.0974501 
   14.2546128   50.0969532 
   14.255343    50.0967102 
   14.2604187   50.0966039 
   14.2606872   50.0965373 
   14.2610221   50.096295  
   14.2610978   50.0871143 
   14.2651539   50.0872793 
   14.2682809   50.0857447 
   14.2687527   50.0860413 
   14.2709626   50.086131  
   14.2726534   50.087572  
   14.2733216   50.0876139 
   14.2744593   50.0858823 
   14.2745469   50.0852184 
   14.2744775   50.0847582 
   14.2752734   50.0810894 
   14.2769412   50.0810758 
   14.2786472   50.0812108 
   14.281291    50.0815753 
   14.2826549   50.0816615 
   14.283856    50.0815877 
   14.2852887   50.0812261 
   14.2850007   50.0782589 
   14.2878666   50.0776627 
   14.2879078   50.0772125 
   14.2892786   50.0771358 
   14.2893732   50.0770898 
   14.2893249   50.076922  
   14.2891936   50.0767468 
   14.2896466   50.0764788 
   14.2899522   50.0759797 
   14.2901206   50.0749418 
   14.2903813   50.0749107 
   14.2903913   50.0738222 
   14.2901666   50.0731666 
   14.288366    50.0734045 
   14.2848734   50.0735086 
   14.2835593   50.0738446 
   14.2824473   50.0742894 
   14.2817606   50.0736831 
   14.2810906   50.0732598 
   14.2804004   50.0731252 
   14.278983    50.0729616 
   14.2773156   50.0729752 
   14.278004    50.0722854 
   14.2776109   50.0721121 
   14.2779231   50.0719949 
   14.2779225   50.0718677 
   14.2782841   50.0715008 
   14.2783537   50.0711802 
   14.2784759   50.0711367 
   14.2785746   50.0709201 
   14.2782494   50.0708803 
   14.2777976   50.0714026 
   14.27619     50.0723113 
   14.275289    50.0730837 
   14.2665343   50.0726054 
   14.2580812   50.0715182 
   14.2577712   50.0711271 
   14.2576826   50.070756  
   14.2581705   50.0677313 
   14.2582573   50.067721  
   14.2591924   50.067442  
   14.2585348   50.0644958 
   14.2563159   50.0639329 
   14.2558289   50.0637075 
   14.2542187   50.0631993 
   14.2538308   50.0630373 
   14.2534579   50.0626769 
   14.2475143   50.0622504 
   14.2476991   50.0611413 
   14.2477936   50.0592796 
   14.2480342   50.0583026 
   14.2494312   50.0579745 
   14.2501288   50.0576197 
   14.2508479   50.0567766 
   14.2512711   50.0569055 
   14.2536423   50.0571554 
   14.2555736   50.0570933 
   14.2558977   50.0562509 
   14.2564557   50.0556294 
   14.2572521   50.0544301 
   14.2581809   50.0545682 
   14.2622855   50.0555368 
   14.2643323   50.0523437 
   14.2673928   50.0530548 
   14.2699972   50.0541788 
   14.2708077   50.0543424 
   14.2715977   50.0543409 
   14.2716071   50.0541674 
   14.2715887   50.0541222 
   14.271464    50.053657  
   14.2715162   50.0530262 
   14.2726577   50.0506232 
   14.2708151   50.0493681 
   14.2697242   50.0491974 
   14.2682982   50.0491417 
   14.2681895   50.0487113 
   14.26922     50.0486618 
   14.2699771   50.0484212 
   14.2706024   50.0478783 
   14.270578    50.0477308 
   14.2710406   50.047028  
   14.2710986   50.0467608 
   14.270932    50.0466187 
   14.2704812   50.0464874 
   14.2705236   50.0462915 
   14.2710292   50.0463007 
   14.2702757   50.0448348 
   14.2701349   50.0443137 
   14.2701973   50.0441559 
   14.2698804   50.0433812 
   14.268681    50.0433477 
   14.2686598   50.0430553 
   14.2691564   50.0428458 
   14.2692779   50.0426752 
   14.2700438   50.0401839 
   14.2708627   50.0388776 
   14.271879    50.0375709 
   14.2729756   50.0365438 
   14.2741088   50.0357379 
   14.2757744   50.0348164 
   14.2797773   50.0331245 
   14.2820728   50.0318965 
   14.2824219   50.0314558 
   14.2850644   50.0294054 
   14.2867244   50.0282473 
   14.2888014   50.0272845 
   14.289465    50.0269138 
   14.2904933   50.026525  
   14.2938982   50.0254418 
   14.2959175   50.0250965 
   14.2964215   50.0248512 
   14.2975406   50.0244978 
   14.2974959   50.0235315 
   14.2977601   50.0234826 
   14.2979222   50.0235153 
   14.298074    50.0238557 
   14.2987812   50.0239736 
   14.2990622   50.0241078 
   14.2992886   50.0243641 
   14.3000743   50.0243802 
   14.3007308   50.0246025 
   14.3053011   50.0244495 
   14.3083984   50.0242007 
   14.3092501   50.0240411 
   14.3102093   50.0240363 
   14.3118229   50.0238722 
   14.3158717   50.023654  
   14.3158625   50.0234353 
   14.3155769   50.0231919 
   14.3157221   50.0230415 
   14.3160807   50.0229465 
   14.3166509   50.0212183 
   14.3166948   50.0206231 
   14.3165276   50.0197004 
   14.3161624   50.018651  
   14.3154478   50.0172616 
   14.3153013   50.0165041 
   14.3151267   50.0149634 
   14.3147269   50.0140742 
   14.3131761   50.0134269 
   14.3127761   50.0131913 
   14.3126011   50.0129578 
   14.3132002   50.01214   
   14.3117155   50.0092291 
   14.3113452   50.0079431 
   14.3112908   50.0074117 
   14.3114146   50.0069689 
   14.3091184   50.0070354 
   14.3064479   50.0079216 
   14.3052806   50.008761  
   14.3030837   50.0111057 
   14.3023987   50.0114074 
   14.3007998   50.0117923 
   14.3003875   50.0109364 
   14.3001042   50.0082057 
   14.3001395   50.0067383 
   14.3005055   50.0043927 
   14.2990909   50.0040296 
   14.2989206   50.0039054 
   14.2985463   50.0032908 
   14.2980238   50.0029716 
   14.2964679   50.0027411 
   14.2957105   50.0024007 
   14.2948632   50.0022157 
   14.2951395   50.0022405 
   14.2958276   50.0017939 
   14.2958668   50.001743  
   14.2964989   50.0011643 
   14.297494    50.0006    
   14.2987676   50.000442  
   14.2990747   50.0003243 
   14.2993549   50.0003313 
   14.2995476   50.0002215 
   14.2996452   50.0000306 
   14.2998264   49.9999742 
   14.3005955   49.9999343 
   14.3011604   50.0000576 
   14.3018344   49.9999366 
   14.3014601   49.999322  
   14.3008405   49.9989305 
   14.3005088   49.9985103 
   14.3005042   49.998401  
   14.300555    49.9982966 
   14.3005389   49.9982407 
   14.3008299   49.9980671 
   14.3010611   49.9977792 
   14.3024129   49.9975193 
   14.305846    49.9976639 
   14.3063619   49.9974923 
   14.3063682   49.9972024 
   14.3066123   49.9971154 
   14.3068795   49.9969215 
   14.3073886   49.9962591 
   14.3076542   49.9962401 
   14.3072186   49.9954813 
   14.3079456   49.9949836 
   14.3085083   49.9947255 
   14.3095522   49.994456  
   14.3099683   49.9940939 
   14.310105    49.993852  
   14.3118954   49.9944301 
   14.3139606   49.9947787 
   14.3139983   49.9944734 
   14.3144936   49.9934829 
   14.3146987   49.9927932 
   14.3150664   49.9922634 
   14.3172456   49.9905161 
   14.3173393   49.9903429 
   14.317235    49.9900431 
   14.3177577   49.9897087 
   14.3181277   49.9889067 
   14.3216009   49.9899078 
   14.3264433   49.9916124 
   14.326649    49.9910499 
   14.326771    49.9910063 
   14.3270289   49.9912473 
   14.3278478   49.9916293 
   14.3331165   49.9933173 
   14.3350921   49.9938208 
   14.3355971   49.9938297 
   14.3362986   49.9937109 
   14.337066    49.9934165 
   14.3374627   49.9931433 
   14.3376584   49.9928885 
   14.3378325   49.9923413 
   14.3385376   49.991551  
   14.3388806   49.9915273 
   14.342225    49.9907734 
   14.342211    49.9904453 
   14.3415786   49.9902435 
   14.3413329   49.9901145 
   14.3408702   49.9898716 
   14.337808    49.989053  
   14.3354504   49.9886242 
   14.3350221   49.9882591 
   14.3348745   49.9879423 
   14.3348103   49.9878045 
   14.3347171   49.9872455 
   14.3346751   49.9869935 
   14.3350825   49.9865398 
   14.3351012   49.9865365 
   14.3361069   49.9863591 
   14.336779    49.9859836 
   14.3377643   49.9858538 
   14.3380628   49.9856445 
   14.338603    49.9856202 
   14.3387718   49.9854901 
   14.338846    49.9847524 
   14.3387948   49.9846594 
   14.3390999   49.9843575 
   14.3390507   49.9840627 
   14.3391588   49.9836911 
   14.3384566   49.9830291 
   14.3377959   49.9826977 
   14.3375771   49.9824058 
   14.3377259   49.9822376 
   14.33852     49.9818184 
   14.3387255   49.9812559 
   14.3394843   49.9808699 
   14.3394827   49.9806156 
   14.3388504   49.9804138 
   14.3369044   49.9795134 
   14.335946    49.9788649 
   14.3351625   49.9784498 
   14.3353459   49.9781213 
   14.3353366   49.9779026 
   14.3346123   49.9774747 
   14.3324341   49.9772615 
   14.3325897   49.9762769 
   14.3323902   49.975896  
   14.3321846   49.9758049 
   14.3304952   49.9755447 
   14.330183    49.975426  
   14.3292554   49.9746349 
   14.3294042   49.9744667 
   14.3298661   49.9745443 
   14.3300341   49.974287  
   14.3282227   49.9734168 
   14.3276804   49.9730595 
   14.3271802   49.9725064 
   14.3267529   49.9716148 
   14.327049    49.9710241 
   14.3273781   49.9706723 
   14.329154    49.9709221 
   14.3321872   49.9710848 
   14.3329483   49.9717339 
   14.3347175   49.9728001 
   14.3365158   49.9734694 
   14.3400243   49.974564  
   14.3411813   49.9748127 
   14.3420337   49.9749071 
   14.3465134   49.9749113 
   14.3450858   49.9736732 
   14.3453421   49.9736598 
   14.3462305   49.9738482 
   14.3467774   49.9736611 
   14.3470028   49.9731366 
   14.3470616   49.9724701 
   14.3464923   49.9722377 
   14.346005    49.9718855 
   14.3457086   49.9711691 
   14.3454404   49.9699287 
   14.3455427   49.968667  
   14.344964    49.9675623 
   14.3438859   49.9666852 
   14.3433082   49.9663612 
   14.3418031   49.9658998 
   14.3408804   49.9658717 
   14.3394124   49.966285  
   14.3368399   49.967253  
   14.3351347   49.9675906 
   14.3348033   49.9675609 
   14.3342817   49.967369  
   14.3329285   49.9665942 
   14.3302599   49.965393  
   14.3291009   49.9647627 
   14.3273935   49.9634115 
   14.3269946   49.9626496 
   14.3266633   49.9613127 
   14.3261748   49.9600525 
   14.3250766   49.95901   
   14.3248058   49.9585682 
   14.3250782   49.9573035 
   14.3257132   49.9567068 
   14.3264671   49.9562116 
   14.3271711   49.9559479 
   14.3293091   49.9555585 
   14.3301511   49.9553071 
   14.3331295   49.9537584 
   14.334739    49.9526861 
   14.3371347   49.9493967 
   14.3376282   49.9482789 
   14.3381604   49.9482903 
   14.3407161   49.9485735 
   14.3412551   49.948422  
   14.3415954   49.9480168 
   14.3422831   49.9476971 
   14.3428734   49.9475684 
   14.3439254   49.9475173 
   14.3468416   49.9480868 
   14.3479326   49.9479847 
   14.3492216   49.9480092 
   14.3513195   49.9481968 
   14.3521192   49.9481412 
   14.3536341   49.9477683 
   14.3587045   49.9486571 
   14.3601468   49.9474426 
   14.3605561   49.9473702 
   14.3622091   49.9481896 
   14.3645085   49.9490122 
   14.3651175   49.9493207 
   14.3659704   49.9495421 
   14.3663862   49.9498334 
   14.3668951   49.9504779 
   14.3670099   49.9511235 
   14.3677277   49.9511876 
   14.3681503   49.9513161 
   14.368812    49.9512481 
   14.3706182   49.9508283 
   14.3717771   49.9502782 
   14.3720544   49.9499036 
   14.3722367   49.9489214 
   14.3727436   49.9481315 
   14.373518    49.9472748 
   14.3734058   49.9470106 
   14.3741094   49.9467466 
   14.3750724   49.9475042 
   14.3769339   49.9465629 
   14.3775048   49.9470495 
   14.3785267   49.9483206 
   14.379842    49.9492729 
   14.3840278   49.9493011 
   14.3850836   49.9492319 
   14.3854663   49.9492841 
   14.3857909   49.9494764 
   14.3865448   49.9496344 
   14.3872369   49.9499502 
   14.387532    49.9498857 
   14.387988    49.9497266 
   14.3889718   49.94789   
   14.3888205   49.9476768 
   14.3885235   49.947487  
   14.3889434   49.9467075 
   14.3888094   49.9456245 
   14.3890113   49.9452068 
   14.3899499   49.944764  
   14.3906954   49.944304  
   14.390623    49.944116  
   14.3907249   49.9440343 
   14.3914055   49.9438771 
   14.3919595   49.9436541 
   14.3932152   49.9430473 
   14.3955822   49.9418934 
   14.3964334   49.9427273 
   14.3968998   49.9439669 
   14.3969188   49.9444043 
   14.3967513   49.9451881 
   14.3957279   49.9474751 
   14.3947253   49.9499273 
   14.3945386   49.951853  
   14.3944909   49.9533918 
   14.3950486   49.9568361 
   14.395834    49.9585579 
   14.3974622   49.9612079 
   14.3980193   49.9624193 
   14.3985621   49.9648819 
   14.3986392   49.9657057 
   14.3989688   49.9665337 
   14.3991802   49.967914  
   14.399224    49.9679724 
   14.3998393   49.9679908 
   14.4001669   49.9696174 
   14.4003184   49.9698306 
   14.4002517   49.9704055 
   14.4005756   49.9704706 
   14.4006518   49.9706408 
   14.4012127   49.9707814 
   14.4013518   49.9709209 
   14.4015013   49.9708797 
   14.4014946   49.9705161 
   14.4016594   49.9704036 
   14.4020423   49.9704558 
   14.4022251   49.9706536 
   14.4032213   49.9699435 
   14.4037498   49.9694459 
   14.4047469   49.9688629 
   14.4065991   49.9682288 
   14.4084885   49.9678159 
   14.4087675   49.9676954 
   14.4094121   49.9669177 
   14.4110089   49.9658978 
   14.4116659   49.9657202 
   14.4143209   49.9654115 
   14.4146351   49.9652579 
   14.4153623   49.9644875 
   14.4159393   49.9641575 
   14.416592    49.9639341 
   14.418336    49.963608  
   14.4197348   49.9635143 
   14.4218699   49.9637946 
   14.4233917   49.9637845 
   14.4246382   49.963877  
   14.4276468   49.9644162 
   14.4276527   49.9646527 
   14.4282061   49.9648288 
   14.4288226   49.9655007 
   14.4293571   49.9657659 
   14.4297689   49.9664741 
   14.4300147   49.9666411 
   14.4315597   49.9670504 
   14.4320465   49.967275  
   14.4336305   49.9676333 
   14.4352049   49.9677729 
   14.4361136   49.9679986 
   14.4376441   49.9680798 
   14.4385886   49.9678731 
   14.4388096   49.9678927 
   14.4398986   49.9684611 
   14.4405647   49.9689013 
   14.4430857   49.9709397 
   14.4446033   49.97388   
   14.4454665   49.9736373 
   14.4464734   49.9737991 
   14.4473374   49.9738392 
   14.4489488   49.9736733 
   14.4501761   49.9733281 
   14.4527055   49.9721543 
   14.4531577   49.9720128 
   14.4545481   49.9718272 
   14.4559997   49.971883  
   14.4581986   49.9717326 
   14.4591356   49.9715614 
   14.4611768   49.9709614 
   14.4620271   49.9708006 
   14.462651    49.9722352 
   14.4623796   49.9723201 
   14.4624247   49.9725056 
   14.4630123   49.9725212 
   14.4631527   49.9727878 
   14.4639966   49.9727897 
   14.4649542   49.9758329 
   14.4651827   49.9771418 
   14.4659615   49.9795702 
   14.4662579   49.9809577 
   14.4693595   49.9802697 
   14.4696134   49.9800017 
   14.4737854   49.9803701 
   14.4736868   49.9812326 
   14.473709    49.9832492 
   14.4736069   49.9837303 
   14.4740024   49.9838559 
   14.4745473   49.9833577 
   14.4758863   49.9841311 
   14.4761024   49.9840413 
   14.4804074   49.9851108 
   14.4814147   49.9852723 
   14.4832184   49.9853951 
   14.4868785   49.9857904 
   14.4868323   49.9876013 
   14.4845398   49.9875262 
   14.4842765   49.9889006 
   14.4843001   49.9893201 
   14.4844066   49.9897469 
   14.4849754   49.9902508 
   14.4844947   49.9915879 
   14.4842309   49.9916372 
   14.4840587   49.9917854 
   14.4838473   49.9923838 
   14.4839552   49.9925385 
   14.4851297   49.9928417 
   14.4888127   49.9935294 
   14.4950511   49.9949138 
   14.4974857   49.9953823 
   14.5023413   49.9965175 
   14.5045148   49.9968902 
   14.5046894   49.9969963 
   14.507231    49.9974921 
   14.5093772   49.9938695 
   14.507523    49.9934524 
   14.5081889   49.9921679 
   14.5098045   49.9923826 
   14.5098032   49.9922554 
   14.5137316   49.9925827 
   14.5134175   49.9939344 
   14.5134678   49.9942292 
   14.513459    49.994537  
   14.516125    49.9948439 
   14.51613     49.9949532 
   14.5174932   49.9951637 
   14.5179868   49.9944267 
   14.5189379   49.9948551 
   14.5182207   49.9961169 
   14.5193464   49.9962521 
   14.5191656   49.9971074 
   14.5220912   49.997319  
   14.5243056   49.9974318 
   14.528244    49.9998464 
   14.5291212   50.000359  
   14.5300008   50.0007266 
   14.5287659   50.0015075 
   14.5270751   50.0028473 
   14.5256253   50.0038452 
   14.5244556   50.0048496 
   14.523144    50.0062589 
   14.522404    50.0068292 
   14.5210022   50.0077188 
   14.5223615   50.0080959 
   14.5236699   50.0087007 
   14.5248727   50.0094052 
   14.5266374   50.0102497 
   14.5274683   50.010849  
   14.5294527   50.0107872 
   14.5334344   50.0115357 
   14.5354416   50.0117661 
   14.5379773   50.0108269 
   14.5408723   50.0099192 
   14.5411663   50.0097272 
   14.5416962   50.009084  
   14.5422804   50.0087178 
   14.5432229   50.0086552 
   14.5444869   50.008403  
   14.5451669   50.008517  
   14.5459311   50.0087654 
   14.546239    50.0087742 
   14.5508764   50.0080089 
   14.5511764   50.0083554 
   14.5515372   50.0086211 
   14.5534443   50.0094595 
   14.5535098   50.009683  
   14.5537764   50.0098878 
   14.5530309   50.0110203 
   14.5536771   50.0112947 
   14.5539785   50.011067  
   14.5542864   50.0110758 
   14.554504    50.0110011 
   14.5544387   50.0112887 
   14.5540393   50.0115804 
   14.5542584   50.012144  
   14.5547497   50.0119511 
   14.5553505   50.01204   
   14.5560517   50.0119199 
   14.5567819   50.0119293 
   14.5575735   50.0117808 
   14.5591056   50.0118604 
   14.5630604   50.0115348 
   14.5635816   50.0111993 
   14.5636941   50.0106647 
   14.5641633   50.0099072 
   14.5641179   50.0097218 
   14.5664275   50.0094519 
   14.5675208   50.0094748 
   14.5679333   50.0085854 
   14.5680289   50.0075956 
   14.5683085   50.0073642 
   14.5684669   50.0074993 
   14.5688561   50.0078131 
   14.569701    50.0082136 
   14.5716272   50.0089626 
   14.5717945   50.0091042 
   14.5722416   50.0099236 
   14.5731903   50.0107687 
   14.5742997   50.0115189 
   14.5745266   50.0120468 
   14.5751205   50.0125705 
   14.576102    50.0135272 
   14.5823632   50.0163367 
   14.5819459   50.0141281 
   14.5820542   50.0125407 
   14.5817089   50.010968  
   14.5821954   50.0110649 
   14.5849038   50.0111743 
   14.5870697   50.0114539 
   14.587902    50.0100385 
   14.5884987   50.0090743 
   14.5891767   50.0086617 
   14.5910732   50.0095529 
   14.5918175   50.009763  
   14.5925986   50.0093956 
   14.5929103   50.0093864 
   14.5938646   50.0096692 
   14.5943997   50.0100443 
   14.5949737   50.0093486 
   14.5946913   50.0088159 
   14.5946287   50.0081753 
   14.5946982   50.0077095 
   14.5950115   50.0071562 
   14.5956967   50.0073792 
   14.5962594   50.0079182 
   14.5966996   50.0081017 
   14.5990985   50.0087463 
   14.6004788   50.0090117 
   14.6020781   50.0094413 
   14.6022792   50.0094225 
   14.6023405   50.0079218 
   14.6029421   50.0063955 
   14.6039038   50.0019427 
   14.6055598   50.0025043 
   14.6078337   50.0029382 
   14.6079816   50.0027696 
   14.6079495   50.0023857 
   14.6087378   50.0019826 
   14.6092334   50.0018231 
   14.6092772   50.0015577 
   14.6088334   50.0013921 
   14.6086293   50.0011566 
   14.6082684   50.0009981 
   14.6082803   50.0006725 
   14.6085971   50.0001013 
   14.6094982   49.9995628 
   14.6096722   49.9992695 
   14.6100988   49.99898   
   14.6100846   49.9987791 
   14.6103708   49.9986226 
   14.6108467   49.9985007 
   14.6112338   49.9985344 
   14.6114415   49.9987521 
   14.611709    49.9986846 
   14.6122523   49.9989134 
END

END
