Europe / Southern Europe / Spain / Islas_Baleares
1
    3.21319400000004  39.962361
    3.21430600000002  39.9620810000001
    3.2140280000001  39.955697
    3.20791600000013  39.9518040000002
    3.20514000000014  39.9481920000001
    3.20486200000005  39.9456940000001
    3.20291800000012  39.9448620000001
    3.201527  39.9429160000001
    3.19569500000006  39.9420820000001
    3.19430500000016  39.94014
    3.19263900000016  39.9395840000001
    3.18930700000016  39.9415280000001
    3.18875000000008  39.94014
    3.18597200000011  39.939303
    3.18458400000003  39.9370840000001
    3.17819300000002  39.9370840000001
    3.1729170000001  39.9329200000001
    3.17041700000004  39.9329200000001
    3.17041700000004  39.9318050000001
    3.16847300000012  39.930973
    3.16847300000012  39.9301370000001
    3.16541700000005  39.929863
    3.16597300000007  39.9290270000001
    3.16263799999996  39.9279170000001
    3.16263799999996  39.927083
    3.16125000000005  39.9268070000001
    3.16097199999996  39.925973
    3.155416  39.924026
    3.15514000000007  39.9226380000001
    3.15291600000006  39.9226380000001
    3.14902699999999  39.924863
    3.14791700000001  39.9237530000001
    3.14486100000011  39.924026
    3.14291700000001  39.926529
    3.14069499999999  39.927639
    3.13402800000011  39.9273610000001
    3.13152800000006  39.9262510000001
    3.12958400000014  39.9237530000001
    3.12986000000006  39.9187500000001
    3.12680600000016  39.915696
    3.12319299999996  39.9154160000001
    3.12069500000007  39.9143060000001
    3.11847100000006  39.911252
    3.11680500000006  39.9104150000001
    3.11402700000008  39.9101370000001
    3.112639  39.911252
    3.10986000000008  39.911252
    3.109307  39.907359
    3.11152900000002  39.9043050000001
    3.11180500000012  39.899861
    3.110973  39.899029
    3.109307  39.899583
    3.109307  39.901527
    3.10791599999999  39.9029169999999
    3.10763800000012  39.905693
    3.10402800000003  39.9051390000001
    3.1020840000001  39.9070810000001
    3.10152800000009  39.9090270000002
    3.09458299999994  39.9090270000002
    3.09124899999995  39.9106930000002
    3.08874900000006  39.9106930000002
    3.08736100000016  39.909305
    3.08597300000008  39.909305
    3.08375100000006  39.9070810000001
    3.08375100000006  39.9059710000001
    3.08625099999995  39.905693
    3.08874900000006  39.9043050000001
    3.08819500000004  39.9029169999999
    3.08541700000006  39.901527
    3.08486100000005  39.9026370000001
    3.08152900000005  39.9043050000001
    3.07958400000007  39.901249
    3.07875000000001  39.8962529999999
    3.07902800000005  39.8884740000001
    3.08013800000009  39.8845840000001
    3.08178800000002  39.882915
    3.08152900000005  39.881805
    3.08236000000005  39.8804170000001
    3.08180700000014  39.879581
    3.08236000000005  39.879581
    3.08347300000014  39.8748630000001
    3.08874900000006  39.8676380000001
    3.09013900000014  39.8673620000001
    3.09236100000015  39.8648600000001
    3.09569300000015  39.8631940000001
    3.09930600000013  39.8590280000001
    3.10069400000003  39.8593060000001
    3.10319400000009  39.8573620000001
    3.10819400000008  39.8576400000001
    3.110973  39.85875
    3.1112510000001  39.8618059999999
    3.11236100000008  39.8623620000001
    3.11486100000002  39.8615260000001
    3.115973  39.864582
    3.11902700000007  39.864582
    3.11874899999998  39.8623620000001
    3.11958300000009  39.8618059999999
    3.12180500000005  39.8643080000001
    3.12347100000005  39.8643080000001
    3.12514000000016  39.8631940000001
    3.12902799999995  39.8679160000002
    3.13180600000015  39.8695820000002
    3.13430600000004  39.8690260000001
    3.13541600000002  39.8665280000001
    3.13791700000002  39.8651379999999
    3.14180500000003  39.8656960000001
    3.14236099999999  39.8673620000001
    3.14680500000003  39.8665280000001
    3.14847100000003  39.8676380000001
    3.14958300000001  39.870141
    3.15263999999996  39.872361
    3.1556940000001  39.871251
    3.15902800000009  39.871807
    3.15958400000005  39.872917
    3.16319400000015  39.8737490000001
    3.16652900000003  39.877917
    3.16930500000007  39.8776390000001
    3.17013900000012  39.876805
    3.17180500000012  39.879581
    3.17347100000012  39.8787490000001
    3.1762490000001  39.8798590000001
    3.17680500000012  39.881249
    3.17958400000003  39.883471
    3.18263800000011  39.882915
    3.18347199999999  39.883752
    3.18513799999999  39.883752
    3.18708200000009  39.8868060000001
    3.18736000000001  39.8890260000001
    3.18930700000016  39.8906940000001
    3.19041600000008  39.8929180000001
    3.19208299999997  39.8923600000001
    3.19458300000008  39.8934700000001
    3.19736100000006  39.8923600000001
    3.19847300000004  39.890972
    3.20069500000005  39.8912500000001
    3.20097300000015  39.890416
    3.20402700000005  39.889862
    3.20374899999996  39.887638
    3.20069500000005  39.887084
    3.19958300000008  39.885418
    3.19597300000015  39.8840300000001
    3.19291700000008  39.881249
    3.18847199999999  39.8815270000001
    3.18958200000003  39.878471
    3.19069500000006  39.877917
    3.19069500000006  39.8765290000001
    3.18763800000011  39.876805
    3.18736000000001  39.8751370000001
    3.18847199999999  39.8731950000001
    3.18513799999999  39.8720830000001
    3.18402800000001  39.8704190000001
    3.18597200000011  39.8693040000001
    3.18569400000001  39.8681940000001
    3.18708400000008  39.866248
    3.18763800000011  39.8623620000001
    3.18819400000007  39.8618059999999
    3.18986000000007  39.8626400000001
    3.196527  39.8623620000001
    3.19597300000015  39.858472
    3.19180399999999  39.8534730000001
    3.18986000000007  39.852639
    3.18875000000008  39.850971
    3.18708200000009  39.850971
    3.18763800000011  39.849861
    3.18236200000001  39.8445830000001
    3.18152800000013  39.842641
    3.17930600000011  39.841804
    3.17819300000002  39.8404160000001
    3.17541800000009  39.840138
    3.1745830000001  39.837918
    3.17013900000012  39.8376380000001
    3.16875100000004  39.836808
    3.16708300000005  39.8381960000001
    3.16375100000005  39.8387480000001
    3.15958400000005  39.836808
    3.15625000000006  39.8370820000001
    3.15263999999996  39.8354160000001
    3.14708300000012  39.83514
    3.14069499999999  39.8320840000001
    3.14041700000013  39.8326380000001
    3.14180500000003  39.8331939999999
    3.14232400000014  39.8348620000001
    3.13875100000013  39.834584
    3.14013900000003  39.8365280000001
    3.13986100000011  39.83736
    3.13847300000003  39.83847
    3.13541600000002  39.837918
    3.13541600000002  39.839028
    3.13625100000002  39.839028
    3.13625100000002  39.8398620000001
    3.13541600000002  39.8398620000001
    3.13430600000004  39.8381960000001
    3.13430600000004  39.83625
    3.13319400000006  39.8359720000001
    3.13097200000004  39.837918
    3.13097200000004  39.8387480000001
    3.13291600000014  39.839584
    3.13263800000004  39.84125
    3.12930600000004  39.84125
    3.12514000000016  39.8387480000001
    3.12041700000015  39.833474
    3.11708299999998  39.824307
    3.11652700000002  39.8193050000001
    3.11736100000007  39.8123620000001
    3.119305  39.805416
    3.12069500000007  39.80375
    3.12041700000015  39.8020809999999
    3.12374900000015  39.7976370000001
    3.12402799999995  39.795697
    3.12514000000016  39.795697
    3.12597200000005  39.7943050000001
    3.12652800000006  39.7915270000001
    3.12819400000006  39.7909730000001
    3.13069399999995  39.7870820000001
    3.13458500000002  39.7826380000001
    3.13791700000002  39.7806940000002
    3.13902899999999  39.778474
    3.14180500000003  39.7773640000001
    3.14208300000013  39.7762490000001
    3.14347300000003  39.7765280000001
    3.14319500000011  39.775971
    3.14569499999999  39.7723610000001
    3.14763900000008  39.772083
    3.15291600000006  39.7673610000001
    3.15430599999996  39.767639
    3.15763799999996  39.7654140000001
    3.15847200000007  39.7656950000001
    3.15875  39.767083
    3.15958400000005  39.767083
    3.16402900000014  39.7640260000001
    3.16430399999996  39.7629170000001
    3.16708300000005  39.7626380000001
    3.16986100000003  39.7598600000001
    3.17374900000004  39.7593039999999
    3.1745830000001  39.7573620000001
    3.17708400000009  39.7573620000001
    3.18013999999999  39.7554160000001
    3.18263800000011  39.7556960000001
    3.18458400000003  39.754582
    3.18569400000001  39.7548600000001
    3.18680599999999  39.753472
    3.19041600000008  39.753472
    3.19041600000008  39.7520840000001
    3.19375099999996  39.751252
    3.196527  39.748474
    3.201527  39.7481960000001
    3.20180500000004  39.747359
    3.20263900000015  39.747639
    3.20458400000012  39.7462490000001
    3.20875000000007  39.745139
    3.20930600000003  39.7429170000001
    3.21180600000014  39.7409710000001
    3.21625000000012  39.740139
    3.21625000000012  39.7395830000002
    3.22097300000007  39.740139
    3.22263900000007  39.738192
    3.23208400000016  39.7345850000002
    3.237638  39.730972
    3.24319400000013  39.7295840000001
    3.2518050000001  39.729862
    3.25374900000003  39.729306
    3.25569500000012  39.730416
    3.25652700000001  39.732638
    3.2584710000001  39.7343070000001
    3.26736  39.7340280000001
    3.26736  39.7345850000002
    3.27097299999997  39.735416
    3.27569500000004  39.738473
    3.27736100000004  39.7387510000001
    3.27874899999995  39.740139
    3.28597200000002  39.740139
    3.28847200000013  39.745139
    3.29180600000012  39.7454200000001
    3.29763800000001  39.7487490000001
    3.30069500000002  39.747918
    3.300139  39.750137
    3.30263900000011  39.7504200000001
    3.303473  39.7520840000001
    3.30458299999998  39.7520840000001
    3.30708300000009  39.754582
    3.31180600000005  39.7559740000001
    3.31486199999995  39.7559740000001
    3.31514000000004  39.756806
    3.31708400000014  39.756806
    3.31763800000016  39.7576379999999
    3.32041600000014  39.756806
    3.32180600000004  39.758472
    3.32319399999994  39.7576379999999
    3.32569500000011  39.7576379999999
    3.32680500000015  39.7598600000001
    3.32986100000005  39.7601410000001
    3.33069500000011  39.7609699999999
    3.33013900000009  39.764305
    3.33319499999999  39.7656950000001
    3.3356950000001  39.7690270000001
    3.3356950000001  39.7706950000001
    3.33458300000012  39.772083
    3.33486099999999  39.7734710000001
    3.33208300000001  39.7745810000001
    3.33402700000011  39.7770840000001
    3.33513900000008  39.7840280000001
    3.3415280000001  39.78625
    3.34375000000006  39.7881920000001
    3.34763800000007  39.789585
    3.35097200000007  39.7881920000001
    3.35236000000015  39.7865310000001
    3.35208200000005  39.7856940000001
    3.35347300000007  39.7856940000001
    3.35430499999995  39.7843060000001
    3.35625100000004  39.7834740000001
    3.35708300000016  39.7815280000001
    3.35847300000006  39.78125
    3.36013900000006  39.7787520000001
    3.36319500000013  39.777916
    3.36430500000012  39.7765280000001
    3.36847200000011  39.7765280000001
    3.37180600000011  39.774861
    3.37236200000012  39.773193
    3.37375000000003  39.773193
    3.37375000000003  39.7690270000001
    3.37458200000009  39.768195
    3.37736000000012  39.7679170000001
    3.37986100000006  39.7654140000001
    3.38152700000006  39.765973
    3.38291699999996  39.7651410000001
    3.38986100000005  39.764305
    3.39708400000012  39.764863
    3.39819400000016  39.763195
    3.39930600000014  39.7629170000001
    3.40458200000006  39.7640260000001
    3.40625100000011  39.7618070000001
    3.40541600000012  39.7590280000001
    3.40986100000003  39.759582
    3.41263900000001  39.755138
    3.41541699999999  39.7531940000001
    3.41680500000007  39.7531940000001
    3.41819300000003  39.751252
    3.41958400000016  39.751803
    3.42763800000006  39.7515250000001
    3.42791600000015  39.7498620000001
    3.43041600000004  39.749306
    3.43041600000004  39.748474
    3.43180700000005  39.747639
    3.43263800000005  39.7448610000001
    3.43680500000005  39.7443050000001
    3.44041700000014  39.7454150000001
    3.44124900000003  39.7445830000001
    3.44764000000004  39.7445830000001
    3.45097200000004  39.743473
    3.45402800000011  39.744027
    3.46152900000004  39.7481960000001
    3.46041700000006  39.745693
    3.45847200000009  39.745139
    3.45791600000007  39.7437510000001
    3.45902900000016  39.7412490000002
    3.46208300000006  39.7409710000001
    3.46236100000016  39.738192
    3.45930399999997  39.737363
    3.45819399999999  39.7334700000001
    3.45291600000007  39.7287480000001
    3.45236200000011  39.7262500000001
    3.45513800000009  39.727638
    3.45652799999999  39.727638
    3.45652799999999  39.727086
    3.45180600000009  39.7243030000001
    3.45208400000001  39.721805
    3.45375000000001  39.720974
    3.45597199999997  39.7220840000001
    3.46013899999997  39.720974
    3.46319500000004  39.7215270000002
    3.46513899999997  39.7204170000001
    3.47291800000005  39.7212490000001
    3.47374999999994  39.7204170000001
    3.47680600000001  39.720139
    3.47625000000005  39.719029
    3.47736200000003  39.7176390000001
    3.4770840000001  39.716527
    3.4787500000001  39.716527
    3.47902800000003  39.715695
    3.47819400000014  39.7145850000001
    3.47625000000005  39.7148630000002
    3.47736200000003  39.7126390000001
    3.47569400000003  39.711529
    3.47486200000014  39.7093040000001
    3.47374999999994  39.709582
    3.47402800000003  39.7104140000001
    3.47236200000003  39.711807
    3.46986100000004  39.712361
    3.46874900000006  39.710692
    3.46402900000015  39.709863
    3.46319500000004  39.708751
    3.46263900000008  39.709026
    3.46319500000004  39.709863
    3.46208300000006  39.709863
    3.461251  39.70736
    3.45680600000009  39.705697
    3.45652799999999  39.7034720000001
    3.45597199999997  39.7034720000001
    3.45652799999999  39.700696
    3.45513800000009  39.6998600000001
    3.45652799999999  39.699028
    3.45625000000007  39.695415
    3.45402800000011  39.693474
    3.45402800000011  39.6923590000001
    3.45513800000009  39.6890270000001
    3.45680600000009  39.689861
    3.45819399999999  39.689305
    3.45763799999997  39.6868050000001
    3.45819399999999  39.6840290000001
    3.45708200000001  39.6829190000001
    3.45402800000011  39.6831920000001
    3.45291600000007  39.6820820000002
    3.45291600000007  39.6815260000001
    3.45708200000001  39.6801380000001
    3.45680600000009  39.6784700000001
    3.45569400000011  39.677918
    3.45375000000001  39.6743059999999
    3.45652799999999  39.6731940000001
    3.45763799999997  39.6709719999999
    3.45513800000009  39.6690300000001
    3.45347200000009  39.6693030000001
    3.45347200000009  39.667965
    3.45486  39.667083
    3.45430599999997  39.661805
    3.45625000000007  39.6615290000001
    3.45680600000009  39.660695
    3.45652799999999  39.6570830000001
    3.45513800000009  39.65486
    3.45291600000007  39.6554190000001
    3.44764000000004  39.65486
    3.44319500000012  39.657361
    3.44208300000014  39.657361
    3.44069500000001  39.6559730000001
    3.43902700000007  39.65097
    3.43819500000012  39.6506960000001
    3.43819500000012  39.648194
    3.43736100000007  39.6479160000001
    3.43791700000003  39.6451380000001
    3.4393050000001  39.6434720000001
    3.4393050000001  39.641803
    3.43625100000003  39.636807
    3.43736100000007  39.6348609999999
    3.43680500000005  39.6337510000001
    3.43569500000007  39.6337510000001
    3.43569500000007  39.6329150000001
    3.43430499999994  39.6320850000001
    3.43180700000005  39.631805
    3.42958400000015  39.632637
    3.42791600000015  39.631805
    3.42402799999996  39.6323630000001
    3.42402799999996  39.6329150000001
    3.42097200000006  39.6337510000001
    3.41541699999999  39.634305
    3.41013900000013  39.6373590000001
    3.40625100000011  39.6370850000001
    3.4031940000001  39.6356930000001
    3.40208400000012  39.632637
    3.3998620000001  39.6320850000001
    3.40013800000003  39.630139
    3.39736200000004  39.6287510000001
    3.39625000000007  39.6243060000001
    3.39430600000014  39.6226380000001
    3.39208399999995  39.6187520000001
    3.39319300000005  39.61625
    3.39319300000005  39.61403
    3.39180500000015  39.6123610000001
    3.39180500000015  39.610973
    3.390693  39.610417
    3.39124899999996  39.609307
    3.389027  39.6054150000001
    3.38874900000008  39.6029169999999
    3.38652700000006  39.6029169999999
    3.38458299999996  39.5968060000001
    3.38486100000006  39.5931940000002
    3.385695  39.589306
    3.38708300000008  39.58764
    3.38930500000009  39.5870810000001
    3.39458400000007  39.5837510000001
    3.39875000000012  39.582917
    3.40291600000006  39.583473
    3.40430700000002  39.5809710000001
    3.40402800000004  39.5787510000001
    3.40069400000004  39.5765270000001
    3.39541599999995  39.575139
    3.39347200000003  39.5759730000001
    3.38458299999996  39.5762480000001
    3.38180499999999  39.5754170000001
    3.379029  39.5762480000001
    3.37541600000003  39.5723600000001
    3.37541600000003  39.5712500000001
    3.3768060000001  39.570972
    3.37708200000003  39.5695840000001
    3.37513800000011  39.5690260000001
    3.37319400000001  39.5665280000001
    3.37347200000011  39.5648620000001
    3.37625000000008  39.5645840000001
    3.37486000000001  39.562637
    3.37541600000003  39.5595810000001
    3.37375000000003  39.558193
    3.37319400000001  39.555973
    3.37236200000012  39.5556950000001
    3.37097199999999  39.5568050000001
    3.36875000000003  39.555973
    3.36958400000009  39.5537490000002
    3.36847200000011  39.5520830000002
    3.36847200000011  39.5504140000001
    3.36569300000002  39.549863
    3.36152700000014  39.5506930000001
    3.35958300000004  39.5484730000001
    3.35597299999995  39.5476380000001
    3.35569500000003  39.54625
    3.35347300000007  39.5448600000001
    3.35152900000014  39.5448600000001
    3.35069400000015  39.5437500000001
    3.34097200000008  39.5404160000001
    3.34041800000006  39.5370840000001
    3.33847100000008  39.537362
    3.33764000000008  39.538472
    3.337918  39.5409740000001
    3.33652699999999  39.5409740000001
    3.33708300000001  39.5370840000001
    3.33874900000001  39.535694
    3.34014000000002  39.535694
    3.34014000000002  39.5340270000001
    3.33819299999999  39.5337490000001
    3.33652699999999  39.531808
    3.33402700000011  39.5315300000001
    3.33319499999999  39.5304170000001
    3.32958300000013  39.5290269999999
    3.32485999999994  39.5254170000001
    3.32208200000014  39.521526
    3.32013800000004  39.520695
    3.31763800000016  39.521526
    3.31625000000008  39.520416
    3.31597200000016  39.51986
    3.31736200000006  39.519028
    3.31708400000014  39.517082
    3.31569400000006  39.5156940000001
    3.31208400000014  39.5159720000001
    3.31319399999995  39.514862
    3.31264000000016  39.5134740000001
    3.31013899999999  39.5118060000001
    3.30902700000001  39.509862
    3.30291699999998  39.504027
    3.30097300000011  39.503471
    3.30236100000002  39.501805
    3.30236100000002  39.5001370000001
    3.30069500000002  39.4993050000001
    3.296807  39.4993050000001
    3.29708200000005  39.498475
    3.29930400000001  39.4984710000001
    3.29986100000008  39.4976390000001
    3.29902900000002  39.496251
    3.29736000000008  39.496807
    3.29736000000008  39.4948610000001
    3.29652800000002  39.4940260000001
    3.2945840000001  39.4940260000001
    3.2945840000001  39.492363
    3.29347200000012  39.4918060000001
    3.2945840000001  39.489582
    3.2945840000001  39.4865260000001
    3.29375000000005  39.484584
    3.29180600000012  39.48375
    3.29014000000012  39.4848600000001
    3.28847200000013  39.4848600000001
    3.29041600000005  39.48375
    3.2895840000001  39.48153
    3.29123200000004  39.480971
    3.29014000000012  39.477086
    3.28819400000003  39.474305
    3.28680600000013  39.4740290000001
    3.28708400000005  39.472085
    3.28458399999994  39.470417
    3.28430500000013  39.46847
    3.28319300000015  39.4681920000001
    3.28374899999994  39.466804
    3.28263900000013  39.4662510000001
    3.28291700000005  39.4643060000001
    3.28180500000008  39.463197
    3.28097100000014  39.4576380000001
    3.27819500000015  39.4573600000001
    3.27819500000015  39.4565280000001
    3.28013900000008  39.45514
    3.27930500000014  39.4534710000002
    3.27791700000006  39.4531930000001
    3.27791700000006  39.4523610000001
    3.27902700000004  39.4518050000001
    3.27791700000006  39.4445830000001
    3.27819500000015  39.4395820000001
    3.27652700000016  39.4318040000001
    3.27486100000016  39.4295840000001
    3.27291700000006  39.4284720000001
    3.27513900000008  39.428196
    3.27541699999995  39.4270810000001
    3.27708299999995  39.4259710000001
    3.27736100000004  39.4226370000001
    3.27652700000016  39.420139
    3.27513900000008  39.419029
    3.27513900000008  39.415695
    3.27291700000006  39.4134700000001
    3.27041600000007  39.4134700000001
    3.26986000000011  39.415695
    3.27069399999999  39.4159730000001
    3.27069399999999  39.4170830000001
    3.26986000000011  39.418473
    3.27097299999997  39.4187510000001
    3.27097299999997  39.419583
    3.26819400000011  39.419583
    3.26819400000011  39.4215270000001
    3.26680599999997  39.423752
    3.26736  39.425693
    3.26680599999997  39.4259710000001
    3.265694  39.4243050000001
    3.26430600000009  39.4243050000001
    3.26430600000009  39.4254150000001
    3.2626380000001  39.424583
    3.26347199999998  39.422917
    3.262362  39.421807
    3.262362  39.4187510000001
    3.25930600000009  39.4179150000001
    3.25958400000002  39.4159730000001
    3.26347199999998  39.4154170000001
    3.26541600000007  39.417363
    3.26763800000009  39.4170830000001
    3.26847199999997  39.4159730000001
    3.26763800000009  39.4143070000001
    3.26513799999998  39.412919
    3.26541600000007  39.411528
    3.26430600000009  39.4104160000001
    3.26152800000011  39.409862
    3.26319400000011  39.4084740000001
    3.25930600000009  39.4051400000001
    3.25819300000001  39.403194
    3.2568050000001  39.403194
    3.25430500000004  39.4006960000002
    3.25402700000012  39.3962510000001
    3.2551390000001  39.394859
    3.25402700000012  39.3934710000001
    3.25124900000014  39.3929170000001
    3.25261000000012  39.3923610000001
    3.25263900000004  39.3912510000001
    3.25069500000012  39.3901410000001
    3.25124900000014  39.388195
    3.2501390000001  39.387085
    3.24763900000005  39.386529
    3.24763900000005  39.385692
    3.24930500000005  39.3859700000001
    3.24930500000005  39.385419
    3.2484730000001  39.3831940000001
    3.24625100000014  39.381248
    3.24486000000013  39.377362
    3.24013800000006  39.3748620000001
    3.24069400000008  39.372918
    3.237638  39.3690270000001
    3.23541600000016  39.3701389999999
    3.23514000000006  39.3715300000001
    3.23402800000008  39.3715300000001
    3.234306  39.3695830000001
    3.23347200000006  39.368751
    3.22847100000001  39.3673630000001
    3.22930500000007  39.3665270000001
    3.23208400000016  39.3676370000001
    3.23514000000006  39.3673630000001
    3.23541600000016  39.3662490000002
    3.23458400000004  39.3645830000002
    3.23264  39.3631930000001
    3.23236200000008  39.3612510000002
    3.22819500000008  39.3581970000001
    3.226249  39.3581970000001
    3.22597300000007  39.3593070000001
    3.22513900000001  39.3593070000001
    3.22430500000007  39.356528
    3.22236100000003  39.357082
    3.22013900000002  39.356528
    3.21930500000013  39.3568040000001
    3.22013900000002  39.3584700000001
    3.21875100000011  39.3584700000001
    3.21819500000009  39.357638
    3.21513800000014  39.3581970000001
    3.21597200000002  39.3595850000002
    3.2156940000001  39.3615270000001
    3.21125000000012  39.3620830000001
    3.21125000000012  39.3604170000001
    3.212084  39.3609730000001
    3.2123600000001  39.360139
    3.21180600000014  39.3573600000001
    3.20930600000003  39.357638
    3.20930600000003  39.3568040000001
    3.21013800000014  39.355972
    3.2123600000001  39.3568040000001
    3.215416  39.3562500000001
    3.21597200000002  39.3556940000001
    3.215416  39.354306
    3.20930600000003  39.353196
    3.20458400000012  39.350972
    3.201527  39.350418
    3.19791700000007  39.3512500000001
    3.191529  39.3512500000001
    3.19125100000008  39.349862
    3.18875000000008  39.349862
    3.18791600000003  39.3512500000001
    3.18569400000001  39.3501400000001
    3.18541600000009  39.349304
    3.18736000000001  39.349862
    3.18819400000007  39.348752
    3.19041600000008  39.348194
    3.19097300000016  39.3468060000001
    3.19236100000006  39.346249
    3.19236100000006  39.3445810000001
    3.19041600000008  39.344027
    3.18847199999999  39.340695
    3.18847199999999  39.3393050000001
    3.18958200000003  39.3381949999999
    3.18763800000011  39.3365289999999
    3.18736000000001  39.335141
    3.18625000000003  39.3343050000001
    3.18291600000003  39.335141
    3.18013999999999  39.3345830000001
    3.17902800000002  39.333473
    3.18013999999999  39.330697
    3.17791800000003  39.3298600000001
    3.17736200000002  39.3287500000001
    3.17319500000002  39.3298600000001
    3.17374900000004  39.327362
    3.1729170000001  39.3265260000001
    3.162082  39.3251380000002
    3.15847200000007  39.326248
    3.15458400000006  39.325974
    3.15291600000006  39.3270840000001
    3.14847100000003  39.3265260000001
    3.14708300000012  39.3281940000001
    3.14541700000012  39.3254160000001
    3.14152700000011  39.3248600000001
    3.14263900000009  39.322918
    3.14236099999999  39.3198620000001
    3.13763900000009  39.3162490000001
    3.13486000000006  39.3151390000001
    3.13375000000002  39.315417
    3.13263800000004  39.3134730000001
    3.13125000000014  39.313195
    3.12902799999995  39.313195
    3.12708400000002  39.3145830000001
    3.12430600000005  39.3151390000001
    3.12319299999996  39.3129150000001
    3.12152699999996  39.3123630000001
    3.12124900000009  39.311527
    3.11791700000009  39.311527
    3.11569500000007  39.3095830000001
    3.1145830000001  39.307083
    3.11402700000008  39.3073610000001
    3.11069500000008  39.304307
    3.11041699999998  39.3018060000001
    3.10736000000003  39.3015280000001
    3.10680600000001  39.3004159999999
    3.10486000000009  39.3001400000001
    3.1037500000001  39.2970839999999
    3.10125000000005  39.2951400000001
    3.10069400000003  39.2937519999999
    3.09624899999994  39.292084
    3.09597100000002  39.290137
    3.09402700000015  39.2881930000001
    3.09180500000014  39.288471
    3.09180500000014  39.2865290000001
    3.08958299999995  39.285137
    3.08652900000004  39.28097
    3.08430399999997  39.280141
    3.08291699999995  39.2779160000001
    3.08069400000005  39.276807
    3.08013800000009  39.2745820000001
    3.07736000000011  39.273194
    3.07597199999998  39.2706940000001
    3.073194  39.268196
    3.06291700000003  39.2648620000001
    3.05458200000015  39.2640270000001
    3.04958400000015  39.2651400000001
    3.04819400000008  39.26653
    3.04791600000016  39.268196
    3.04291800000016  39.273194
    3.04430600000006  39.2770850000001
    3.04208400000005  39.2798610000001
    3.03763900000001  39.2795820000001
    3.03513900000007  39.281251
    3.03319499999998  39.28097
    3.02986100000004  39.2826390000001
    3.027916  39.2848630000001
    3.027916  39.2859730000001
    3.028751  39.2873610000001
    3.03013900000008  39.2876390000001
    3.03069500000009  39.2893080000001
    3.02930400000014  39.289586
    3.02680600000002  39.2876390000001
    3.02430600000014  39.2881930000001
    3.02125000000001  39.292084
    3.01736200000005  39.2951400000001
    3.01736200000005  39.2993040000001
    3.01958400000001  39.300694
    3.02041600000013  39.303197
    3.01902800000005  39.3051380000001
    3.01541800000012  39.307083
    3.01402699999994  39.3101390000001
    3.01041700000007  39.310417
    3.00986100000006  39.312085
    3.00597300000004  39.3112490000001
    3.00347300000016  39.3123630000001
    3.00319500000006  39.3129150000001
    3.00513900000016  39.3145830000001
    3.00513900000016  39.3156930000001
    3.00347300000016  39.317081
    2.99847200000011  39.3173590000001
    2.99819400000001  39.316527
    2.99930600000016  39.315971
    2.99930600000016  39.3151390000001
    2.99458400000009  39.312085
    2.99208400000003  39.3123630000001
    2.99347200000011  39.313751
    2.99319400000002  39.3145830000001
    2.98624900000004  39.315417
    2.985139  39.3184740000002
    2.98652700000014  39.3198620000001
    2.98569500000002  39.3209720000001
    2.9837490000001  39.3215300000001
    2.9837490000001  39.324028
    2.98458300000004  39.3251380000002
    2.98597100000012  39.3251380000002
    2.98652700000014  39.326248
    2.9887490000001  39.3251380000002
    2.99041800000003  39.3268060000001
    2.98986200000002  39.3293040000001
    2.99208400000003  39.331807
    2.99208400000003  39.3329170000001
    2.990972  39.333473
    2.99152800000002  39.3365289999999
    2.989306  39.3387490000001
    2.9887490000001  39.340695
    2.986805  39.341251
    2.98597100000012  39.3437490000001
    2.98430500000012  39.3445810000001
    2.98402700000003  39.345974
    2.9804170000001  39.3479160000001
    2.97986100000014  39.3495820000001
    2.97736100000003  39.3512500000001
    2.97736100000003  39.352084
    2.97541699999994  39.3529160000001
    2.97208400000005  39.3523600000001
    2.97180599999996  39.3534740000001
    2.9681940000001  39.354862
    2.967916  39.357082
    2.96569400000016  39.359029
    2.95736100000011  39.363473
    2.95652699999999  39.363473
    2.95513900000009  39.3612510000002
    2.95180500000009  39.3595850000002
    2.95013900000009  39.3609730000001
    2.9476380000001  39.3609730000001
    2.93847200000005  39.3640290000001
    2.93319599999995  39.3631930000001
    2.92902699999996  39.3640290000001
    2.92652700000008  39.3623630000001
    2.91930600000001  39.3612510000002
    2.91902800000008  39.360695
    2.92041599999999  39.3595850000002
    2.91902800000008  39.3584700000001
    2.91736000000009  39.359029
    2.9145840000001  39.3584700000001
    2.91430600000001  39.3568040000001
    2.91513800000013  39.3551400000001
    2.91402800000009  39.3545840000001
    2.91374999999999  39.3523600000001
    2.90847100000002  39.353196
    2.90764000000001  39.3540260000001
    2.90791800000011  39.356528
    2.89958300000006  39.3579190000002
    2.89847300000002  39.358748
    2.89819500000016  39.3604170000001
    2.89513900000009  39.3615270000001
    2.89236  39.360695
    2.88986000000006  39.3623630000001
    2.88958399999996  39.363473
    2.88180599999998  39.3656950000001
    2.87958300000008  39.365139
    2.87597299999999  39.3623630000001
    2.87402700000013  39.362915
    2.85514000000006  39.3623630000001
    2.85152700000009  39.365417
    2.84375100000011  39.365417
    2.83541600000001  39.360695
    2.83430600000003  39.3612510000002
    2.83180600000014  39.3568040000001
    2.82958400000012  39.3556940000001
    2.81736100000006  39.3579190000002
    2.80958399999997  39.363751
    2.80902800000001  39.3656950000001
    2.80624999999998  39.366805
    2.80319400000008  39.3659710000001
    2.79902700000014  39.3631930000001
    2.79180500000012  39.3626410000001
    2.79097300000001  39.361805
    2.78708199999994  39.3626410000001
    2.78486000000015  39.365139
    2.78569400000004  39.3679170000001
    2.77763999999996  39.3731960000001
    2.77625000000006  39.3754160000001
    2.77319600000016  39.3768040000001
    2.77291800000006  39.3781940000001
    2.77374900000007  39.3793060000001
    2.77152700000011  39.3820840000001
    2.76347300000003  39.387085
    2.75986  39.3879170000001
    2.75625000000014  39.391529
    2.75319400000006  39.3934710000001
    2.75236200000012  39.393195
    2.75069400000012  39.3956950000001
    2.74680599999994  39.3990300000002
    2.74319499999996  39.4051400000001
    2.74152699999996  39.406528
    2.7395830000001  39.4104160000001
    2.739305  39.417363
    2.7412490000001  39.420139
    2.74208300000015  39.4254150000001
    2.74374900000015  39.4279180000001
    2.74347300000005  39.4290280000001
    2.74458300000003  39.4290280000001
    2.74486099999996  39.430974
    2.74624900000003  39.4323620000001
    2.74541800000003  39.43486
    2.74624900000003  39.43486
    2.74624900000003  39.43597
    2.74764000000005  39.4373620000001
    2.74708400000003  39.4390260000001
    2.74624900000003  39.439304
    2.74652699999996  39.4420830000001
    2.74513900000005  39.442639
    2.74347300000005  39.445137
    2.73986099999996  39.453749
    2.72986000000009  39.462918
    2.72541600000011  39.4712490000001
    2.72180600000002  39.475417
    2.72208400000011  39.477086
    2.72458399999999  39.477917
    2.72569400000003  39.479583
    2.7320820000001  39.4818030000001
    2.73486099999997  39.4843060000001
    2.737639  39.493194
    2.74284900000009  39.4954190000001
    2.74486099999996  39.4965290000001
    2.745971  39.4981950000001
    2.74736200000012  39.498475
    2.74680599999994  39.499585
    2.74486099999996  39.5001370000001
    2.74624900000003  39.5026390000001
    2.74708400000003  39.502917
    2.74764000000005  39.501805
    2.74875000000003  39.5026390000001
    2.75041600000003  39.5020830000001
    2.75125000000014  39.5048590000001
    2.74902800000012  39.5101400000001
    2.74541800000003  39.513748
    2.74513900000005  39.5156940000001
    2.74180500000006  39.519028
    2.73319499999997  39.5262490000001
    2.73124999999999  39.5268050000001
    2.72819400000009  39.5304170000001
    2.72180600000002  39.5331960000001
    2.72041800000011  39.534584
    2.7173610000001  39.5343060000001
    2.71680500000014  39.5320810000001
    2.70986100000005  39.5343060000001
    2.70513800000009  39.540696
    2.70236000000006  39.541248
    2.70069400000006  39.542916
    2.69764000000015  39.5437500000001
    2.69708399999996  39.5468070000001
    2.69375000000002  39.546529
    2.69041700000008  39.5484730000001
    2.69069300000001  39.5512510000001
    2.6876390000001  39.5534710000001
    2.67347199999995  39.558193
    2.67236200000013  39.5595810000001
    2.66847199999995  39.5587490000001
    2.66430499999996  39.562084
    2.65430500000002  39.5643040000001
    2.64458400000001  39.5648620000001
    2.64152800000011  39.5631940000001
    2.64097200000015  39.562084
    2.63430500000004  39.5587490000001
    2.63347300000015  39.5595810000001
    2.63347300000015  39.562084
    2.63486100000006  39.562637
    2.63486100000006  39.5640250000001
    2.63736099999994  39.5640250000001
    2.63847100000015  39.5651399999999
    2.63791800000001  39.565972
    2.63458300000013  39.5645840000001
    2.63208300000008  39.565418
    2.63347300000015  39.567082
    2.63708300000002  39.5684740000001
    2.63541700000002  39.5690260000001
    2.63180500000016  39.5679160000001
    2.63124900000014  39.565418
    2.62847300000016  39.5651399999999
    2.63013900000016  39.5568050000001
    2.62791700000014  39.556527
    2.62736099999995  39.5554170000001
    2.63263900000004  39.5529170000001
    2.62875100000008  39.552639
    2.62708300000008  39.5512510000001
    2.62513800000005  39.550973
    2.62402800000007  39.5495830000001
    2.62541599999997  39.5468070000001
    2.62763900000004  39.5456970000001
    2.63152700000006  39.5456970000001
    2.63763900000004  39.549863
    2.63819600000011  39.553195
    2.63930600000015  39.553195
    2.63958400000001  39.5495830000001
    2.63263900000004  39.544582
    2.61986200000001  39.5443040000001
    2.61541799999998  39.548195
    2.61097100000012  39.549305
    2.60847100000001  39.5512510000001
    2.60569500000003  39.5518070000001
    2.60319500000014  39.5504140000001
    2.60069500000003  39.5501410000001
    2.59986100000015  39.548195
    2.59708200000006  39.546529
    2.59736000000015  39.5426400000001
    2.59402800000015  39.539584
    2.59402800000015  39.5387500000001
    2.58986200000004  39.5340270000001
    2.59069400000016  39.530971
    2.58930600000008  39.5312490000001
    2.58847199999997  39.5331960000001
    2.57986099999999  39.5315300000001
    2.57763899999998  39.5315300000001
    2.57625100000007  39.532639
    2.57569500000011  39.5315300000001
    2.57180400000004  39.5315300000001
    2.57180400000004  39.5301390000001
    2.57013800000004  39.5284730000001
    2.56652800000012  39.528195
    2.56458400000002  39.5312490000001
    2.56180600000005  39.531808
    2.55902800000007  39.5312490000001
    2.55652700000007  39.5284730000001
    2.55430500000006  39.5284730000001
    2.55374900000004  39.5279150000001
    2.55428900000015  39.5263170000001
    2.55291700000015  39.524861
    2.551805  39.5268050000001
    2.55097300000006  39.5268050000001
    2.54930500000006  39.5256949999999
    2.54680500000001  39.5256949999999
    2.5454170000001  39.5237510000001
    2.5395840000001  39.5240289999999
    2.53847200000007  39.5229140000001
    2.5395840000001  39.5218040000001
    2.53930600000001  39.520973
    2.53764000000001  39.520695
    2.53680600000007  39.5195850000001
    2.53680600000007  39.5168040000001
    2.53847200000007  39.5168040000001
    2.53791600000011  39.5143060000001
    2.53902800000009  39.5129160000001
    2.54597300000006  39.5126380000002
    2.54736099999997  39.5112500000001
    2.54680500000001  39.509862
    2.54319399999997  39.507915
    2.54180600000007  39.507915
    2.54069400000009  39.5090300000001
    2.53708399999999  39.508752
    2.53402800000009  39.505139
    2.53514000000007  39.501805
    2.53736200000009  39.500695
    2.53736200000009  39.496251
    2.53625000000011  39.4954190000001
    2.53791600000011  39.493194
    2.53652800000003  39.490418
    2.53708399999999  39.4873620000001
    2.53597200000002  39.4862520000002
    2.53375  39.4859740000001
    2.5298610000001  39.4790270000001
    2.5265270000001  39.4784739999999
    2.52624900000006  39.473751
    2.5248610000001  39.4734730000001
    2.52291700000006  39.4751390000001
    2.52125100000006  39.4745830000001
    2.52125100000006  39.472085
    2.52347300000002  39.4718050000001
    2.52347300000002  39.4701390000001
    2.52208300000012  39.46736
    2.52208300000012  39.464584
    2.52291700000006  39.46347
    2.52097300000014  39.461806
    2.5248610000001  39.4604160000001
    2.52347300000002  39.4587520000001
    2.52375100000012  39.456806
    2.52125100000006  39.45625
    2.52069500000005  39.4570840000001
    2.51819500000016  39.4570840000001
    2.51540300000005  39.4581940000001
    2.50958399999996  39.4576380000001
    2.509028  39.459584
    2.50624999999997  39.4620820000001
    2.50152700000001  39.4604160000001
    2.50041700000003  39.460694
    2.5001390000001  39.464863
    2.4984730000001  39.4665260000001
    2.4984730000001  39.467641
    2.49708300000003  39.468751
    2.49486100000001  39.4690290000001
    2.49402900000013  39.4706950000001
    2.490973  39.471527
    2.49069400000002  39.472637
    2.48541600000016  39.4723630000001
    2.48236200000002  39.4706950000001
    2.48125000000005  39.468751
    2.47513899999996  39.4654160000001
    2.47513899999996  39.464584
    2.47347299999996  39.464863
    2.47430500000007  39.4662510000001
    2.47652700000009  39.466804
    2.47791800000005  39.469861
    2.48125000000005  39.473751
    2.48125000000005  39.4765270000001
    2.47736200000003  39.477086
    2.47569600000003  39.4851379999999
    2.47652700000009  39.4884720000001
    2.476249  39.491248
    2.47875000000016  39.4909700000001
    2.47902800000003  39.491528
    2.47736200000003  39.4926380000001
    2.47263900000007  39.493194
    2.47180499999996  39.491528
    2.46736099999998  39.489582
    2.46652900000009  39.4918060000001
    2.46513900000002  39.4929160000002
    2.46541700000006  39.4948610000001
    2.46652900000009  39.4954190000001
    2.46458200000012  39.4959730000001
    2.46456000000006  39.4970830000001
    2.46234900000007  39.4987490000001
    2.45875000000001  39.4987490000001
    2.45875000000001  39.5004150000001
    2.4606940000001  39.5026390000001
    2.46041600000001  39.504027
    2.45652799999999  39.5037490000001
    2.45569400000011  39.505139
    2.45847200000009  39.506805
    2.45985999999999  39.5106940000001
    2.46291600000012  39.5126380000002
    2.46430700000008  39.5126380000002
    2.46485999999999  39.513748
    2.46930500000008  39.5126380000002
    2.47208300000005  39.5126380000002
    2.47374900000005  39.513748
    2.47847099999996  39.5134740000001
    2.47986200000014  39.5145840000001
    2.48069400000003  39.5173600000001
    2.47819300000009  39.5184700000001
    2.46680699999996  39.5184700000001
    2.46597300000008  39.51986
    2.46680500000002  39.5220830000001
    2.46541700000006  39.523192
    2.46513900000002  39.524861
    2.4623600000001  39.5256949999999
    2.46152799999999  39.5290269999999
    2.45819399999999  39.5306929999999
    2.45819399999999  39.532639
    2.45680600000009  39.533474
    2.45680600000009  39.5351370000001
    2.45347200000009  39.5340270000001
    2.45264000000003  39.5343060000001
    2.45291600000013  39.5359720000001
    2.45152800000005  39.5370840000001
    2.45014000000009  39.5370840000001
    2.44986200000005  39.535694
    2.44819299999995  39.534584
    2.44097300000016  39.533474
    2.43847300000004  39.5312490000001
    2.43986099999995  39.530971
    2.43958300000008  39.529861
    2.44069500000006  39.5290269999999
    2.44013900000004  39.5284730000001
    2.43847300000004  39.5284730000001
    2.43652899999995  39.5268050000001
    2.43152800000007  39.5270850000001
    2.43041600000009  39.526527
    2.428472  39.5273630000001
    2.42652800000008  39.5262490000001
    2.42569400000002  39.524307
    2.42402700000008  39.5240289999999
    2.42402700000008  39.523192
    2.42264000000011  39.5229140000001
    2.420973  39.5237510000001
    2.41986100000003  39.5229140000001
    2.41902700000009  39.524307
    2.41986100000003  39.5243140000001
    2.42069500000008  39.5268050000001
    2.42152700000003  39.5270850000001
    2.420973  39.5284730000001
    2.42264000000011  39.5306929999999
    2.4212490000001  39.5343060000001
    2.42319300000003  39.5354150000001
    2.42319300000003  39.536252
    2.4179170000001  39.5381940000001
    2.41375100000005  39.5387500000001
    2.41069500000015  39.5368030000001
    2.40541599999995  39.5359720000001
    2.40763800000013  39.530971
    2.40541599999995  39.5287510000001
    2.40486000000016  39.5262490000001
    2.40125000000006  39.5256949999999
    2.39958400000006  39.524307
    2.39236099999999  39.5218040000001
    2.38958300000002  39.5220830000001
    2.38875100000007  39.520416
    2.387361  39.520416
    2.38652700000011  39.521526
    2.38680499999998  39.524861
    2.38625100000002  39.5254170000001
    2.389027  39.5268050000001
    2.38930500000009  39.5315300000001
    2.38763900000009  39.5337490000001
    2.37930600000004  39.532639
    2.37902800000012  39.5348620000001
    2.3768060000001  39.536252
    2.37625000000014  39.534584
    2.37375000000003  39.534584
    2.37319400000001  39.531808
    2.37125000000015  39.5306929999999
    2.36458300000004  39.530971
    2.36291700000004  39.5323589999999
    2.36374900000015  39.5331960000001
    2.36541700000015  39.532918
    2.36458300000004  39.533813
    2.36513900000006  39.5359720000001
    2.36819600000001  39.5381940000001
    2.37125000000015  39.538472
    2.37180599999994  39.5370840000001
    2.37375000000003  39.537362
    2.37486200000001  39.539028
    2.384029  39.541806
    2.38430400000004  39.542916
    2.38625100000002  39.5437500000001
    2.38597300000009  39.5454190000002
    2.38847299999998  39.5454190000002
    2.38930500000009  39.5468070000001
    2.38652700000011  39.54736
    2.38458200000008  39.5454190000002
    2.38291600000008  39.5454190000002
    2.38208200000003  39.5468070000001
    2.38097200000004  39.5468070000001
    2.37875000000003  39.545138
    2.3784720000001  39.5437500000001
    2.37180599999994  39.5437500000001
    2.37152800000001  39.5448600000001
    2.36902700000007  39.5468070000001
    2.36874900000015  39.5484730000001
    2.36930499999994  39.5487510000002
    2.36763899999994  39.5506930000001
    2.36819300000013  39.5523610000001
    2.36652700000013  39.554305
    2.36513900000006  39.554585
    2.36374900000015  39.553195
    2.36263899999994  39.553195
    2.36069500000008  39.5537490000002
    2.35902900000008  39.556527
    2.3537500000001  39.5568050000001
    2.35347200000001  39.558193
    2.35513800000001  39.5595810000001
    2.35486000000009  39.5629160000001
    2.35291599999999  39.5634719999999
    2.35014000000001  39.5623620000001
    2.34763800000007  39.562637
    2.34625  39.5645840000001
    2.34986200000009  39.5695840000001
    2.35124999999999  39.5701379999999
    2.35152800000009  39.5723600000001
    2.35263800000007  39.5726410000001
    2.35235999999998  39.575695
    2.35347200000001  39.5762480000001
    2.35347200000001  39.577915
    2.34902799999998  39.579029
    2.34847200000002  39.583473
    2.34597200000007  39.583473
    2.34514000000001  39.584583
    2.344584  39.5879180000001
    2.34541600000011  39.588471
    2.34597200000007  39.592084
    2.34736199999998  39.5926400000001
    2.34708400000011  39.595416
    2.34875000000011  39.5965280000001
    2.35069399999998  39.5962480000001
    2.3520840000001  39.597362
    2.35486000000009  39.597362
    2.3554160000001  39.601529
    2.35652899999997  39.6026390000001
    2.35569399999997  39.6034730000001
    2.35597300000001  39.604863
    2.35847300000006  39.605973
    2.35847300000006  39.6068050000001
    2.36041700000015  39.607639
    2.36236100000008  39.6101370000001
    2.36652700000013  39.6118050000001
    2.36791700000003  39.6143080000001
    2.37041800000003  39.6143080000001
    2.37041800000003  39.6134710000001
    2.37819400000001  39.6143080000001
    2.37902800000012  39.613749
    2.38513899999998  39.61403
    2.38875100000007  39.6170840000001
    2.39458300000001  39.617916
    2.39569600000004  39.62014
    2.39986200000016  39.6209720000001
    2.40097200000014  39.622916
    2.40319400000016  39.622916
    2.40597200000013  39.625138
    2.40819400000015  39.625138
    2.41013800000002  39.62736
    2.41375100000005  39.6282610000001
    2.41513900000012  39.630139
    2.42152700000003  39.629861
    2.42264000000011  39.633473
    2.420973  39.635139
    2.420973  39.6365269999999
    2.42319300000003  39.636807
    2.42319300000003  39.6387490000001
    2.42763800000012  39.6390270000001
    2.43041600000009  39.641803
    2.43236000000002  39.641803
    2.43541600000009  39.6440280000001
    2.43680700000004  39.643196
    2.43791700000008  39.644306
    2.44041700000014  39.644306
    2.44125100000002  39.645974
    2.44374900000014  39.645974
    2.44680500000004  39.64764
    2.44763900000015  39.6490280000001
    2.45041800000001  39.6484720000001
    2.45124900000002  39.6501380000001
    2.45291600000013  39.6506960000001
    2.4623600000001  39.652084
    2.46319399999999  39.6540260000001
    2.46569499999998  39.6554190000001
    2.46652900000009  39.6570830000001
    2.469583  39.6576390000001
    2.47152700000009  39.659027
    2.47374900000005  39.661805
    2.47513899999996  39.662361
    2.47652700000009  39.665139
    2.47930599999995  39.6665270000001
    2.47930599999995  39.6681930000001
    2.48041800000016  39.669581
    2.48125000000005  39.6693030000001
    2.48180600000006  39.6723600000001
    2.48319400000014  39.6715280000001
    2.48847200000006  39.67125
    2.49013800000006  39.6726379999999
    2.494305  39.6773600000001
    2.49375100000003  39.6804160000002
    2.49652700000001  39.6818040000001
    2.49736100000013  39.684307
    2.49902700000013  39.684307
    2.49986100000001  39.685417
    2.50236100000006  39.685417
    2.50430499999999  39.686527
    2.507362  39.690417
    2.50986200000006  39.6895830000001
    2.51014000000015  39.690417
    2.51180600000015  39.690417
    2.5126380000001  39.691529
    2.51513800000015  39.6918070000001
    2.51624999999996  39.690971
    2.51708200000007  39.6929170000001
    2.51986099999993  39.6940270000001
    2.52736100000004  39.7018060000001
    2.530418  39.7018060000001
    2.53319400000004  39.7004160000001
    2.53764000000001  39.700696
    2.5412500000001  39.6987500000001
    2.54208199999999  39.6987500000001
    2.54263800000001  39.700696
    2.54375000000016  39.700696
    2.5445820000001  39.6987500000001
    2.54625100000015  39.6987500000001
    2.54680500000001  39.6998600000001
    2.54986100000008  39.6993060000001
    2.55347299999994  39.701248
    2.55569500000013  39.700138
    2.55708300000003  39.7018060000001
    2.56236200000001  39.7034720000001
    2.56291600000003  39.7054180000001
    2.56680600000004  39.70625
    2.56819400000012  39.708194
    2.57013800000004  39.708751
    2.5709720000001  39.7104140000001
    2.57347300000009  39.712083
    2.57541700000002  39.711807
    2.57736100000011  39.7143050000001
    2.58486200000004  39.716527
    2.58708400000006  39.7187490000001
    2.58902800000016  39.719029
    2.59014000000013  39.7220840000001
    2.59263800000008  39.7234720000001
    2.59375000000006  39.7251400000001
    2.59569400000015  39.725418
    2.59958199999994  39.7331970000001
    2.60291700000005  39.7345850000002
    2.6037510000001  39.7362530000001
    2.60958300000004  39.7395830000002
    2.61152700000008  39.7420850000001
    2.61402800000008  39.7426370000001
    2.61541599999998  39.745139
    2.61791600000009  39.745139
    2.61986200000001  39.747359
    2.62291600000009  39.748474
    2.62319400000001  39.7515250000001
    2.62208399999997  39.7543059999999
    2.62041599999998  39.7554160000001
    2.61958400000009  39.755138
    2.61902800000007  39.756248
    2.62319400000001  39.756806
    2.62541599999997  39.753472
    2.62708300000008  39.7537500000001
    2.62930500000004  39.7570840000001
    2.63152700000006  39.7581940000001
    2.63208300000008  39.7623600000001
    2.63486100000006  39.7651410000001
    2.63736099999994  39.764863
    2.63791800000001  39.7637480000001
    2.64069400000005  39.763195
    2.64041800000012  39.7618070000001
    2.6448620000001  39.7623600000001
    2.64541600000013  39.7637480000001
    2.65097200000008  39.7662510000001
    2.65152899999998  39.7679170000001
    2.65291700000012  39.7679170000001
    2.65652699999998  39.7706950000001
    2.658751  39.7706950000001
    2.65986099999998  39.7723610000001
    2.66402700000009  39.774861
    2.66513999999995  39.775971
    2.66513999999995  39.778474
    2.663749  39.7804180000001
    2.66486100000014  39.78014
    2.66541800000005  39.7826380000001
    2.66680599999995  39.7837480000001
    2.66569300000009  39.786804
    2.66764000000006  39.7893070000001
    2.66791800000016  39.7918050000001
    2.67180599999995  39.7948610000001
    2.67458400000015  39.7954169999999
    2.67875100000009  39.799027
    2.68291700000003  39.798473
    2.68430500000011  39.7976370000001
    2.68513899999999  39.7943050000001
    2.6893050000001  39.7937509999999
    2.69124900000003  39.792363
    2.69180499999999  39.790695
    2.69402800000006  39.7909730000001
    2.69597199999998  39.792363
    2.69680600000009  39.7943050000001
    2.696528  39.7959710000001
    2.69402800000006  39.796249
    2.6909710000001  39.7954169999999
    2.68874900000009  39.796807
    2.68874900000009  39.797917
    2.69152700000012  39.7981950000001
    2.69263999999998  39.8020809999999
    2.69430599999998  39.8023620000001
    2.69430599999998  39.805416
    2.696528  39.8079160000001
    2.69791600000008  39.8079180000001
    2.69764000000015  39.80875
    2.69902800000006  39.80986
    2.69874999999996  39.81097
    2.7001380000001  39.810974
    2.7001380000001  39.8118060000001
    2.70236000000006  39.8106960000001
    2.70680400000009  39.8112480000001
    2.71013900000014  39.8145820000001
    2.70902900000016  39.816251
    2.70958299999995  39.819027
    2.71041700000006  39.819027
    2.71236100000016  39.816807
    2.71291700000012  39.8181950000001
    2.71847100000014  39.8193050000001
    2.72680600000001  39.8237490000001
    2.72736200000003  39.8254170000001
    2.7287500000001  39.8262490000001
    2.7362510000001  39.827639
    2.73819499999996  39.8298619999999
    2.73819499999996  39.8312500000001
    2.74069500000007  39.8329160000001
    2.74652699999996  39.8326380000001
    2.74708400000003  39.8315279999999
    2.74652699999996  39.8295810000001
    2.74847199999994  39.8279150000001
    2.75541600000003  39.8295810000001
    2.75569400000012  39.830696
    2.759029  39.831806
    2.75986  39.8329160000001
    2.76208300000013  39.8331939999999
    2.76541700000007  39.8354160000001
    2.76486100000011  39.842641
    2.76847299999997  39.842641
    2.77152700000011  39.840694
    2.7756940000001  39.8398620000001
    2.77597199999997  39.8404160000001
    2.77347099999997  39.8434730000001
    2.77347099999997  39.844861
    2.77458400000006  39.8451390000001
    2.77430599999997  39.8501390000001
    2.77680600000008  39.852639
    2.77541600000001  39.853749
    2.77680600000008  39.8540270000001
    2.77819400000016  39.855971
    2.78402800000003  39.8551419999999
    2.78625099999994  39.8534730000001
    2.78902900000014  39.853195
    2.78958299999994  39.855971
    2.79236100000014  39.8565300000001
    2.79430500000001  39.8545830000001
    2.79874900000004  39.8534730000001
    2.799305  39.851527
    2.80014  39.8512490000001
    2.80069600000002  39.8523590000001
    2.80458399999998  39.853195
    2.80152800000008  39.8593060000001
    2.80264000000011  39.8626400000001
    2.80958399999997  39.8618059999999
    2.81152800000007  39.860138
    2.81013799999999  39.85875
    2.81041600000009  39.8581960000001
    2.81319400000007  39.85875
    2.81541699999997  39.8573620000001
    2.81902700000006  39.858472
    2.82347300000004  39.8581960000001
    2.82347300000004  39.8606960000001
    2.82597100000015  39.860138
    2.82513900000004  39.858472
    2.82569599999994  39.8573620000001
    2.82736199999994  39.8606960000001
    2.83486000000005  39.8626400000001
    2.83791600000012  39.8648600000001
    2.83930700000008  39.8648600000001
    2.84180400000008  39.8612520000002
    2.84430500000008  39.8618059999999
    2.84736099999998  39.8651379999999
    2.84874900000011  39.8690260000001
    2.85319600000014  39.8715290000001
    2.85319600000014  39.8743050000001
    2.85569400000009  39.8743050000001
    2.85791600000005  39.8754170000001
    2.86597199999994  39.875695
    2.8751390000001  39.8787490000001
    2.87902700000012  39.883471
    2.88597200000009  39.8862500000001
    2.88819400000006  39.8901400000001
    2.89180600000014  39.8923600000001
    2.89347200000014  39.8923600000001
    2.89402900000005  39.89375
    2.89569500000005  39.89486
    2.89736100000005  39.8943060000001
    2.89930500000014  39.8962529999999
    2.90319500000015  39.898192
    2.90708300000011  39.898192
    2.90847100000002  39.895416
    2.91180600000013  39.896526
    2.91736000000009  39.896526
    2.91902800000008  39.900695
    2.92069400000008  39.9018050000001
    2.92430500000006  39.9001390000001
    2.9254170000001  39.901527
    2.93208300000009  39.9023630000002
    2.93486199999995  39.9034730000001
    2.93652799999995  39.9045829999999
    2.93875000000014  39.911252
    2.94402800000006  39.914028
    2.94513800000004  39.916806
    2.94652800000011  39.917916
    2.95125100000013  39.9198600000001
    2.95347300000009  39.919582
    2.95374900000002  39.9187500000001
    2.95263900000003  39.9187500000001
    2.95347300000009  39.9181940000001
    2.95347300000009  39.916806
    2.95986099999999  39.9159740000001
    2.96541600000006  39.9126400000001
    2.96680599999996  39.9106930000002
    2.96902800000015  39.9098620000001
    2.98652700000014  39.909305
    2.989306  39.9120840000001
    2.99125000000009  39.912918
    2.99125000000009  39.9143060000001
    2.99263999999999  39.9154160000001
    2.99375000000003  39.914586
    2.99347200000011  39.9159740000001
    2.99430599999999  39.9176400000001
    2.99763799999999  39.9181940000001
    2.99874999999997  39.9193040000001
    2.99874999999997  39.9206970000001
    3.00069400000007  39.9215280000001
    3.00208199999997  39.9234730000001
    3.00486100000006  39.924026
    3.00874900000008  39.926529
    3.01069499999994  39.926529
    3.01847200000003  39.9301370000001
    3.02347200000003  39.9334710000001
    3.02736000000004  39.9340290000001
    3.027916  39.934861
    3.03347300000007  39.9345810000001
    3.03347300000007  39.933193
    3.03069500000009  39.931527
    3.03069500000009  39.9306950000001
    3.03291700000011  39.9301370000001
    3.03652699999998  39.931527
    3.03736100000009  39.9334710000001
    3.04124900000011  39.937362
    3.04208400000005  39.937362
    3.04236199999997  39.935974
    3.04013900000007  39.934861
    3.03791700000011  39.9323610000001
    3.03847100000007  39.929863
    3.04347100000007  39.929863
    3.04486200000008  39.9312510000001
    3.04708400000004  39.9312510000001
    3.05486000000008  39.9337490000001
    3.05791700000003  39.9337490000001
    3.05958300000003  39.9323610000001
    3.0609730000001  39.9323610000001
    3.06125100000003  39.930973
    3.05847300000005  39.928195
    3.05736100000001  39.9237530000001
    3.05513799999994  39.922085
    3.05541600000004  39.92125
    3.05708200000004  39.9209700000001
    3.06041700000014  39.9226380000001
    3.05819500000013  39.92014
    3.05958300000003  39.9198600000001
    3.0626390000001  39.9209700000001
    3.06513900000004  39.922916
    3.07430599999998  39.922916
    3.078194  39.924582
    3.07902800000005  39.924026
    3.08208200000001  39.927083
    3.08347300000014  39.9273610000001
    3.08375100000006  39.928749
    3.08874900000006  39.930973
    3.09097300000002  39.932639
    3.09097300000002  39.9334710000001
    3.09319500000004  39.9337490000001
    3.09263900000002  39.9345810000001
    3.09402700000015  39.935696
    3.09514000000001  39.935139
    3.09986200000009  39.9354170000001
    3.10097200000013  39.9345810000001
    3.10069400000003  39.9334710000001
    3.09541800000011  39.9295850000001
    3.09541800000011  39.928749
    3.09680600000002  39.928195
    3.09875000000011  39.928195
    3.10152800000009  39.9301370000001
    3.10319400000009  39.929863
    3.10486000000009  39.9320830000001
    3.11319500000002  39.931527
    3.11652700000002  39.9337490000001
    3.11736100000007  39.935139
    3.11819499999996  39.935139
    3.11819499999996  39.9329200000001
    3.11902700000007  39.9318050000001
    3.12208300000015  39.9318050000001
    3.12374900000015  39.9337490000001
    3.12597200000005  39.9345810000001
    3.12569399999995  39.935139
    3.13125000000014  39.938752
    3.13180600000015  39.942638
    3.13291600000014  39.9445840000001
    3.13041600000003  39.9440280000001
    3.13041600000003  39.9445840000001
    3.13208400000002  39.945972
    3.13402800000011  39.945138
    3.13625100000002  39.9465310000001
    3.13847300000003  39.9462500000001
    3.14041700000013  39.9481920000001
    3.14374900000013  39.9493070000001
    3.14597300000008  39.9518040000002
    3.14569499999999  39.9537510000001
    3.14680500000003  39.9543050000001
    3.15125000000006  39.954583
    3.152084  39.955697
    3.15458400000006  39.955697
    3.15597199999996  39.9565270000001
    3.15791600000006  39.9559710000001
    3.15819400000015  39.956807
    3.15930599999996  39.956807
    3.15875  39.9565270000001
    3.15930599999996  39.9554170000001
    3.16263799999996  39.956249
    3.16319400000015  39.9587510000001
    3.16486100000003  39.959583
    3.17069500000014  39.9593050000001
    3.1745830000001  39.9604150000001
    3.17541800000009  39.9615300000002
    3.18041600000009  39.961249
    3.18013999999999  39.9581950000001
    3.17764000000011  39.9565270000001
    3.17513900000012  39.9529140000001
    3.17347100000012  39.9526410000001
    3.17347100000012  39.9518040000002
    3.17569600000002  39.952082
    3.17819300000002  39.9512480000001
    3.18347199999999  39.952363
    3.18402800000001  39.9537510000001
    3.19125100000008  39.9581950000001
    3.19291700000008  39.9576370000001
    3.191529  39.9543050000001
    3.19180399999999  39.9548610000001
    3.1934730000001  39.9543050000001
    3.19736100000006  39.9548610000001
    3.198195  39.956249
    3.20402700000005  39.956807
    3.20430600000003  39.9576370000001
    3.20791600000013  39.959027
    3.20958400000012  39.9609710000001
    3.21319400000004  39.962361
END
END
