POLY
1
   23.068598  60.089355
   23.028605  60.101501
   23.021254  60.106796
   23.020247  60.1063
   22.98661  60.096119
   22.959631  60.071228
   22.974339  60.064358
   22.98419  60.041695
   22.980114  60.033974
   22.953375  60.000282
   22.851595  59.995659
   22.847618  60.03051
   22.801037  60.024906
   22.787981  60.000519
   22.789709  59.978107
   22.791243  59.960617
   22.818752  59.934711
   22.813322  59.876686
   22.810886  59.850616
   22.808039  59.847507
   22.781622  59.807972
   22.755207  59.768387
   22.72879  59.728756
   22.702374  59.689075
   22.675957  59.649349
   22.634573  59.607956
   22.718842  59.618259
   22.788143  59.626938
   22.857447  59.635612
   22.922415  59.638443
   22.987383  59.64127
   23.052351  59.644096
   23.117319  59.646927
   23.182287  59.649754
   23.227417  59.651649
   23.270058  59.653439
   23.311136  59.655159
   23.352049  59.656876
   23.456675  59.672474
   23.524599  59.682594
   23.6054  59.694633
   23.687572  59.70676
   23.801798  59.723728
   23.886835  59.736351
   23.983414  59.750683
   24.094751  59.7672
   24.206091  59.783707
   24.288235  59.792248
   24.332129  59.79681
   24.410223  59.806938
   24.488317  59.817066
   24.587336  59.842083
   24.686354  59.867081
   24.785372  59.892059
   24.857674  59.906708
   24.929976  59.921349
   25.009768  59.928715
   25.08956  59.936077
   25.169352  59.943439
   25.249214  59.940495
   25.329079  59.93755
   25.413614  59.934433
   25.471268  59.931313
   25.582689  59.9282
   25.620308  59.931999
   25.719557  59.943207
   25.818806  59.954407
   25.918055  59.965603
   26.017305  59.976795
   26.075069  60.014065
   26.188557  60.038219
   26.29471  60.046524
   26.36046  60.082226
   26.426208  60.117889
   26.491959  60.153515
   26.611013  60.161755
   26.741516  60.18924
   26.932983  60.14563
   27.06883  60.143604
   27.29339  60.201267
   27.451517  60.222927
   27.589884  60.308491
   27.610394  60.321102
   27.725588  60.391838
   27.686415  60.433624
   27.694105  60.437687
   27.747362  60.451191
   27.748121  60.46936
   27.755594  60.471703
   27.756531  60.472126
   27.767912  60.4893
   27.764652  60.495464
   27.768085  60.504013
   27.77067  60.505108
   27.773014  60.506283
   27.77623  60.507805
   27.774046  60.53371
   27.795111  60.544807
   27.796238  60.545132
   27.7966  60.545635
   27.814245  60.55426
   27.847286  60.561283
   27.846174  60.561756
   27.844933  60.562325
   27.843912  60.563023
   27.843225  60.563858
   27.842903  60.564568
   27.842634  60.565041
   27.841749  60.565903
   27.841991  60.566162
   27.842449  60.56638
   27.842966  60.566624
   27.842682  60.56715
   27.841869  60.568459
   27.841816  60.569138
   27.842308  60.569649
   27.842749  60.570652
   27.843424  60.571743
   27.844046  60.572483
   27.844273  60.57333
   27.844479  60.574108
   27.844063  60.57481
   27.843275  60.575512
   27.842363  60.576302
   27.841007  60.576935
   27.838032  60.577896
   27.838068  60.578411
   27.839266  60.578625
   27.839899  60.579197
   27.840864  60.579784
   27.842358  60.5797
   27.84354  60.579681
   27.8442  60.579884
   27.844561  60.580139
   27.845367  60.58086
   27.8465  60.581078
   27.847488  60.581509
   27.848072  60.581993
   27.848106  60.582947
   27.873144  60.604752
   27.995438  60.671547
   27.998322  60.670399
   28.017775  60.681198
   28.015305  60.682369
   28.088238  60.720177
   28.135544  60.741432
   28.174011  60.77877
   28.220337  60.782867
   28.255684  60.810181
   28.292946  60.830917
   28.311451  60.840935
   28.323929  60.858215
   28.32597  60.85738
   28.326677  60.856953
   28.326967  60.856445
   28.327759  60.856022
   28.328722  60.855896
   28.329685  60.855946
   28.330893  60.855862
   28.332466  60.855423
   28.333508  60.855259
   28.33469  60.854881
   28.335705  60.85413
   28.392094  60.884853
   28.396919  60.883644
   28.399738  60.88591
   28.397432  60.887772
   28.444969  60.912746
   28.465235  60.923233
   28.468805  60.923431
   28.471422  60.923939
   28.48387  60.925739
   28.483624  60.926811
   28.482412  60.927757
   28.483593  60.928818
   28.483822  60.929333
   28.492033  60.935104
   28.492605  60.937187
   28.495125  60.937283
   28.52467  60.957138
   28.527542  60.954838
   28.530586  60.954636
   28.538273  60.956284
   28.541346  60.955986
   28.544989  60.955242
   28.551025  60.954987
   28.572514  60.95153
   28.614132  60.955276
   28.649204  60.948124
   28.655474  60.949532
   28.657896  60.951096
   28.672831  60.9673
   28.683893  60.978703
   28.689966  60.989723
   28.690933  60.990944
   28.69091  60.991467
   28.71007  61.026867
   28.711184  61.032238
   28.713594  61.044609
   28.800945  61.092739
   28.804733  61.093582
   28.808718  61.097507
   28.819292  61.121777
   28.872702  61.135811
   28.883574  61.14267
   28.901953  61.144772
   28.914869  61.14352
   28.925762  61.14587
   28.943956  61.14822
   28.950829  61.151581
   28.956879  61.151798
   28.986265  61.174255
   29.029888  61.191814
   29.161011  61.236778
   29.172567  61.242386
   29.174028  61.24136
   29.17503  61.241047
   29.175924  61.241112
   29.176655  61.241306
   29.177332  61.241829
   29.177683  61.242466
   29.177547  61.243053
   29.17771  61.243484
   29.177874  61.243954
   29.177214  61.244911
   29.182053  61.247406
   29.197588  61.255009
   29.19916  61.256081
   29.204151  61.256672
   29.207155  61.257423
   29.208323  61.25769
   29.21047  61.258614
   29.211405  61.258938
   29.211914  61.260193
   29.214746  61.261009
   29.215948  61.262356
   29.217886  61.263016
   29.219633  61.263603
   29.220221  61.264305
   29.225533  61.265522
   29.227259  61.26548
   29.232595  61.268375
   29.23842  61.268204
   29.244337  61.270832
   29.24515  61.273609
   29.241165  61.276165
   29.265478  61.291943
   29.305929  61.329292
   29.321978  61.343304
   29.322241  61.345238
   29.321779  61.34679
   29.323629  61.348087
   29.324884  61.348721
   29.325745  61.350086
   29.328123  61.351986
   29.330437  61.352619
   29.332619  61.353031
   29.334072  61.354298
   29.33457  61.355202
   29.41288  61.404545
   29.502771  61.461094
   29.49646  61.49157
   29.557808  61.492275
   29.578535  61.495651
   29.591427  61.495399
   29.592802  61.495804
   29.594389  61.496208
   29.594706  61.496811
   29.595446  61.497192
   29.597773  61.497746
   29.598829  61.4981
   29.599569  61.498577
   29.600151  61.499336
   29.600574  61.500042
   29.604593  61.500721
   29.606127  61.500294
   29.607342  61.500244
   29.606972  61.501152
   29.607132  61.501705
   29.607981  61.502316
   29.645422  61.519901
   29.64295  61.525795
   29.688347  61.551819
   29.694519  61.55405
   29.711346  61.560135
   29.740299  61.573704
   29.748768  61.582699
   29.749601  61.591064
   29.754612  61.603138
   29.78964  61.625275
   29.79353  61.626728
   29.804001  61.634251
   29.805235  61.634769
   29.807482  61.635147
   29.810324  61.634991
   29.81072  61.635494
   29.811844  61.638695
   29.811712  61.641335
   29.812439  61.643593
   29.813364  61.64576
   29.814291  61.647579
   29.815479  61.648617
   29.817331  61.650688
   29.818548  61.654926
   29.845116  61.670116
   29.861164  61.670105
   29.861067  61.676674
   29.862417  61.676746
   29.863638  61.676785
   29.864483  61.677124
   29.865059  61.678085
   29.86533  61.679211
   29.866674  61.680332
   29.867901  61.681713
   29.937895  61.716602
   29.947643  61.721317
   29.948484  61.721432
   29.949467  61.721642
   29.950296  61.722015
   29.950619  61.722473
   29.950783  61.722836
   29.985767  61.739746
   29.991156  61.742317
   30.019209  61.755695
   30.025681  61.758781
   30.02623  61.758793
   30.027096  61.758938
   30.027658  61.759193
   30.027887  61.759586
   30.027821  61.759804
   30.038729  61.764999
   30.047279  61.772625
   30.070677  61.817497
   30.070923  61.817966
   30.071388  61.818684
   30.071896  61.818863
   30.072868  61.818924
   30.074053  61.818504
   30.075237  61.818363
   30.141253  61.85078
   30.057215  61.848808
   29.564014  61.72414
   29.532389  61.684788
   29.46645  61.65815
   29.341084  61.62151
   29.272043  61.572056
   29.246101  61.559914
   29.190187  61.548206
   29.053349  61.534229
   28.893152  61.533455
   28.838167  61.539242
   28.820702  61.538002
   28.815016  61.530819
   28.81698  61.508415
   28.809332  61.498005
   28.750525  61.481571
   28.653166  61.469582
   28.562939  61.472889
   28.538342  61.481339
   28.510126  61.508366
   28.494003  61.511803
   28.468887  61.509216
   28.446875  61.497925
   28.42486  61.481365
   28.420103  61.475574
   28.415869  61.467617
   28.409046  61.457901
   28.396542  61.446896
   28.341557  61.418575
   28.181463  61.37331
   27.540262  61.360336
   27.303377  61.400566
   27.250254  61.403748
   27.202402  61.399662
   27.113106  61.373051
   27.091711  61.371395
   27.018435  61.375271
   26.985258  61.369175
   26.968513  61.359821
   26.97637  61.34388
   27.143387  61.328403
   27.240746  61.329876
   27.255732  61.324371
   27.243433  61.318996
   27.22607  61.316101
   27.241262  61.305042
   27.277332  61.288765
   27.331076  61.252827
   27.333143  61.236675
   27.324978  61.228924
   27.335831  61.21833
   27.360945  61.2127
   27.38575  61.213009
   27.386267  61.210167
   27.388334  61.205566
   27.389885  61.203758
   27.382753  61.19952
   27.374277  61.196781
   27.367456  61.19257
   27.36632  61.1866
   27.366631  61.181381
   27.348646  61.17141
   27.330353  61.168308
   27.21315  61.161797
   27.001587  61.151539
   26.943607  61.171307
   26.928516  61.184689
   26.925209  61.190529
   26.922419  61.203579
   26.921799  61.21027
   26.918285  61.226753
   26.90888  61.240448
   26.896891  61.249104
   26.886969  61.260551
   26.883972  61.271351
   26.87188  61.283287
   26.837566  61.282566
   26.816277  61.279362
   26.796949  61.273468
   26.785374  61.265873
   26.770491  61.246651
   26.761395  61.239155
   26.73287  61.225822
   26.698866  61.214172
   26.66445  61.209805
   26.649155  61.211975
   26.640266  61.221481
   26.645123  61.225307
   26.665897  61.24815
   26.661142  61.256908
   26.653082  61.263031
   26.644814  61.273781
   26.634686  61.282566
   26.611946  61.28706
   26.515106  61.273678
   26.498466  61.30003
   26.479242  61.311634
   26.403278  61.324062
   26.372065  61.334808
   26.318321  61.362095
   26.304058  61.365326
   26.293621  61.370804
   26.304886  61.385738
   26.313154  61.393566
   26.318632  61.397133
   26.314808  61.402714
   26.283594  61.414028
   26.265715  61.424984
   26.256929  61.439068
   26.260445  61.445629
   26.278118  61.468807
   26.283802  61.478416
   26.280909  61.48431
   26.276981  61.488159
   26.264059  61.498341
   26.260237  61.502087
   26.265923  61.513508
   26.276981  61.521362
   26.287832  61.524822
   26.290726  61.524822
   26.292276  61.532677
   26.291656  61.542213
   26.289486  61.555622
   26.284628  61.566502
   26.280392  61.572468
   26.282045  61.576912
   26.316668  61.572803
   26.320286  61.575958
   26.319666  61.580738
   26.321112  61.596859
   26.319458  61.607635
   26.311707  61.616703
   26.306953  61.624146
   26.307882  61.632389
   26.31212  61.638462
   26.303955  61.649933
   26.289383  61.652077
   26.252588  61.649673
   26.164223  61.631329
   26.15554  61.626625
   26.146135  61.626316
   26.119057  61.642906
   26.07782  61.651535
   26.067381  61.656597
   26.057562  61.665642
   26.057253  61.668224
   26.062004  61.670139
   26.067381  61.677063
   26.071722  61.686829
   26.079887  61.700188
   26.081644  61.705021
   26.077923  61.709671
   26.070171  61.713547
   26.065416  61.719177
   26.052395  61.727497
   26.030277  61.71817
   26.009296  61.720676
   25.99958  61.727318
   25.986559  61.748737
   25.978394  61.758091
   25.964441  61.766617
   25.924858  61.783722
   25.915865  61.778763
   25.912146  61.77039
   25.901087  61.761009
   25.885067  61.758789
   25.874937  61.760208
   25.870598  61.769203
   25.875557  61.77623
   25.877935  61.787132
   25.870907  61.79504
   25.862019  61.798038
   25.851166  61.786201
   25.845068  61.7738
   25.816441  61.735043
   25.779543  61.701427
   25.76404  61.693031
   25.748434  61.693291
   25.757322  61.702385
   25.739338  61.704502
   25.690866  61.705898
   25.664305  61.703728
   25.633505  61.695873
   25.597643  61.679131
   25.582241  61.675407
   25.530876  61.681454
   25.516199  61.678043
   25.502455  61.653679
   25.47703  61.564358
   25.461008  61.527046
   25.44375  61.503532
   25.426489  61.490356
   25.403339  61.484051
   24.966879  61.451134
   24.958199  61.45594
   24.869728  61.474129
   24.860012  61.465397
   24.865284  61.454155
   24.880167  61.435837
   24.895462  61.421059
   24.903627  61.408371
   24.903008  61.384884
   24.899183  61.36145
   24.901148  61.339977
   24.918304  61.322304
   24.90373  61.316181
   24.894119  61.308327
   24.890501  61.298637
   24.891432  61.292667
   24.881201  61.284115
   24.804203  61.267475
   24.778673  61.268665
   24.764515  61.277138
   24.742603  61.304218
   24.736506  61.31039
   24.724413  61.298145
   24.714079  61.2836
   24.687826  61.274399
   24.655581  61.27874
   24.58437  61.294811
   24.550781  61.295948
   24.517502  61.29073
   24.380352  61.243809
   24.343662  61.238174
   24.279478  61.237141
   24.267904  61.23156
   24.265528  61.215694
   24.274105  61.20425
   24.287645  61.197197
   24.293846  61.195412
   24.282167  61.184017
   24.228216  61.158283
   24.187082  61.147251
   24.135715  61.138851
   24.136852  61.136372
   24.14016  61.125416
   24.088587  61.128929
   24.032879  61.121387
   23.932627  61.093121
   23.797958  61.07534
   23.778528  61.068314
   23.766953  61.057152
   23.800026  61.052166
   23.80447  61.048367
   23.802713  61.04475
   23.798269  61.031883
   23.796408  61.028316
   23.80447  61.026768
   23.853666  61.03524
   23.865862  61.035088
   23.878057  61.02718
   23.871132  61.017414
   23.85253  61.008705
   23.825243  60.999687
   23.827724  60.994366
   23.83651  60.990437
   23.851082  60.980282
   23.861935  60.967079
   23.865965  60.959225
   23.852322  60.946331
   23.835682  60.95013
   23.778942  60.993073
   23.722925  61.002323
   23.707008  61.007
   23.66329  61.004314
   23.585464  60.985737
   23.473948  60.985943
   23.457928  60.982197
   23.460098  60.979378
   23.469297  60.964211
   23.43705  60.969482
   23.341139  61.006718
   23.2752  61.019119
   23.197374  60.999947
   23.240059  60.972351
   23.264862  60.961552
   23.279747  60.958244
   23.295767  60.94672
   23.294941  60.936279
   23.288429  60.922199
   23.274889  60.915714
   23.264244  60.915688
   23.25639  60.914577
   23.258457  60.911217
   23.265072  60.896698
   23.267138  60.893337
   23.251015  60.891426
   23.192207  60.895351
   23.157688  60.890236
   23.138256  60.870911
   23.141977  60.84621
   23.165749  60.834324
   23.212051  60.829311
   23.215668  60.819542
   23.20306  60.813755
   23.184456  60.802544
   23.169056  60.787815
   23.162441  60.779881
   23.176498  60.763733
   23.231998  60.739834
   23.267345  60.728207
   23.307756  60.722988
   23.356331  60.72694
   23.450899  60.745026
   23.477049  60.746525
   23.512499  60.726578
   23.528002  60.71278
   23.571306  60.697819
   23.652851  60.689552
   23.704632  60.661129
   23.766127  60.652424
   23.855143  60.645962
   23.871817  60.636822
   23.861712  60.618046
   23.893869  60.611702
   23.906376  60.608833
   23.913921  60.597488
   23.907824  60.587776
   23.893044  60.570877
   23.873716  60.55938
   23.861418  60.556332
   23.855526  60.542301
   23.862038  60.528862
   23.865034  60.512096
   23.851288  60.501606
   23.744215  60.486282
   23.719101  60.475998
   23.699671  60.451916
   23.779251  60.449696
   23.793205  60.434063
   23.793617  60.418533
   23.786074  60.392593
   23.764885  60.375256
   23.74618  60.370735
   23.73295  60.344147
   23.724579  60.319187
   23.683857  60.296371
   23.641069  60.283039
   23.630217  60.273945
   23.625566  60.261902
   23.618229  60.262783
   23.607273  60.262318
   23.59239  60.258518
   23.599625  60.253738
   23.611923  60.249603
   23.631973  60.23901
   23.64603  60.223534
   23.650784  60.212784
   23.641689  60.198032
   23.6297  60.196739
   23.574097  60.203613
   23.563038  60.203766
   23.541334  60.199532
   23.487486  60.174313
   23.438704  60.163563
   23.393023  60.160049
   23.351578  60.162529
   23.333284  60.165474
   23.316645  60.172401
   23.320158  60.179066
   23.324188  60.185165
   23.310547  60.186405
   23.295767  60.181545
   23.193138  60.123257
   23.114176  60.09473
   23.068598  60.089355
END
END
