POLY
1
   30.019119  63.732601
   30.06513  63.708118
   30.06204  63.703861
   30.068729  63.700588
   30.0744  63.695271
   30.07938  63.692451
   30.11199  63.678299
   30.11937  63.672821
   30.12435  63.66787
   30.206579  63.626801
   30.24572  63.606972
   30.24785  63.60247
   30.255671  63.585972
   30.258591  63.583679
   30.274731  63.5788
   30.277651  63.578411
   30.38562  63.54578
   30.42098  63.516682
   30.45944  63.485512
   30.484329  63.467041
   30.51128  63.460442
   30.64517  63.432201
   30.6838  63.42437
   30.76499  63.409538
   30.789709  63.40509
   30.843861  63.377129
   30.84313  63.376068
   30.84309  63.37534
   30.84355  63.375191
   30.844061  63.374741
   30.843929  63.37434
   30.844549  63.373989
   30.84544  63.374031
   30.84598  63.373798
   30.84598  63.37355
   30.845421  63.373459
   30.844721  63.37344
   30.844669  63.373211
   30.845619  63.373161
   30.84668  63.372799
   30.847309  63.37233
   30.847469  63.371712
   30.84663  63.371288
   30.846041  63.370789
   30.84614  63.370468
   30.8465  63.370251
   30.84812  63.370441
   30.848539  63.370121
   30.848471  63.369831
   30.84874  63.369289
   30.84967  63.369049
   30.849991  63.368561
   30.851721  63.36837
   30.85207  63.368019
   30.853479  63.367809
   30.85405  63.367802
   30.856621  63.366928
   30.858049  63.366791
   30.858431  63.36705
   30.85907  63.367168
   30.859989  63.36676
   30.86153  63.36644
   30.86191  63.366119
   30.862749  63.36586
   30.863729  63.365761
   30.86537  63.365501
   30.86598  63.36512
   30.86594  63.364868
   30.86673  63.364471
   30.86775  63.364429
   30.86895  63.364761
   30.869869  63.365101
   30.871321  63.365162
   30.871981  63.36512
   30.873289  63.364632
   30.87356  63.36417
   30.874371  63.36388
   30.87521  63.3638
   30.877041  63.363312
   30.87735  63.363091
   30.877451  63.36277
   30.87867  63.362541
   30.88043  63.36274
   30.8811  63.36274
   30.883961  63.362381
   30.88356  63.36277
   30.884491  63.363091
   30.885811  63.362679
   30.887871  63.362389
   30.89052  63.361542
   30.89423  63.361568
   30.896549  63.361431
   30.897369  63.361061
   30.899521  63.360538
   30.90316  63.360458
   30.90415  63.36013
   30.90654  63.359982
   30.90712  63.359531
   30.908199  63.35931
   30.910259  63.359241
   30.912411  63.359421
   30.91539  63.358719
   30.91836  63.358528
   30.920589  63.357941
   30.924391  63.357719
   30.925791  63.357052
   30.9277  63.356758
   30.92893  63.3568
   30.93034  63.356571
   30.93305  63.355919
   30.945061  63.336349
   30.97987  63.307819
   30.981091  63.30772
   30.983339  63.307362
   30.98357  63.307091
   30.98472  63.306931
   30.986521  63.30687
   30.98662  63.307468
   30.987049  63.307529
   30.99362  63.303928
   30.996969  63.304321
   31.01852  63.30402
   31.08691  63.28159
   31.088949  63.279171
   31.08857  63.278702
   31.089029  63.277962
   31.090509  63.277748
   31.090811  63.27726
   31.090851  63.276691
   31.091869  63.276402
   31.09276  63.275982
   31.09326  63.27544
   31.093981  63.275211
   31.09491  63.27507
   31.09741  63.273651
   31.097679  63.273041
   31.09823  63.272678
   31.099541  63.272362
   31.10005  63.27219
   31.100889  63.272171
   31.10132  63.271938
   31.10133  63.271671
   31.10288  63.27076
   31.11561  63.270851
   31.11697  63.270699
   31.11841  63.27042
   31.120729  63.270168
   31.122339  63.26968
   31.122931  63.269161
   31.1231  63.268719
   31.123779  63.268532
   31.125641  63.268661
   31.1264  63.268848
   31.12788  63.26844
   31.12915  63.267681
   31.12953  63.26693
   31.130159  63.266399
   31.13151  63.265541
   31.131479  63.265331
   31.130369  63.265511
   31.12929  63.265759
   31.1287  63.265781
   31.12837  63.265572
   31.128531  63.265148
   31.13032  63.263741
   31.132509  63.26289
   31.133039  63.262779
   31.13353  63.262741
   31.1353  63.26284
   31.135929  63.263039
   31.136299  63.263359
   31.136271  63.26379
   31.136061  63.26437
   31.136271  63.26474
   31.136551  63.264961
   31.137159  63.265148
   31.13776  63.265171
   31.13834  63.26511
   31.13879  63.26498
   31.13936  63.264721
   31.13995  63.264278
   31.141121  63.26368
   31.1425  63.263161
   31.1432  63.262779
   31.14393  63.262691
   31.145041  63.261829
   31.14673  63.261909
   31.1476  63.261791
   31.14831  63.26152
   31.14875  63.26115
   31.149111  63.26054
   31.14966  63.25993
   31.150591  63.259121
   31.152031  63.258389
   31.153851  63.257271
   31.155359  63.255829
   31.15534  63.25547
   31.15517  63.255089
   31.15448  63.254631
   31.15432  63.25399
   31.1551  63.253239
   31.15658  63.252579
   31.156879  63.252281
   31.157021  63.251751
   31.157419  63.251579
   31.15785  63.251541
   31.159639  63.250519
   31.16062  63.249722
   31.16053  63.24921
   31.160669  63.248428
   31.161289  63.247959
   31.161699  63.247799
   31.162399  63.24675
   31.163509  63.245441
   31.165331  63.244228
   31.166439  63.243992
   31.16733  63.243858
   31.168011  63.243629
   31.16855  63.243229
   31.16996  63.24287
   31.17115  63.242069
   31.172371  63.241371
   31.1758  63.240669
   31.17626  63.240379
   31.17721  63.24017
   31.17808  63.240131
   31.178671  63.239941
   31.178841  63.239712
   31.178671  63.23954
   31.17897  63.23933
   31.18054  63.238522
   31.180241  63.23814
   31.18038  63.237888
   31.180969  63.23772
   31.181761  63.237751
   31.182711  63.237621
   31.183531  63.237419
   31.1838  63.23695
   31.183941  63.236259
   31.184139  63.23597
   31.18445  63.235741
   31.18556  63.235329
   31.187901  63.234692
   31.1903  63.234261
   31.19392  63.233898
   31.194771  63.233662
   31.19574  63.2327
   31.19665  63.232521
   31.197411  63.232288
   31.19854  63.232349
   31.20001  63.232029
   31.201891  63.23151
   31.202761  63.23151
   31.2036  63.231461
   31.204639  63.23101
   31.205549  63.230721
   31.205999  63.230309
   31.20705  63.229881
   31.20911  63.229851
   31.21092  63.229519
   31.21244  63.229328
   31.21298  63.228642
   31.213671  63.2285
   31.2138  63.227772
   31.214581  63.22723
   31.21702  63.226158
   31.219021  63.22543
   31.21981  63.224838
   31.220831  63.224369
   31.221781  63.223782
   31.22303  63.22366
   31.22603  63.22303
   31.22687  63.222691
   31.22769  63.222092
   31.22891  63.221821
   31.23103  63.221561
   31.232849  63.22076
   31.23344  63.22023
   31.234461  63.219898
   31.235809  63.219582
   31.23712  63.219601
   31.23864  63.219421
   31.23983  63.218929
   31.24106  63.217918
   31.24165  63.21664
   31.241119  63.213661
   31.23904  63.19521
   31.24077  63.190861
   31.24188  63.19059
   31.24262  63.190151
   31.243099  63.18996
   31.243919  63.18898
   31.243191  63.188591
   31.243099  63.188171
   31.243561  63.187881
   31.246201  63.181862
   31.24795  63.181
   31.25259  63.180111
   31.25473  63.179138
   31.25596  63.14201
   31.26585  63.115471
   31.27322  63.107559
   31.27807  63.104912
   31.279039  63.103489
   31.28323  63.10091
   31.28709  63.099972
   31.28894  63.098511
   31.29191  63.096851
   31.2925  63.095409
   31.29423  63.093861
   31.361219  63.072029
   31.3641  63.07085
   31.366739  63.068069
   31.36727  63.067612
   31.368311  63.067268
   31.370819  63.06583
   31.37192  63.06472
   31.37331  63.064091
   31.375509  63.063721
   31.3778  63.062569
   31.378599  63.061481
   31.37978  63.060848
   31.3808  63.06002
   31.381729  63.058331
   31.38139  63.058048
   31.381941  63.057281
   31.38249  63.056721
   31.382071  63.055939
   31.38143  63.055061
   31.381809  63.0541
   31.383209  63.053329
   31.385099  63.052479
   31.385481  63.052021
   31.385521  63.051708
   31.387329  63.05146
   31.388041  63.04953
   31.39053  63.048092
   31.393961  63.047661
   31.39883  63.046532
   31.404221  63.044708
   31.41046  63.04195
   31.42543  63.043152
   31.43902  63.036209
   31.462521  63.02422
   31.44879  63.00613
   31.502029  62.99625
   31.56406  62.92728
   31.5734  62.919338
   31.573351  62.91914
   31.57267  62.918739
   31.573  62.918419
   31.57375  62.918049
   31.574539  62.917992
   31.57468  62.917809
   31.57435  62.917519
   31.57506  62.91737
   31.575529  62.917431
   31.57572  62.917301
   31.5758  62.917061
   31.5767  62.916672
   31.58083  62.914242
   31.58062  62.912922
   31.586861  62.908531
   31.58485  62.906639
   31.541361  62.86845
   31.540039  62.867222
   31.49184  62.82671
   31.4547  62.796268
   31.467489  62.783279
   31.43906  62.78537
   31.42477  62.763062
   31.39628  62.71669
   31.38014  62.68985
   31.3857  62.682152
   31.38623  62.675209
   31.3839  62.674702
   31.381741  62.674801
   31.379589  62.671848
   31.37867  62.67181
   31.37714  62.67168
   31.37664  62.67144
   31.376369  62.671242
   31.376909  62.670959
   31.377501  62.67075
   31.37804  62.670441
   31.37705  62.669842
   31.37623  62.66914
   31.376249  62.668251
   31.37672  62.666981
   31.37652  62.666168
   31.37664  62.665531
   31.37698  62.66486
   31.37701  62.664299
   31.376801  62.66383
   31.37623  62.663391
   31.37606  62.663029
   31.376129  62.662628
   31.376381  62.662209
   31.37682  62.6619
   31.376801  62.661018
   31.377171  62.66074
   31.377359  62.660301
   31.37727  62.659901
   31.376789  62.659248
   31.37657  62.658501
   31.37682  62.657051
   31.376631  62.65554
   31.37513  62.6534
   31.37464  62.652851
   31.37431  62.651562
   31.37385  62.65049
   31.373489  62.649872
   31.37289  62.649158
   31.371599  62.648499
   31.370319  62.648289
   31.368759  62.64793
   31.367331  62.647442
   31.364349  62.645458
   31.36331  62.645031
   31.362221  62.64468
   31.361349  62.644611
   31.36031  62.644699
   31.358471  62.645061
   31.357861  62.645039
   31.35705  62.64489
   31.35549  62.64397
   31.35416  62.643379
   31.353239  62.643291
   31.3484  62.643742
   31.34733  62.643742
   31.34667  62.64365
   31.346251  62.643391
   31.34618  62.643101
   31.346371  62.64267
   31.347111  62.642181
   31.34869  62.641521
   31.34948  62.640751
   31.349621  62.6404
   31.34923  62.640121
   31.34865  62.639969
   31.34798  62.639938
   31.34691  62.640121
   31.344721  62.64024
   31.273399  62.556149
   31.25432  62.53363
   31.245159  62.525211
   31.24597  62.523689
   31.245991  62.52277
   31.23579  62.513
   31.22183  62.498291
   31.198469  62.495659
   31.185829  62.493568
   31.18697  62.487309
   31.173401  62.481892
   31.16518  62.462639
   31.162849  62.45475
   31.16341  62.445492
   31.14867  62.444752
   31.138309  62.442081
   31.077311  62.407372
   31.07144  62.40517
   30.94244  62.333
   30.943609  62.332611
   30.944031  62.332378
   30.944679  62.332298
   30.944941  62.33252
   30.94525  62.332561
   30.945721  62.332161
   30.947149  62.332191
   30.9471  62.332458
   30.94734  62.332561
   30.94796  62.33226
   30.94875  62.332241
   30.94981  62.33205
   30.94994  62.331749
   30.95096  62.3316
   30.951111  62.331341
   30.95064  62.331009
   30.95149  62.330761
   30.952971  62.330639
   30.95365  62.330349
   30.95392  62.329948
   30.95503  62.329762
   30.9555  62.32954
   30.95566  62.329021
   30.956881  62.329021
   30.95846  62.328362
   30.959999  62.328209
   30.96121  62.328178
   30.962  62.327751
   30.96196  62.327541
   30.96225  62.327251
   30.95517  62.31226
   30.94327  62.305969
   30.93074  62.306721
   30.920719  62.3088
   30.90435  62.310261
   30.88657  62.301628
   30.83449  62.275341
   30.810961  62.270611
   30.809219  62.269531
   30.809111  62.261108
   30.780121  62.246681
   30.76516  62.235149
   30.74618  62.226768
   30.743799  62.226219
   30.720409  62.2089
   30.68881  62.210388
   30.684561  62.2104
   30.67384  62.209808
   30.65641  62.208591
   30.63665  62.192101
   30.635521  62.191711
   30.634001  62.191349
   30.63279  62.191158
   30.631531  62.190781
   30.62977  62.189678
   30.62912  62.18911
   30.628361  62.187778
   30.628361  62.187061
   30.628679  62.186668
   30.62887  62.186081
   30.62936  62.18351
   30.62998  62.182381
   30.63131  62.18066
   30.6322  62.179771
   30.633209  62.179138
   30.633801  62.178471
   30.63418  62.177639
   30.63426  62.17651
   30.63413  62.17601
   30.63418  62.175388
   30.634399  62.17477
   30.634821  62.174252
   30.63541  62.173729
   30.636049  62.173409
   30.6367  62.173222
   30.60207  62.14135
   30.567289  62.120049
   30.540529  62.10284
   30.535709  62.099541
   30.496389  62.072571
   30.443251  62.036629
   30.447281  62.034481
   30.444679  62.032291
   30.438669  62.033218
   30.42318  62.022369
   30.40934  62.016628
   30.376499  61.999088
   30.35186  61.980148
   30.33745  61.973099
   30.327669  61.9729
   30.32708  61.97253
   30.3267  61.972111
   30.32543  61.971771
   30.324711  61.971352
   30.324459  61.971088
   30.324499  61.970581
   30.32408  61.970261
   30.32234  61.969898
   30.31925  61.96912
   30.317989  61.968891
   30.31731  61.968529
   30.31612  61.96817
   30.315149  61.967991
   30.31439  61.967411
   30.31418  61.96714
   30.31316  61.966881
   30.31151  61.96666
   30.310881  61.96674
   30.30991  61.966381
   30.30982  61.966099
   30.308809  61.96582
   30.30694  61.964951
   30.30652  61.964432
   30.305759  61.964111
   30.30551  61.963799
   30.304449  61.963219
   30.30407  61.962051
   30.305  61.961731
   30.30559  61.961349
   30.305969  61.960651
   30.30625  61.959751
   30.313021  61.945011
   30.31065  61.941601
   30.300989  61.935001
   30.27323  61.933048
   30.21159  61.892769
   30.19416  61.890942
   30.195971  61.882141
   30.15642  61.858231
   30.1413  61.850803
   30.141191  61.850758
   30.057215  61.848808
   29.564014  61.72414
   29.532389  61.684788
   29.46645  61.65815
   29.341084  61.62151
   29.272043  61.572056
   29.246101  61.559914
   29.190187  61.548206
   29.053349  61.534229
   28.893152  61.533455
   28.838167  61.539242
   28.820702  61.538002
   28.815016  61.530819
   28.81698  61.508415
   28.809332  61.498005
   28.750525  61.481571
   28.653166  61.469582
   28.562939  61.472889
   28.538342  61.481339
   28.510126  61.508366
   28.494003  61.511803
   28.468887  61.509216
   28.446875  61.497925
   28.42486  61.481365
   28.420103  61.475574
   28.415869  61.467617
   28.409046  61.457901
   28.396542  61.446896
   28.341557  61.418575
   28.181463  61.37331
   27.540262  61.360336
   27.303377  61.400566
   27.250254  61.403748
   27.202402  61.399662
   27.113106  61.373051
   27.091711  61.371395
   27.018435  61.375271
   26.985258  61.369175
   26.968513  61.359821
   26.97637  61.34388
   27.143387  61.328403
   27.240746  61.329876
   27.255732  61.324371
   27.243433  61.318996
   27.22607  61.316101
   27.241262  61.305042
   27.277332  61.288765
   27.331076  61.252827
   27.333143  61.236675
   27.324978  61.228924
   27.335831  61.21833
   27.360945  61.2127
   27.38575  61.213009
   27.386267  61.210167
   27.388334  61.205566
   27.389885  61.203758
   27.382753  61.19952
   27.374277  61.196781
   27.367456  61.19257
   27.36632  61.1866
   27.366631  61.181381
   27.348646  61.17141
   27.330353  61.168308
   27.21315  61.161797
   27.001587  61.151539
   26.943607  61.171307
   26.928516  61.184689
   26.925209  61.190529
   26.922419  61.203579
   26.921799  61.21027
   26.918285  61.226753
   26.90888  61.240448
   26.896891  61.249104
   26.886969  61.260551
   26.883972  61.271351
   26.87188  61.283287
   26.837566  61.282566
   26.816277  61.279362
   26.796949  61.273468
   26.785374  61.265873
   26.770491  61.246651
   26.761395  61.239155
   26.73287  61.225822
   26.698866  61.214172
   26.66445  61.209805
   26.649155  61.211975
   26.640266  61.221481
   26.645123  61.225307
   26.665897  61.24815
   26.661142  61.256908
   26.653082  61.263031
   26.644814  61.273781
   26.634686  61.282566
   26.611946  61.28706
   26.515106  61.273678
   26.498466  61.30003
   26.479242  61.311634
   26.403278  61.324062
   26.372065  61.334808
   26.318321  61.362095
   26.304058  61.365326
   26.293621  61.370804
   26.304886  61.385738
   26.313154  61.393566
   26.318632  61.397133
   26.314808  61.402714
   26.283594  61.414028
   26.265715  61.424984
   26.256929  61.439068
   26.260445  61.445629
   26.278118  61.468807
   26.283802  61.478416
   26.280909  61.48431
   26.276981  61.488159
   26.264059  61.498341
   26.260237  61.502087
   26.265923  61.513508
   26.276981  61.521362
   26.287832  61.524822
   26.290726  61.524822
   26.292276  61.532677
   26.291656  61.542213
   26.289486  61.555622
   26.284628  61.566502
   26.280392  61.572468
   26.282045  61.576912
   26.316668  61.572803
   26.320286  61.575958
   26.319666  61.580738
   26.321112  61.596859
   26.319458  61.607635
   26.330517  61.609417
   26.354599  61.617531
   26.358318  61.624146
   26.357801  61.629108
   26.360697  61.636395
   26.372789  61.651947
   26.394699  61.656212
   26.496605  61.630993
   26.515001  61.638462
   26.529058  61.686363
   26.529161  61.70166
   26.521099  61.715458
   26.487717  61.747677
   26.474384  61.758377
   26.386431  61.804546
   26.377956  61.812454
   26.372995  61.828682
   26.37899  61.865578
   26.37899  61.875343
   26.370102  61.883999
   26.34013  61.884544
   26.334135  61.883846
   26.345814  61.914619
   26.347467  61.939526
   26.3608  61.957485
   26.386639  61.965183
   26.390253  61.990299
   26.247524  62.100655
   26.244837  62.136673
   26.334032  62.197342
   26.399971  62.223385
   26.424671  62.223747
   26.453094  62.212173
   26.460846  62.213982
   26.475107  62.219147
   26.487923  62.226383
   26.493711  62.230724
   26.496088  62.23682
   26.493092  62.237854
   26.488131  62.238605
   26.483583  62.239819
   26.499498  62.250954
   26.520273  62.25576
   26.533089  62.256744
   26.557377  62.253902
   26.568436  62.24992
   26.595928  62.23558
   26.622385  62.227261
   26.647604  62.226177
   26.656803  62.230465
   26.64657  62.235451
   26.635822  62.246021
   26.635717  62.253925
   26.633032  62.267826
   26.627037  62.279556
   26.622593  62.284546
   26.626934  62.295837
   26.655458  62.30064
   26.669825  62.30648
   26.676336  62.31134
   26.679127  62.318394
   26.676233  62.319221
   26.668791  62.320332
   26.666103  62.321365
   26.673132  62.333042
   26.685328  62.340305
   26.7153  62.348236
   26.763462  62.354332
   26.76646  62.362083
   26.693596  62.393429
   26.687292  62.404613
   26.69339  62.411385
   26.69804  62.417999
   26.705275  62.431641
   26.711786  62.451279
   26.686567  62.461098
   26.618149  62.464302
   26.589106  62.470604
   26.488131  62.511742
   26.481825  62.524555
   26.582491  62.582432
   26.594997  62.594009
   26.592207  62.599487
   26.588692  62.600056
   26.584869  62.600262
   26.581871  62.600933
   26.591999  62.610752
   26.59696  62.625481
   26.583216  62.657467
   26.56151  62.689247
   26.537119  62.703407
   26.52668  62.722321
   26.52079  62.736351
   26.506527  62.748676
   26.472111  62.767021
   26.440277  62.779217
   26.415577  62.780277
   26.394699  62.765419
   26.374752  62.754414
   26.360489  62.757515
   26.174145  62.831928
   26.161741  62.843941
   26.183237  62.858746
   26.187477  62.861126
   26.167219  62.871975
   26.101488  62.89151
   26.068001  62.907581
   26.052189  62.921017
   26.063868  62.937527
   26.18417  62.954014
   26.24029  62.951092
   26.280184  62.944736
   26.290831  62.945461
   26.310984  62.955795
   26.324316  62.968819
   26.318838  62.981377
   26.301165  62.982563
   26.272123  62.991711
   26.247627  63.006721
   26.236776  63.015121
   26.233883  63.032227
   26.244011  63.037548
   26.269436  63.04137
   26.313568  63.038506
   26.300131  63.050724
   26.27202  63.064186
   26.234295  63.094185
   26.20236  63.124699
   26.160915  63.151443
   26.155748  63.181854
   26.154818  63.202759
   26.161121  63.211647
   26.183134  63.215858
   26.184376  63.22813
   26.165668  63.256603
   26.133837  63.316135
   26.109859  63.342388
   26.09384  63.351173
   26.087223  63.368019
   26.099524  63.379776
   26.163292  63.429798
   26.17001  63.44331
   26.148203  63.453182
   26.137762  63.456284
   26.167322  63.480801
   26.175488  63.490803
   26.180552  63.502792
   26.19161  63.538654
   26.199053  63.552967
   26.22024  63.570824
   26.244942  63.579479
   26.285662  63.588753
   26.28928  63.622707
   26.251865  63.781742
   26.238016  63.806854
   26.298582  63.853779
   26.69401  64.005264
   26.872086  64.033401
   27.38792  63.97258
   27.410452  63.964157
   27.436186  63.946098
   27.445177  63.944859
   27.462025  63.94429
   27.48962  63.947208
   27.498817  63.952248
   27.496647  63.95496
   27.495098  63.955811
   27.522072  63.956844
   27.55039  63.952713
   27.642168  63.924679
   27.744694  63.908295
   28.008038  63.797813
   28.046072  63.788921
   28.082865  63.775642
   28.152008  63.722027
   28.226318  63.700142
   28.244095  63.686993
   28.260839  63.678646
   28.287193  63.685001
   28.30652  63.697506
   28.326054  63.714924
   28.344038  63.734509
   28.358404  63.753422
   28.441189  63.824944
   28.455763  63.841919
   28.462481  63.852848
   28.464443  63.867496
   28.465477  63.871346
   28.5186  63.882019
   28.572035  63.883362
   28.9347  63.841995
   29.656206  63.873363
   29.671606  63.869125
   29.686592  63.858013
   29.735891  63.732182
   29.743126  63.724792
   29.758732  63.715595
   29.766586  63.714146
   29.783226  63.715179
   29.93009  63.748047
   29.982491  63.751976
   30.019119  63.732601
END
END
