POLY
1
   23.706491  64.168076
   22.961147  64.2201
   22.87002  64.199471
   22.778893  64.178833
   22.687765  64.158173
   22.596638  64.137497
   22.56354  64.129135
   22.53167  64.119431
   22.455036  64.093796
   22.423485  64.082375
   22.396791  64.071892
   22.365227  64.056976
   22.339903  64.042419
   22.287872  64.009384
   22.269239  63.996487
   22.254974  63.985718
   22.224009  63.961082
   22.198128  63.936699
   22.172125  63.907028
   22.146122  63.877323
   22.120119  63.847591
   22.061235  63.811069
   22.00235  63.774498
   21.943464  63.737877
   21.884579  63.70121
   21.772242  63.686764
   21.659903  63.672306
   21.509178  63.667099
   21.395086  63.637619
   21.376257  63.632751
   21.280994  63.608109
   21.166903  63.578568
   21.052811  63.548996
   20.938719  63.519394
   20.817514  63.501137
   20.69631  63.482868
   20.637249  63.452736
   20.578186  63.422569
   20.519125  63.392372
   20.460062  63.362144
   20.401001  63.331882
   20.353964  63.298553
   20.306925  63.26519
   20.27607  63.243279
   20.259888  63.231785
   20.212851  63.198341
   20.165812  63.164856
   20.187048  63.128761
   20.208284  63.092625
   20.229521  63.056438
   20.250757  63.02021
   20.271994  62.983936
   20.29323  62.947617
   20.314466  62.911251
   20.333984  62.876045
   20.353502  62.840794
   20.37302  62.805504
   20.392538  62.770172
   20.412056  62.734795
   20.418526  62.724564
   20.443161  62.688915
   20.467798  62.653221
   20.492435  62.617489
   20.517071  62.581711
   20.541708  62.545891
   20.566343  62.510025
   20.590981  62.474117
   20.615618  62.438168
   20.640253  62.402176
   20.66489  62.366138
   20.679541  62.328438
   20.694189  62.290688
   20.708839  62.252892
   20.723488  62.21505
   20.738138  62.177158
   20.752787  62.139221
   20.767437  62.101234
   20.782085  62.063202
   20.796736  62.025124
   20.811384  61.986992
   20.821587  61.949318
   20.831789  61.911598
   20.841991  61.873833
   20.852192  61.836018
   20.862394  61.798157
   20.872597  61.76025
   20.882799  61.722298
   20.893002  61.684296
   20.903204  61.646248
   20.893394  61.606506
   20.883587  61.566711
   20.873777  61.526867
   20.86397  61.486969
   20.85416  61.447021
   20.843822  61.407188
   20.833483  61.367298
   20.823145  61.327362
   20.812805  61.287373
   20.802465  61.247334
   20.792128  61.207241
   20.781788  61.167103
   20.77145  61.126907
   20.733805  61.0895
   20.696161  61.052052
   20.658518  61.014557
   20.620872  60.97702
   20.583229  60.939438
   20.545586  60.90181
   20.441502  60.867035
   20.337418  60.832222
   20.233334  60.797371
   20.12925  60.762482
   20.025166  60.727554
   19.895294  60.716499
   19.765425  60.705441
   19.635553  60.694374
   19.545567  60.681137
   19.233662  60.614544
   19.220211  60.611511
   19.205452  60.552525
   19.196573  60.516991
   19.190691  60.493427
   19.175932  60.434227
   19.161173  60.374916
   19.132507  60.301727
   19.131832  60.300037
   19.115904  60.264618
   19.102705  60.235241
   19.08321  60.191689
   19.155096  60.141956
   19.226982  60.092144
   19.29887  60.042255
   19.370756  59.992294
   19.442642  59.942257
   19.51453  59.892147
   19.586416  59.841957
   19.658302  59.791691
   19.714773  59.752457
   19.771244  59.713177
   19.827715  59.673851
   19.884186  59.63448
   19.940657  59.595058
   19.994509  59.59111
   20.066965  59.559898
   20.139423  59.528656
   20.21188  59.497383
   20.284336  59.466084
   20.294924  59.462082
   20.306904  59.458733
   20.319841  59.456268
   20.333906  59.454685
   20.347149  59.454159
   20.359835  59.454521
   20.372412  59.455734
   20.383959  59.457619
   20.478186  59.476349
   20.572412  59.495071
   20.666639  59.513783
   20.760866  59.532482
   20.87315  59.523453
   20.985434  59.51442
   21.097717  59.505386
   21.210001  59.496346
   21.322285  59.487309
   21.434568  59.478268
   21.451717  59.477165
   21.468735  59.476303
   21.486349  59.475811
   21.502802  59.475739
   21.518774  59.475986
   21.53359  59.476452
   21.64146  59.481033
   21.749331  59.485615
   21.857203  59.490196
   21.965073  59.494778
   22.072945  59.499359
   22.180815  59.503937
   22.288685  59.508518
   22.396557  59.513096
   22.480885  59.545288
   22.565212  59.577446
   22.634573  59.607956
   22.675957  59.649349
   22.702374  59.689075
   22.72879  59.728756
   22.755207  59.768387
   22.781622  59.807972
   22.808039  59.847507
   22.810886  59.850616
   22.813322  59.876686
   22.818752  59.934711
   22.791243  59.960617
   22.789709  59.978107
   22.787981  60.000519
   22.801037  60.024906
   22.847618  60.03051
   22.851595  59.995659
   22.953375  60.000282
   22.980114  60.033974
   22.98419  60.041695
   22.974339  60.064358
   22.959631  60.071228
   22.98661  60.096119
   23.020247  60.1063
   23.021261  60.106796
   23.028601  60.101501
   23.068598  60.089355
   23.114176  60.09473
   23.193138  60.123257
   23.295767  60.181545
   23.310547  60.186405
   23.324188  60.185165
   23.320158  60.179066
   23.316645  60.172401
   23.333284  60.165474
   23.351578  60.162529
   23.393023  60.160049
   23.438704  60.163563
   23.487486  60.174313
   23.541334  60.199532
   23.563038  60.203766
   23.574097  60.203613
   23.6297  60.196739
   23.641689  60.198032
   23.650784  60.212784
   23.64603  60.223534
   23.631973  60.23901
   23.611923  60.249603
   23.599625  60.253738
   23.59239  60.258518
   23.607273  60.262318
   23.618229  60.262783
   23.625566  60.261902
   23.630217  60.273945
   23.641069  60.283039
   23.683857  60.296371
   23.724579  60.319187
   23.73295  60.344147
   23.74618  60.370735
   23.764885  60.375256
   23.786074  60.392593
   23.793617  60.418533
   23.793205  60.434063
   23.779251  60.449696
   23.699671  60.451916
   23.693365  60.449642
   23.699671  60.451916
   23.719101  60.475998
   23.744215  60.486282
   23.851288  60.501606
   23.865034  60.512096
   23.862038  60.528862
   23.855526  60.542301
   23.861418  60.556332
   23.873716  60.55938
   23.893044  60.570877
   23.907824  60.587776
   23.913921  60.597488
   23.906376  60.608833
   23.893869  60.611702
   23.880537  60.620384
   23.880951  60.633018
   23.885994  60.638008
   23.856468  60.650024
   23.766127  60.652424
   23.704632  60.661129
   23.652851  60.689552
   23.571306  60.697819
   23.528002  60.71278
   23.512499  60.726578
   23.477049  60.746525
   23.450899  60.745026
   23.356331  60.72694
   23.307756  60.722988
   23.267345  60.728207
   23.231998  60.739834
   23.176498  60.763733
   23.162441  60.779881
   23.169056  60.787815
   23.184456  60.802544
   23.20306  60.813755
   23.215668  60.819542
   23.212051  60.829311
   23.165749  60.834324
   23.141977  60.84621
   23.138256  60.870911
   23.157688  60.890236
   23.192207  60.895351
   23.251015  60.891426
   23.267138  60.893337
   23.469297  60.964211
   23.460098  60.979378
   23.457928  60.982197
   23.473948  60.985943
   23.585464  60.985737
   23.66329  61.004314
   23.707008  61.007
   23.722925  61.002323
   23.778942  60.993073
   23.835682  60.95013
   23.852322  60.946331
   23.865965  60.959225
   23.861935  60.967079
   23.851082  60.980282
   23.83651  60.990437
   23.827724  60.994366
   23.825243  60.999687
   23.85253  61.008705
   23.871132  61.017414
   23.878057  61.02718
   23.865862  61.035088
   23.853666  61.03524
   23.80447  61.026768
   23.796408  61.028316
   23.798269  61.031883
   23.802713  61.04475
   23.80447  61.048367
   23.800026  61.052166
   23.766953  61.057152
   23.778528  61.068314
   23.797958  61.07534
   23.932627  61.093121
   24.032879  61.121387
   24.088587  61.128929
   24.14016  61.125416
   24.136852  61.136372
   24.135715  61.138851
   24.187082  61.147251
   24.228216  61.158283
   24.282167  61.184017
   24.293846  61.195412
   24.287645  61.197197
   24.274105  61.20425
   24.265528  61.215694
   24.267904  61.23156
   24.279478  61.237141
   24.343662  61.238174
   24.380352  61.243809
   24.517502  61.29073
   24.550781  61.295948
   24.58437  61.294811
   24.655581  61.27874
   24.687826  61.274399
   24.714079  61.2836
   24.724413  61.298145
   24.736506  61.31039
   24.742603  61.304218
   24.764515  61.277138
   24.778673  61.268665
   24.804203  61.267475
   24.881201  61.284115
   24.891432  61.292667
   24.890501  61.298637
   24.894119  61.308327
   24.90373  61.316181
   24.918304  61.322304
   24.901148  61.339977
   24.899183  61.36145
   24.903008  61.384884
   24.903627  61.408371
   24.895462  61.421059
   24.880167  61.435837
   24.865284  61.454155
   24.860012  61.465397
   24.869728  61.474129
   24.958199  61.45594
   24.966879  61.451134
   25.403339  61.484051
   25.426489  61.490356
   25.44375  61.503532
   25.461008  61.527046
   25.47703  61.564358
   25.502455  61.653679
   25.516199  61.678043
   25.530876  61.681454
   25.582241  61.675407
   25.597643  61.679131
   25.633505  61.695873
   25.664305  61.703728
   25.690866  61.705898
   25.739338  61.704502
   25.757322  61.702385
   25.748434  61.693291
   25.76404  61.693031
   25.779543  61.701427
   25.816441  61.735043
   25.845068  61.7738
   25.851166  61.786201
   25.862019  61.798038
   25.870907  61.79504
   25.877935  61.787132
   25.875557  61.77623
   25.870598  61.769203
   25.874937  61.760208
   25.885067  61.758789
   25.901087  61.761009
   25.912146  61.77039
   25.915865  61.778763
   25.924858  61.783722
   25.964441  61.766617
   25.978394  61.758091
   25.986559  61.748737
   25.99958  61.727318
   26.009296  61.720676
   26.030277  61.71817
   26.052395  61.727497
   26.065416  61.719177
   26.070171  61.713547
   26.077923  61.709671
   26.081644  61.705021
   26.079887  61.700188
   26.071722  61.686829
   26.067381  61.677063
   26.062004  61.670139
   26.057253  61.668224
   26.057562  61.665642
   26.067381  61.656597
   26.07782  61.651535
   26.119057  61.642906
   26.146135  61.626316
   26.15554  61.626625
   26.164223  61.631329
   26.252588  61.649673
   26.289383  61.652077
   26.303955  61.649933
   26.31212  61.638462
   26.307882  61.632389
   26.306953  61.624146
   26.311707  61.616703
   26.319458  61.607635
   26.330517  61.609417
   26.354599  61.617531
   26.358318  61.624146
   26.357801  61.629108
   26.360697  61.636395
   26.372789  61.651947
   26.394699  61.656212
   26.496605  61.630993
   26.515001  61.638462
   26.529058  61.686363
   26.529161  61.70166
   26.521099  61.715458
   26.487717  61.747677
   26.474384  61.758377
   26.386431  61.804546
   26.377956  61.812454
   26.372995  61.828682
   26.37899  61.865578
   26.37899  61.875343
   26.370102  61.883999
   26.34013  61.884544
   26.334135  61.883846
   26.345814  61.914619
   26.347467  61.939526
   26.3608  61.957485
   26.386639  61.965183
   26.390253  61.990299
   26.247524  62.100655
   26.244837  62.136673
   26.334032  62.197342
   26.399971  62.223385
   26.424671  62.223747
   26.453094  62.212173
   26.460846  62.213982
   26.475107  62.219147
   26.487923  62.226383
   26.493711  62.230724
   26.496088  62.23682
   26.493092  62.237854
   26.488131  62.238605
   26.483583  62.239819
   26.499498  62.250954
   26.520273  62.25576
   26.533089  62.256744
   26.557377  62.253902
   26.568436  62.24992
   26.595928  62.23558
   26.622385  62.227261
   26.647604  62.226177
   26.656803  62.230465
   26.64657  62.235451
   26.635822  62.246021
   26.635717  62.253925
   26.633032  62.267826
   26.627037  62.279556
   26.622593  62.284546
   26.626934  62.295837
   26.655458  62.30064
   26.669825  62.30648
   26.676336  62.31134
   26.679127  62.318394
   26.676233  62.319221
   26.668791  62.320332
   26.666103  62.321365
   26.673132  62.333042
   26.685328  62.340305
   26.7153  62.348236
   26.763462  62.354332
   26.76646  62.362083
   26.693596  62.393429
   26.687292  62.404613
   26.69339  62.411385
   26.69804  62.417999
   26.705275  62.431641
   26.711786  62.451279
   26.686567  62.461098
   26.618149  62.464302
   26.589106  62.470604
   26.488131  62.511742
   26.481825  62.524555
   26.582491  62.582432
   26.594997  62.594009
   26.592207  62.599487
   26.588692  62.600056
   26.584869  62.600262
   26.581871  62.600933
   26.591999  62.610752
   26.59696  62.625481
   26.583216  62.657467
   26.56151  62.689247
   26.537119  62.703407
   26.52668  62.722321
   26.52079  62.736351
   26.506527  62.748676
   26.472111  62.767021
   26.440277  62.779217
   26.415577  62.780277
   26.394699  62.765419
   26.374752  62.754414
   26.360489  62.757515
   26.174145  62.831928
   26.161741  62.843941
   26.183237  62.858746
   26.187477  62.861126
   26.167219  62.871975
   26.101488  62.89151
   26.068001  62.907581
   26.052189  62.921017
   26.063868  62.937527
   26.18417  62.954014
   26.24029  62.951092
   26.280184  62.944736
   26.290831  62.945461
   26.310984  62.955795
   26.324316  62.968819
   26.318838  62.981377
   26.301165  62.982563
   26.272123  62.991711
   26.247627  63.006721
   26.236776  63.015121
   26.233883  63.032227
   26.244011  63.037548
   26.269436  63.04137
   26.313568  63.038506
   26.300131  63.050724
   26.27202  63.064186
   26.234295  63.094185
   26.20236  63.124699
   26.160915  63.151443
   26.155748  63.181854
   26.154818  63.202759
   26.161121  63.211647
   26.183134  63.215858
   26.184376  63.22813
   26.165668  63.256603
   26.133837  63.316135
   26.109859  63.342388
   26.09384  63.351173
   26.087223  63.368019
   26.099524  63.379776
   26.163292  63.429798
   26.17001  63.44331
   26.148203  63.453182
   26.137762  63.456284
   26.029037  63.434631
   25.971056  63.43029
   25.912146  63.43853
   25.86729  63.457264
   25.786674  63.503361
   25.736341  63.517673
   25.491396  63.531548
   25.445093  63.541702
   25.358379  63.582115
   25.310528  63.592319
   25.231565  63.600925
   25.190535  63.596737
   25.150537  63.575447
   25.121805  63.538033
   25.105165  63.500465
   25.080671  63.471035
   25.028685  63.458038
   25.000675  63.484005
   24.768648  63.604595
   24.630363  63.658981
   24.564423  63.702106
   24.448462  63.810059
   24.408257  63.834141
   24.356581  63.850212
   24.271729  63.868118
   24.243099  63.883801
   24.240723  63.892689
   24.226976  63.917393
   24.223875  63.925373
   24.193695  63.935528
   24.145224  63.958992
   24.127241  63.977749
   24.101816  64.023636
   24.093962  64.047722
   24.036394  64.077843
   23.882191  64.11071
   23.706491  64.168076
END
END
