POLY
1
   29.545824  66.431969
   29.306253  66.429848
   29.220263  66.417549
   29.169104  66.419205
   28.734505  66.484367
   28.689339  66.473
   28.684999  66.467491
   28.68045  66.452583
   28.676111  66.427521
   28.669392  66.41507
   28.657507  66.410828
   28.623917  66.410912
   28.610792  66.409126
   28.590948  66.399719
   28.570898  66.386078
   28.553947  66.367836
   28.543612  66.344681
   28.548161  66.310631
   28.573689  66.286087
   28.610895  66.270119
   28.650581  66.260216
   28.650066  66.258568
   28.646862  66.25177
   28.646242  66.250221
   28.659883  66.25061
   28.696987  66.257195
   28.720861  66.258904
   28.735641  66.25782
   28.748974  66.251953
   28.745564  66.244507
   28.748043  66.242523
   28.756622  66.24128
   28.761894  66.239937
   28.764063  66.238899
   28.761377  66.233192
   28.741016  66.210533
   28.736572  66.206505
   28.737192  66.201538
   28.742567  66.199684
   28.765408  66.189034
   28.762617  66.181206
   28.733471  66.167793
   28.720449  66.158134
   28.719313  66.151024
   28.711044  66.136993
   28.698021  66.131958
   28.667946  66.126633
   28.619576  66.124596
   28.608519  66.11808
   28.62154  66.101959
   28.631876  66.092865
   28.638903  66.088524
   28.644484  66.083252
   28.635906  66.075554
   28.63353  66.073898
   28.695127  66.052505
   28.726133  66.045425
   28.74143  66.044907
   28.756519  66.042793
   28.756416  66.020569
   28.740499  66.004707
   28.721998  65.998245
   28.675386  65.992249
   28.547539  65.999123
   28.460102  65.988014
   28.436953  65.987137
   28.413593  65.990105
   28.413904  65.991478
   28.417625  65.999176
   28.418142  66.000626
   28.414318  66.003029
   28.410286  66.00341
   28.38941  66.003258
   28.387548  66.000465
   28.389202  65.996796
   28.393957  65.982819
   28.395922  65.979225
   28.396128  65.975349
   28.382278  65.973076
   28.376284  65.96962
   28.394163  65.957474
   28.415245  65.949104
   28.496691  65.901505
   28.51457  65.874634
   28.505371  65.859131
   28.470024  65.838615
   28.422998  65.82885
   28.331223  65.824974
   28.238928  65.808022
   28.19397  65.805389
   27.764952  65.829315
   27.765469  65.831589
   27.769707  65.842674
   27.742834  65.858101
   27.720406  65.878586
   27.682993  65.924606
   27.637724  65.953651
   27.599897  65.951118
   27.567755  65.934013
   27.573025  65.93055
   27.554319  65.924919
   27.535509  65.926132
   27.430708  65.951736
   27.40032  65.941605
   27.169432  65.78405
   27.102148  65.750847
   26.841805  65.705215
   26.187994  65.718933
   26.164223  65.725807
   26.158434  65.741798
   26.158331  65.768753
   26.162983  65.809288
   26.128359  65.813942
   25.875765  65.759399
   25.762283  65.746376
   25.505968  65.753273
   25.388248  65.736145
   25.192499  65.647774
   25.123459  65.606384
   25.093176  65.591911
   24.13302  65.512688
   24.144461  65.395668
   24.15451  65.29248
   24.099541  65.127411
   24.08387  65.08017
   24.02949  64.992928
   23.968941  64.895462
   23.908449  64.797729
   23.86853  64.733032
   23.862659  64.722229
   23.8358  64.665482
   23.520901  64.584991
   23.205999  64.504272
   23.13969  64.48336
   23.098181  64.465431
   23.062571  64.445671
   23.02766  64.419052
   23.00178  64.387901
   22.98498  64.349869
   22.961149  64.2201
   23.706491  64.168076
   23.882191  64.11071
   24.036394  64.077843
   24.093962  64.047722
   24.101816  64.023636
   24.127241  63.977749
   24.145224  63.958992
   24.193695  63.935528
   24.223875  63.925373
   24.226976  63.917393
   24.240723  63.892689
   24.243099  63.883801
   24.271729  63.868118
   24.356581  63.850212
   24.408257  63.834141
   24.448462  63.810059
   24.564423  63.702106
   24.630363  63.658981
   24.768648  63.604595
   25.000675  63.484005
   25.028685  63.458038
   25.080671  63.471035
   25.105165  63.500465
   25.121805  63.538033
   25.150537  63.575447
   25.190535  63.596737
   25.231565  63.600925
   25.310528  63.592319
   25.358379  63.582115
   25.445093  63.541702
   25.491396  63.531548
   25.736341  63.517673
   25.786674  63.503361
   25.86729  63.457264
   25.912146  63.43853
   25.971056  63.43029
   26.029037  63.434631
   26.137762  63.456284
   26.167322  63.480801
   26.175488  63.490803
   26.180552  63.502792
   26.19161  63.538654
   26.199053  63.552967
   26.22024  63.570824
   26.244942  63.579479
   26.285662  63.588753
   26.28928  63.622707
   26.251865  63.781742
   26.238016  63.806854
   26.298582  63.853779
   26.69401  64.005264
   26.872086  64.033401
   27.38792  63.97258
   27.410452  63.964157
   27.436186  63.946098
   27.445177  63.944859
   27.462025  63.94429
   27.48962  63.947208
   27.498817  63.952248
   27.496647  63.95496
   27.495098  63.955811
   27.522072  63.956844
   27.55039  63.952713
   27.642168  63.924679
   27.744694  63.908295
   28.008038  63.797813
   28.046072  63.788921
   28.082865  63.775642
   28.152008  63.722027
   28.226318  63.700142
   28.244095  63.686993
   28.260839  63.678646
   28.287193  63.685001
   28.30652  63.697506
   28.326054  63.714924
   28.344038  63.734509
   28.358404  63.753422
   28.441189  63.824944
   28.455763  63.841919
   28.462481  63.852848
   28.464443  63.867496
   28.465477  63.871346
   28.5186  63.882019
   28.572035  63.883362
   28.9347  63.841995
   29.656206  63.873363
   29.671606  63.869125
   29.686592  63.858013
   29.735891  63.732182
   29.743126  63.724792
   29.758732  63.715595
   29.766586  63.714146
   29.783226  63.715179
   29.93009  63.748047
   29.982491  63.751976
   29.982546  63.751957
   29.972193  63.75716
   30.15497  63.80233
   30.22492  63.815659
   30.26086  63.82214
   30.32251  63.909882
   30.3542  63.931549
   30.36171  63.936562
   30.44776  63.983002
   30.492701  64.017601
   30.52825  64.04911
   30.55365  64.101784
   30.55381  64.131981
   30.516939  64.154602
   30.466909  64.204338
   30.509291  64.222649
   30.483431  64.26165
   30.386829  64.268829
   30.36051  64.280487
   30.367531  64.300034
   30.302731  64.319618
   30.286871  64.329353
   30.207029  64.351059
   30.13925  64.357643
   30.13656  64.358131
   30.10964  64.365273
   30.04538  64.401779
   30.0569  64.43409
   30.050079  64.442123
   30.059071  64.451042
   30.04668  64.471352
   30.02454  64.482841
   30.02923  64.498871
   30.01531  64.504059
   29.98704  64.53363
   29.99774  64.577179
   29.98962  64.587631
   30.05163  64.614983
   30.11809  64.626068
   30.130449  64.634239
   30.13657  64.64888
   30.05471  64.712357
   30.041969  64.7397
   30.086479  64.765892
   30.090309  64.766457
   30.086901  64.7742
   30.04339  64.792229
   30.008261  64.791512
   30.002939  64.793732
   29.89838  64.793411
   29.87945  64.792213
   29.869989  64.789963
   29.73966  64.789757
   29.68767  64.818764
   29.6985  64.837029
   29.68206  64.847542
   29.647039  64.867447
   29.61553  64.917389
   29.6101  64.927452
   29.61886  64.959343
   29.599661  64.994522
   29.61512  65.012199
   29.62508  65.06192
   29.710011  65.083488
   29.73542  65.091652
   29.82687  65.092041
   29.87134  65.103439
   29.896749  65.104843
   29.86816  65.119492
   29.85317  65.127159
   29.85817  65.12867
   29.859501  65.12867
   29.86067  65.129173
   29.86129  65.129791
   29.862671  65.130341
   29.865  65.130669
   29.865  65.13134
   29.8645  65.131844
   29.8615  65.131844
   29.859501  65.13134
   29.85767  65.130173
   29.856001  65.129997
   29.85383  65.129669
   29.85183  65.129173
   29.85133  65.12883
   29.85038  65.128593
   29.819349  65.144463
   29.89352  65.192963
   29.8867  65.205261
   29.859989  65.214912
   29.81637  65.222893
   29.764771  65.22863
   29.745689  65.225632
   29.701059  65.230568
   29.63479  65.2313
   29.60218  65.259979
   29.604971  65.273651
   29.64683  65.289032
   29.747169  65.347237
   29.731939  65.373711
   29.72794  65.400101
   29.733681  65.472198
   29.750019  65.483513
   29.75518  65.496933
   29.79797  65.525421
   29.86433  65.560211
   29.83885  65.573158
   29.81588  65.583542
   29.75449  65.609291
   29.72258  65.636841
   29.788561  65.65036
   29.85148  65.662903
   29.901369  65.672752
   29.93144  65.678513
   29.94105  65.680351
   29.97624  65.687447
   30.01709  65.696533
   30.04014  65.687134
   30.13846  65.668694
   30.13405  65.699768
   30.13344  65.702347
   30.12788  65.72187
   30.12328  65.740181
   30.121059  65.747932
   30.11478  65.767731
   30.108049  65.787468
   30.105169  65.794128
   30.08758  65.850601
   30.068609  65.895378
   30.059731  65.910278
   30.02504  65.95826
   30.02417  65.96685
   29.997499  65.978577
   29.98947  66.019577
   29.993139  66.02066
   29.99234  66.022636
   29.984501  66.024429
   29.981421  66.029289
   29.974199  66.040672
   29.98093  66.043961
   29.97126  66.045868
   29.923941  66.126251
   29.82284  66.194092
   29.70982  66.268143
   29.708509  66.267914
   29.70603  66.266907
   29.70414  66.266762
   29.701811  66.266762
   29.69985  66.266968
   29.69795  66.267639
   29.69664  66.268501
   29.69577  66.2696
   29.694679  66.270721
   29.69504  66.271133
   29.695921  66.271507
   29.697809  66.271889
   29.702551  66.271942
   29.704611  66.272171
   29.70574  66.272583
   29.706421  66.272957
   29.70681  66.273277
   29.70702  66.27372
   29.707041  66.274101
   29.706421  66.274712
   29.70488  66.275337
   29.702829  66.275803
   29.701469  66.276711
   29.69976  66.277672
   29.697941  66.277313
   29.69692  66.278542
   29.696239  66.280052
   29.692369  66.283249
   29.663321  66.317711
   29.63109  66.366577
   29.574892  66.431892
   29.545824  66.431969
END
END
