POLY
1
   30.40934  62.016636
   20.796736  62.025124
   20.903204  61.646248
   20.77145  61.126907
   20.545586  60.90181
   20.025166  60.727554
   19.604992  60.690792
   19.220211  60.611511
   19.161173  60.374916
   19.08321  60.191689
   19.940657  59.595058
   19.994509  59.59111
   20.284336  59.466084
   20.347149  59.454159
   20.760866  59.532482
   21.486349  59.475811
   22.396557  59.513096
   22.634573  59.607956
   22.857447  59.635612
   23.352049  59.656876
   24.206091  59.783707
   24.488317  59.817066
   24.929976  59.921349
   25.169352  59.943439
   25.582689  59.9282
   26.017305  59.976795
   26.075069  60.014065
   26.188557  60.038219
   26.29471  60.046524
   26.491959  60.153515
   26.611013  60.161755
   26.741516  60.18924
   26.932983  60.14563
   27.06883  60.143604
   27.29339  60.201267
   27.451517  60.222927
   27.725588  60.391838
   27.686415  60.433624
   27.747362  60.451191
   27.748121  60.46936
   27.756531  60.472126
   27.768085  60.504013
   27.77623  60.507805
   27.774046  60.53371
   27.814245  60.55426
   27.847286  60.561283
   27.838068  60.578411
   27.873144  60.604752
   28.135544  60.741432
   28.174011  60.77877
   28.220337  60.782867
   28.311451  60.840935
   28.323929  60.858215
   28.335705  60.85413
   28.465235  60.923233
   28.48387  60.925739
   28.52467  60.957138
   28.655474  60.949532
   28.683893  60.978703
   28.713594  61.044609
   28.804733  61.093582
   28.819292  61.121777
   28.883574  61.14267
   28.956879  61.151798
   28.986265  61.174255
   29.244337  61.270832
   29.241165  61.276165
   29.328123  61.351986
   29.502771  61.461094
   29.49646  61.49157
   29.607342  61.500244
   29.688347  61.551819
   29.740299  61.573704
   29.754612  61.603138
   29.810324  61.634991
   29.818548  61.654926
   29.845116  61.670116
   29.861164  61.670105
   29.867901  61.681713
   30.038729  61.764999
   30.071388  61.818684
   30.15642  61.858227
   30.195967  61.882137
   30.194155  61.890942
   30.211588  61.892769
   30.273228  61.933052
   30.300987  61.934998
   30.313019  61.945011
   30.304449  61.963223
   30.351858  61.980152
   30.40934  62.016636
END
END
