Relation 175342

1
   -0.2011515   51.3399662 
   -0.2014509   51.3399782 
   -0.2017446   51.339981  
   -0.2019173   51.3402417 
   -0.2037296   51.3395826 
   -0.2131526   51.3358519 
   -0.2117537   51.3333955 
   -0.211953    51.3328102 
   -0.2132855   51.3310668 
   -0.2144426   51.3294807 
   -0.2150746   51.3295833 
   -0.2173761   51.3296734 
   -0.2191516   51.3296906 
   -0.22046     51.3296673 
   -0.2210405   51.329864  
   -0.228627    51.3353775 
   -0.2288623   51.3365243 
   -0.2286779   51.3366496 
   -0.2268926   51.337856  
   -0.2268042   51.3379124 
   -0.2236575   51.3399206 
   -0.2232575   51.3398278 
   -0.222938    51.3400281 
   -0.2223642   51.3403877 
   -0.2220108   51.3405676 
   -0.222349    51.3407293 
   -0.2207677   51.3416563 
   -0.2194835   51.3423606 
   -0.2173948   51.3435061 
   -0.2180067   51.3456194 
   -0.2186962   51.3471823 
   -0.2204823   51.3515032 
   -0.2212889   51.351452  
   -0.2218106   51.3516229 
   -0.2217894   51.3523234 
   -0.221858    51.3536082 
   -0.2219235   51.3537747 
   -0.2220004   51.3539702 
   -0.222222    51.3545333 
   -0.2223627   51.3550139 
   -0.222395    51.3551241 
   -0.2225538   51.3557266 
   -0.2226292   51.3559845 
   -0.2226869   51.3562015 
   -0.223084    51.3568271 
   -0.2231652   51.3569759 
   -0.2232582   51.3572478 
   -0.2244485   51.3598954 
   -0.2268842   51.3624325 
   -0.227388    51.3629912 
   -0.2299682   51.3639856 
   -0.2329117   51.3659909 
   -0.2331462   51.3662126 
   -0.2339466   51.3654542 
   -0.2351697   51.3660303 
   -0.2362641   51.3666063 
   -0.2374013   51.3669279 
   -0.2375389   51.3669567 
   -0.2386888   51.3671154 
   -0.2388517   51.3669329 
   -0.2392038   51.3668475 
   -0.2407702   51.3670484 
   -0.2409917   51.3665273 
   -0.2410277   51.366191  
   -0.2412637   51.3661509 
   -0.2426799   51.3663518 
   -0.2446755   51.3666063 
   -0.2454567   51.3667155 
   -0.2460576   51.3668294 
   -0.2452148   51.3697429 
   -0.2449847   51.3726231 
   -0.2449096   51.3746725 
   -0.2449507   51.3794424 
   -0.2446445   51.3808898 
   -0.2678187   51.3763093 
   -0.2696984   51.3731    
   -0.2712176   51.3725321 
   -0.2723334   51.3720606 
   -0.2792428   51.3680954 
   -0.2804444   51.3675113 
   -0.2810624   51.3671202 
   -0.2819379   51.3662467 
   -0.2830108   51.3654054 
   -0.2841352   51.365191  
   -0.2847016   51.3647891 
   -0.285517    51.3641675 
   -0.2861093   51.3635619 
   -0.2864783   51.3632886 
   -0.2882564   51.3622943 
   -0.2887456   51.3620532 
   -0.2888572   51.3603007 
   -0.3047056   51.3376973 
   -0.3062506   51.3350698 
   -0.3113146   51.3323349 
   -0.312602    51.3320132 
   -0.3191252   51.3280445 
   -0.3214426   51.3275618 
   -0.3264208   51.3261674 
   -0.3287611   51.3263922 
   -0.3310785   51.3282694 
   -0.3295418   51.332778  
   -0.3290354   51.3403977 
   -0.3280511   51.3435278 
   -0.3302832   51.3479914 
   -0.32658     51.3527363 
   -0.3251333   51.355764  
   -0.3222151   51.3572112 
   -0.3226442   51.3595158 
   -0.3152974   51.3912488 
   -0.3184394   51.393184  
   -0.3192238   51.3927457 
   -0.3231578   51.3918488 
   -0.3246716   51.3914949 
   -0.325481    51.3914274 
   -0.3264026   51.3915086 
   -0.3275025   51.3917688 
   -0.328988    51.3926759 
   -0.3304549   51.3938283 
   -0.3325373   51.3961722 
   -0.3334158   51.3968244 
   -0.3349113   51.397839  
   -0.33654     51.399028  
   -0.3370832   51.3994363 
   -0.3380229   51.4004075 
   -0.338738    51.4011296 
   -0.3390573   51.4015843 
   -0.3402151   51.4026842 
   -0.3409827   51.4031196 
   -0.3423332   51.4035964 
   -0.3433111   51.4038727 
   -0.3474722   51.406184  
   -0.3545961   51.409664  
   -0.3550253   51.4107882 
   -0.3608617   51.4120731 
   -0.3669557   51.4111095 
   -0.3734308   51.413393  
   -0.3821826   51.4130459 
   -0.3866938   51.4142535 
   -0.3867578   51.414752  
   -0.3842214   51.4225215 
   -0.3842902   51.4222397 
   -0.3847912   51.4216573 
   -0.3849665   51.4213286 
   -0.3852921   51.4208589 
   -0.3853596   51.4207811 
   -0.3855141   51.4207811 
   -0.3855489   51.4207963 
   -0.3865383   51.4211971 
   -0.3882039   51.4218984 
   -0.3893436   51.4222741 
   -0.3898696   51.4224996 
   -0.3903392   51.4227626 
   -0.3910969   51.4219736 
   -0.3925434   51.4226812 
   -0.3952548   51.4232917 
   -0.398774    51.4234232 
   -0.4015793   51.4232291 
   -0.4055118   51.4225778 
   -0.4096322   51.4261346 
   -0.4099014   51.4261972 
   -0.4102019   51.4264101 
   -0.4103272   51.4265729 
   -0.4104524   51.426861  
   -0.4106027   51.4271615 
   -0.4108156   51.4273494 
   -0.4111788   51.4275373 
   -0.4114168   51.4275873 
   -0.4122684   51.4278003 
   -0.4129697   51.4280257 
   -0.4124562   51.4288022 
   -0.4142597   51.4293156 
   -0.4137086   51.4300671 
   -0.4177914   51.431069  
   -0.4170399   51.4321711 
   -0.4184175   51.4317703 
   -0.418906    51.4321711 
   -0.4193193   51.4323088 
   -0.4196699   51.4322963 
   -0.4211227   51.4321397 
   -0.4221246   51.4317578 
   -0.4226882   51.4315637 
   -0.4228948   51.4314071 
   -0.4233582   51.4311942 
   -0.4236525   51.4312443 
   -0.4240971   51.4312693 
   -0.425888    51.4314196 
   -0.4260007   51.4315887 
   -0.4269588   51.431595  
   -0.4274597   51.4316075 
   -0.4275223   51.4310314 
   -0.4275787   51.4308748 
   -0.4278104   51.4302925 
   -0.4279857   51.4293344 
   -0.428017    51.4290965 
   -0.4280358   51.4289149 
   -0.4280796   51.4288523 
   -0.4294197   51.4289023 
   -0.4294573   51.4288585 
   -0.4304592   51.4289211 
   -0.4306846   51.4290088 
   -0.4309163   51.4288648 
   -0.4321373   51.4289086 
   -0.4324254   51.4289462 
   -0.432582    51.4289086 
   -0.4327135   51.4288426 
   -0.4336872   51.4279505 
   -0.4345211   51.4280453 
   -0.434038    51.4292529 
   -0.4399585   51.4306244 
   -0.439852    51.4332168 
   -0.4398536   51.433886  
   -0.4397394   51.434379  
   -0.4396265   51.434413  
   -0.4394551   51.4344621 
   -0.4396089   51.4345499 
   -0.4397723   51.4347817 
   -0.4407185   51.4347964 
   -0.4407185   51.4350241 
   -0.4415546   51.435648  
   -0.4448801   51.4357853 
   -0.4448302   51.4361784 
   -0.4472729   51.4362938 
   -0.4463214   51.4399064 
   -0.4542922   51.4385181 
   -0.4558441   51.4383313 
   -0.4572542   51.4381129 
   -0.4572823   51.4444489 
   -0.4574694   51.4466296 
   -0.4576629   51.4477495 
   -0.4575537   51.4490005 
   -0.4579187   51.449169  
   -0.4612411   51.4490192 
   -0.4612006   51.4523541 
   -0.4597156   51.4522262 
   -0.4593568   51.4526349 
   -0.459126    51.4530342 
   -0.4589606   51.4534803 
   -0.4588015   51.455714  
   -0.4587173   51.4560946 
   -0.4671695   51.4600396 
   -0.4934059   51.4635069 
   -0.4943581   51.4639567 
   -0.4955949   51.4650105 
   -0.4977893   51.4665497 
   -0.498754    51.4669892 
   -0.4997857   51.4673169 
   -0.5009325   51.4675733 
   -0.5022176   51.4677708 
   -0.5035181   51.4678727 
   -0.5047751   51.4679424 
   -0.5080619   51.4678993 
   -0.5110354   51.4676356 
   -0.5092431   51.4724949 
   -0.5089994   51.4731555 
   -0.5057417   51.4754177 
   -0.5024905   51.4800918 
   -0.5024493   51.4802914 
   -0.5023142   51.4805938 
   -0.5017685   51.4815725 
   -0.5011185   51.4823289 
   -0.5005328   51.483052  
   -0.4998493   51.4832136 
   -0.4994528   51.4833528 
   -0.4993925   51.4834223 
   -0.4993862   51.4835083 
   -0.4994907   51.4837748 
   -0.4994836   51.4839991 
   -0.4994147   51.4843281 
   -0.4983164   51.4853184 
   -0.4985025   51.4862765 
   -0.498774    51.4874981 
   -0.4976429   51.4892174 
   -0.4960593   51.4905748 
   -0.4949282   51.4920226 
   -0.4927564   51.4929727 
   -0.4911276   51.4937419 
   -0.4905394   51.4946468 
   -0.4896093   51.4954903 
   -0.488708    51.4962651 
   -0.4896522   51.4975742 
   -0.4891372   51.4984826 
   -0.4899955   51.4987498 
   -0.48915     51.4995392 
   -0.4885921   51.5003407 
   -0.48812     51.5004208 
   -0.4872188   51.501062  
   -0.4862747   51.5009819 
   -0.4862747   51.5017833 
   -0.4856738   51.5019436 
   -0.485073    51.5026114 
   -0.485073    51.503493  
   -0.4855022   51.503867  
   -0.4848155   51.5040807 
   -0.4851159   51.5047485 
   -0.4844293   51.5053095 
   -0.4836568   51.5053896 
   -0.4833135   51.5058971 
   -0.4831418   51.5062711 
   -0.4827127   51.5068053 
   -0.4828843   51.507206  
   -0.4833135   51.5076067 
   -0.4832277   51.5080875 
   -0.483571    51.5083813 
   -0.4839572   51.5087552 
   -0.4843005   51.5089956 
   -0.4847297   51.5090757 
   -0.4858026   51.5103311 
   -0.486618    51.5103845 
   -0.487133    51.5104379 
   -0.4878196   51.5105448 
   -0.4887208   51.5111591 
   -0.4895362   51.5113995 
   -0.4900941   51.5118268 
   -0.4899225   51.5125212 
   -0.4900941   51.5132156 
   -0.4900512   51.5142572 
   -0.491167    51.5148982 
   -0.492197    51.5163136 
   -0.492197    51.517729  
   -0.4918536   51.5183966 
   -0.4913816   51.5192244 
   -0.4904374   51.5198653 
   -0.4907379   51.5209068 
   -0.4909095   51.5217613 
   -0.4904374   51.5226692 
   -0.4905233   51.5228561 
   -0.49018     51.5247252 
   -0.4904374   51.525633  
   -0.4908443   51.5260818 
   -0.4908529   51.5263968 
   -0.490767    51.5266318 
   -0.490604    51.5267813 
   -0.4903808   51.5268988 
   -0.4898315   51.5271711 
   -0.489677    51.5273099 
   -0.4893594   51.5278706 
   -0.4889131   51.5288638 
   -0.4889217   51.5290187 
   -0.4891105   51.5292643 
   -0.4896169   51.5299051 
   -0.4897972   51.5306953 
   -0.4898916   51.5312079 
   -0.4899345   51.5313093 
   -0.4901233   51.5316617 
   -0.4901748   51.5318326 
   -0.4901834   51.5324146 
   -0.4902349   51.5325961 
   -0.4903121   51.5326976 
   -0.4904409   51.532831  
   -0.490707    51.5329325 
   -0.4909902   51.5330179 
   -0.4910846   51.5331247 
   -0.4910465   51.533339  
   -0.4908662   51.5335579 
   -0.490686    51.5338035 
   -0.4905954   51.5339523 
   -0.4906469   51.5340964 
   -0.4907842   51.5341819 
   -0.4912649   51.5343634 
   -0.4913936   51.5345129 
   -0.4917026   51.5352176 
   -0.4918571   51.5354952 
   -0.4921232   51.5356981 
   -0.492621    51.5359384 
   -0.4933076   51.5361252 
   -0.4937282   51.536248  
   -0.493917    51.5363708 
   -0.494226    51.5367872 
   -0.4943462   51.5371129 
   -0.4945007   51.5373318 
   -0.4947238   51.5375881 
   -0.4953762   51.5381112 
   -0.4955049   51.5383461 
   -0.495462    51.5385437 
   -0.4947925   51.5390402 
   -0.4945178   51.5393978 
   -0.4940715   51.5400384 
   -0.4936401   51.5406312 
   -0.4935574   51.5409161 
   -0.4934201   51.5410781 
   -0.4927831   51.5412408 
   -0.4919497   51.5414407 
   -0.491819    51.5416397 
   -0.4918962   51.5418942 
   -0.4920017   51.5421532 
   -0.492091    51.5424052 
   -0.4920381   51.5427934 
   -0.4916102   51.5433841 
   -0.4915188   51.5437278 
   -0.4913927   51.5442748 
   -0.491112    51.5444739 
   -0.4910264   51.5446266 
   -0.4908856   51.5448043 
   -0.4908144   51.5449417 
   -0.4908295   51.545056  
   -0.4909518   51.5451977 
   -0.4913291   51.5452221 
   -0.4915062   51.5452776 
   -0.4915928   51.5453735 
   -0.491496    51.5456743 
   -0.491478    51.5458354 
   -0.4913766   51.5460545 
   -0.4911431   51.5461916 
   -0.4905275   51.5461299 
   -0.4897909   51.5461547 
   -0.48943     51.5462742 
   -0.489243    51.5464285 
   -0.4892354   51.5466133 
   -0.4894214   51.5468047 
   -0.4894993   51.5470259 
   -0.4894563   51.5471755 
   -0.4893562   51.547261  
   -0.488647    51.5473031 
   -0.488424    51.547312  
   -0.4883043   51.5473276 
   -0.4880854   51.5475373 
   -0.4879197   51.5477525 
   -0.4876786   51.5481673 
   -0.4874742   51.5490041 
   -0.4868315   51.5498146 
   -0.4862732   51.5502232 
   -0.4857702   51.5505147 
   -0.4851776   51.550771  
   -0.4854952   51.5509525 
   -0.485746    51.5512182 
   -0.486459    51.5520003 
   -0.4872891   51.5527777 
   -0.4871346   51.5531086 
   -0.4869887   51.5534929 
   -0.4867618   51.5537268 
   -0.4868256   51.5540906 
   -0.4870487   51.5546082 
   -0.4871689   51.5549284 
   -0.4870745   51.5552433 
   -0.4874522   51.5554674 
   -0.4876324   51.5556649 
   -0.4874865   51.555809  
   -0.487538    51.5562146 
   -0.4872633   51.5565614 
   -0.4870745   51.5569136 
   -0.4860274   51.5576874 
   -0.4847485   51.5585839 
   -0.4843068   51.5590028 
   -0.4842752   51.5593863 
   -0.4847308   51.5598781 
   -0.4845049   51.5613023 
   -0.4838682   51.5619059 
   -0.4836557   51.5619972 
   -0.4832237   51.562183  
   -0.4828419   51.5627621 
   -0.482592    51.5635706 
   -0.4822905   51.5639417 
   -0.4831918   51.5648774 
   -0.4833943   51.5658802 
   -0.4837234   51.5664638 
   -0.4847504   51.566804  
   -0.4846198   51.5675022 
   -0.4844703   51.5686259 
   -0.4844703   51.5693408 
   -0.4839983   51.5709306 
   -0.484127    51.5713467 
   -0.4848995   51.5721043 
   -0.4856495   51.5737551 
   -0.484012    51.5746698 
   -0.4839984   51.5752259 
   -0.4875208   51.5761494 
   -0.489282    51.5782359 
   -0.4890451   51.5788947 
   -0.4886331   51.5792681 
   -0.4885902   51.5796895 
   -0.4890365   51.5808629 
   -0.4897692   51.581907  
   -0.4907376   51.58261   
   -0.4916033   51.5830315 
   -0.4943521   51.5842693 
   -0.4951652   51.5848648 
   -0.4955053   51.5867831 
   -0.4959344   51.5874764 
   -0.4963207   51.5884363 
   -0.4973936   51.5896628 
   -0.4974275   51.5901368 
   -0.4975076   51.590518  
   -0.4978509   51.5908806 
   -0.4986835   51.5909872 
   -0.4985375   51.5914778 
   -0.4986491   51.5918244 
   -0.4992242   51.5919577 
   -0.4995074   51.5921817 
   -0.4990954   51.5927469 
   -0.4985805   51.5933548 
   -0.4985118   51.5943465 
   -0.4994388   51.5952316 
   -0.4995589   51.5955516 
   -0.4995589   51.59633   
   -0.499928    51.597327  
   -0.5004859   51.598516  
   -0.5004602   51.599497  
   -0.5008722   51.6001419 
   -0.500725    51.6005183 
   -0.5001782   51.6011485 
   -0.4994221   51.6012676 
   -0.498696    51.6010527 
   -0.4980953   51.6007962 
   -0.4974422   51.6009385 
   -0.4966989   51.6012019 
   -0.496412    51.6018151 
   -0.4961003   51.6021404 
   -0.4963172   51.6024522 
   -0.496688    51.6026369 
   -0.4972926   51.6035212 
   -0.4969367   51.6040381 
   -0.4979132   51.6061877 
   -0.497924    51.6065853 
   -0.4986149   51.6082751 
   -0.4990119   51.608515  
   -0.4992334   51.6089747 
   -0.4989728   51.6093986 
   -0.4986946   51.609444  
   -0.4983799   51.6095996 
   -0.498623    51.6098218 
   -0.4989451   51.6100886 
   -0.4989523   51.6106594 
   -0.49854     51.6113315 
   -0.4984369   51.6120036 
   -0.4981276   51.6125477 
   -0.4979215   51.6131559 
   -0.4979215   51.613828  
   -0.4979215   51.6145321 
   -0.4976638   51.6150761 
   -0.4966961   51.6159149 
   -0.4962068   51.6167412 
   -0.4960245   51.6175319 
   -0.495605    51.6181712 
   -0.4954226   51.6188615 
   -0.4957764   51.619722  
   -0.4968974   51.6203476 
   -0.4986753   51.6209741 
   -0.4998022   51.6217982 
   -0.5001263   51.6224999 
   -0.5001932   51.6234555 
   -0.4996578   51.6242865 
   -0.4987208   51.6252837 
   -0.4982523   51.6256161 
   -0.4979177   51.6262808 
   -0.4977839   51.6268625 
   -0.4981854   51.6272779 
   -0.4986494   51.6277671 
   -0.4992179   51.6284434 
   -0.4992179   51.6290315 
   -0.4983652   51.6297666 
   -0.4972757   51.6302959 
   -0.4964231   51.6307664 
   -0.4957125   51.6312956 
   -0.4949546   51.6311192 
   -0.4941493   51.630884  
   -0.4932019   51.6307076 
   -0.492823    51.6306782 
   -0.4921124   51.6306488 
   -0.4911177   51.6304723 
   -0.4903598   51.6300901 
   -0.4900282   51.6294726 
   -0.4895071   51.6288257 
   -0.4890808   51.6282082 
   -0.488465    51.6276201 
   -0.4879439   51.6270026 
   -0.4874229   51.6264438 
   -0.4860491   51.6257969 
   -0.4847702   51.6253558 
   -0.483207    51.6246206 
   -0.4818806   51.6241795 
   -0.4805543   51.623709  
   -0.4795595   51.6231796 
   -0.4786121   51.622562  
   -0.4776174   51.6222091 
   -0.4768121   51.6219445 
   -0.4759121   51.6215621 
   -0.4757226   51.6210034 
   -0.4749647   51.6206798 
   -0.4740647   51.620121  
   -0.4732594   51.6196505 
   -0.4726909   51.6192093 
   -0.4718857   51.618827  
   -0.4711751   51.6185329 
   -0.4698488   51.6176211 
   -0.4694225   51.6172093 
   -0.4687593   51.6167681 
   -0.4677645   51.6162387 
   -0.4668645   51.6158858 
   -0.4653013   51.6152975 
   -0.4645908   51.6149151 
   -0.4628855   51.6142386 
   -0.4618175   51.61378   
   -0.4602647   51.6132417 
   -0.4595913   51.6130213 
   -0.459151    51.6128689 
   -0.4584713   51.6125843 
   -0.4573148   51.612303  
   -0.4564678   51.6124233 
   -0.4549013   51.6128814 
   -0.4530914   51.6137081 
   -0.4526152   51.6139466 
   -0.4500085   51.6148391 
   -0.4483933   51.6154072 
   -0.4475574   51.6166264 
   -0.4469035   51.6181191 
   -0.4457007   51.6196615 
   -0.4453012   51.6197279 
   -0.444744    51.6196702 
   -0.4440732   51.6196023 
   -0.4435755   51.6195037 
   -0.4428891   51.6193678 
   -0.4410212   51.6194782 
   -0.4393312   51.6198648 
   -0.4372853   51.6195887 
   -0.4353284   51.6190916 
   -0.4328379   51.6185946 
   -0.4306141   51.6181527 
   -0.4283014   51.6178214 
   -0.4265225   51.6174348 
   -0.4246545   51.6171586 
   -0.4228755   51.6171586 
   -0.4184281   51.6169929 
   -0.4162933   51.6166615 
   -0.4143364   51.6158883 
   -0.4123795   51.6150598 
   -0.4106005   51.6142313 
   -0.4084658   51.6140656 
   -0.4059752   51.6138999 
   -0.4035813   51.6132924 
   -0.402542    51.6132938 
   -0.3994688   51.6131975 
   -0.3993021   51.613411  
   -0.3971346   51.6141668 
   -0.3922931   51.6150998 
   -0.3905827   51.6152822 
   -0.388719    51.6155569 
   -0.3863174   51.6159435 
   -0.3845384   51.6164406 
   -0.3829373   51.6169929 
   -0.3818003   51.6174057 
   -0.3803927   51.6174004 
   -0.3780581   51.6176882 
   -0.3742043   51.6186687 
   -0.3716122   51.6193082 
   -0.3701788   51.6198998 
   -0.3691977   51.6203353 
   -0.3664549   51.6209965 
   -0.3647015   51.6215407 
   -0.3631687   51.6222386 
   -0.3611249   51.6235074 
   -0.3602052   51.6240784 
   -0.3594256   51.6246761 
   -0.3575483   51.6252203 
   -0.3560155   51.6253472 
   -0.3536652   51.6258547 
   -0.3516215   51.6262285 
   -0.3495777   51.6266258 
   -0.3481577   51.6271934 
   -0.3464633   51.6277711 
   -0.3437367   51.6286291 
   -0.3427311   51.6293436 
   -0.3410961   51.6296608 
   -0.339546    51.6303639 
   -0.338448    51.6294637 
   -0.3381413   51.6294192 
   -0.3361455   51.6309644 
   -0.3330625   51.6330535 
   -0.3329451   51.6341952 
   -0.3320732   51.6343275 
   -0.329749    51.6354152 
   -0.3269029   51.6367417 
   -0.3246439   51.6375257 
   -0.321987    51.6382233 
   -0.3200455   51.6387306 
   -0.3194323   51.6396185 
   -0.318717    51.6404429 
   -0.3177576   51.6409807 
   -0.3159268   51.6400826 
   -0.3049325   51.6368787 
   -0.3048754   51.6365933 
   -0.3046991   51.6363512 
   -0.3045574   51.6362514 
   -0.3043899   51.636215  
   -0.3042785   51.6363497 
   -0.3041454   51.6364345 
   -0.3038578   51.6364302 
   -0.3035523   51.6363557 
   -0.3032446   51.6362511 
   -0.302947    51.6361245 
   -0.3022057   51.6363256 
   -0.3012293   51.6361782 
   -0.3004904   51.6359489 
   -0.2998043   51.6357196 
   -0.2983265   51.6357359 
   -0.2973238   51.6357359 
   -0.2966377   51.6355885 
   -0.2962418   51.6354739 
   -0.2947377   51.6356213 
   -0.2943155   51.6356541 
   -0.2937085   51.6357851 
   -0.2929433   51.6360471 
   -0.2921252   51.6363911 
   -0.2915447   51.6365221 
   -0.290278    51.6366367 
   -0.2894864   51.6366204 
   -0.2886947   51.6365712 
   -0.2878503   51.6366204 
   -0.2873753   51.636604  
   -0.2869794   51.6365876 
   -0.2866628   51.6367023 
   -0.2863461   51.6368169 
   -0.2858007   51.6370024 
   -0.2851233   51.6372546 
   -0.2844967   51.6375489 
   -0.2837346   51.6378747 
   -0.2830234   51.6380429 
   -0.2820919   51.6382111 
   -0.2813468   51.6383792 
   -0.2807032   51.6383582 
   -0.2799581   51.6383162 
   -0.2791282   51.6382846 
   -0.2782645   51.6383582 
   -0.2769266   51.6386735 
   -0.2762831   51.6388102 
   -0.2755888   51.6387891 
   -0.2746397   51.63875   
   -0.273963    51.6386525 
   -0.2742112   51.6388928 
   -0.2743186   51.6391255 
   -0.2742812   51.6393539 
   -0.2741323   51.6397666 
   -0.2738952   51.6401239 
   -0.2736581   51.6405233 
   -0.2733364   51.6409542 
   -0.2732347   51.641259  
   -0.2729468   51.641837  
   -0.2728685   51.6420973 
   -0.2723586   51.642191  
   -0.2719432   51.6422028 
   -0.2713766   51.6421559 
   -0.2706968   51.6421207 
   -0.2701869   51.6421207 
   -0.2697337   51.6422379 
   -0.2692616   51.6423082 
   -0.2687706   51.6423317 
   -0.2682796   51.6424196 
   -0.2683362   51.6426657 
   -0.2683362   51.6429118 
   -0.2684118   51.6432633 
   -0.2683362   51.643779  
   -0.2677319   51.6439079 
   -0.2671276   51.6440016 
   -0.2664667   51.6440719 
   -0.2655791   51.6440368 
   -0.2650692   51.6439547 
   -0.2646726   51.6438376 
   -0.2643705   51.6436149 
   -0.2642005   51.6438141 
   -0.2640117   51.6437672 
   -0.2631996   51.6447868 
   -0.2628031   51.6446461 
   -0.2625198   51.6444586 
   -0.262161    51.644318  
   -0.2617644   51.6441657 
   -0.2615189   51.643943  
   -0.2612734   51.6435915 
   -0.2610846   51.6431227 
   -0.2609146   51.6428297 
   -0.2605936   51.6426305 
   -0.259763    51.6423025 
   -0.2596372   51.6422595 
   -0.2583391   51.6419843 
   -0.2573455   51.6418029 
   -0.2568268   51.6427233 
   -0.2560597   51.6434351 
   -0.2557748   51.6433217 
   -0.2556406   51.6432735 
   -0.2554889   51.6432228 
   -0.2554189   51.643259  
   -0.2553139   51.6433821 
   -0.2551389   51.6434979 
   -0.2548939   51.6435776 
   -0.2546256   51.643592  
   -0.2543388   51.6437287 
   -0.254088    51.6440257 
   -0.2523084   51.6463924 
   -0.2514092   51.6479322 
   -0.2505633   51.6506063 
   -0.2501612   51.6524419 
   -0.249816    51.6541756 
   -0.2497506   51.6544871 
   -0.2497469   51.6545931 
   -0.250315    51.6546544 
   -0.2506007   51.6547546 
   -0.2509236   51.6549087 
   -0.2511596   51.6551091 
   -0.2512962   51.655294  
   -0.2511845   51.6553248 
   -0.2512217   51.6554404 
   -0.2512217   51.6555329 
   -0.2511348   51.6556793 
   -0.2509733   51.6558334 
   -0.2507373   51.6559104 
   -0.2506007   51.6559798 
   -0.2506007   51.6560877 
   -0.2502902   51.6561647 
   -0.250166    51.6561031 
   -0.24993     51.65608   
   -0.2497685   51.6561262 
   -0.2496691   51.6562187 
   -0.2489115   51.6559104 
   -0.2487873   51.6557949 
   -0.248601    51.655687  
   -0.2482408   51.655556  
   -0.24798     51.6553942 
   -0.2478557   51.6552709 
   -0.2477348   51.6552898 
   -0.2470767   51.6554856 
   -0.2462428   51.6557593 
   -0.2450933   51.6561822 
   -0.2443097   51.6565893 
   -0.2432863   51.6568714 
   -0.2423008   51.656942  
   -0.2412015   51.6572712 
   -0.2406709   51.6569655 
   -0.2398784   51.657192  
   -0.237862    51.6578918 
   -0.238132    51.6583208 
   -0.2367487   51.6587332 
   -0.2356371   51.6590091 
   -0.2346842   51.6590288 
   -0.2340807   51.6582604 
   -0.2328103   51.6586544 
   -0.2314128   51.6592061 
   -0.2298882   51.6597578 
   -0.2293165   51.6599942 
   -0.2291259   51.6598169 
   -0.2285542   51.6599942 
   -0.2283954   51.6595017 
   -0.2282366   51.6591273 
   -0.2285235   51.659022  
   -0.2272864   51.6577284 
   -0.2264158   51.657123  
   -0.2257592   51.6574722 
   -0.225918    51.6576299 
   -0.2241393   51.6584968 
   -0.2221701   51.6595214 
   -0.220582    51.6603489 
   -0.2200678   51.6605577 
   -0.2191852   51.660884  
   -0.218866    51.6602293 
   -0.2170987   51.6606955 
   -0.2148645   51.6617149 
   -0.2133421   51.6624124 
   -0.2121341   51.6614569 
   -0.2109705   51.6618032 
   -0.2079091   51.6627755 
   -0.2087008   51.6638723 
   -0.2092789   51.664698  
   -0.2103559   51.6661782 
   -0.2110564   51.6670175 
   -0.2101804   51.667401  
   -0.2099095   51.6675763 
   -0.2090279   51.6672006 
   -0.2077039   51.6666499 
   -0.2064328   51.6678589 
   -0.20536     51.6685358 
   -0.2042258   51.6684508 
   -0.2020495   51.6679339 
   -0.2025527   51.6690119 
   -0.2033043   51.6702413 
   -0.2013321   51.670157  
   -0.2002521   51.6704101 
   -0.1999551   51.6704845 
   -0.1988708   51.6682545 
   -0.198752    51.6682675 
   -0.1968488   51.6682546 
   -0.1963982   51.6686889 
   -0.1947498   51.6683554 
   -0.1951394   51.6675646 
   -0.1955998   51.6669276 
   -0.1960603   51.6662905 
   -0.1965561   51.6655437 
   -0.1959186   51.6654119 
   -0.1949269   51.6652361 
   -0.1937227   51.6649945 
   -0.1928727   51.6648407 
   -0.191881    51.664599  
   -0.1909956   51.6641817 
   -0.1891893   51.6661368 
   -0.1877018   51.66796   
   -0.1871433   51.6682157 
   -0.1860018   51.6683774 
   -0.1851198   51.6686111 
   -0.1830963   51.668668  
   -0.18195     51.6686434 
   -0.1805322   51.6694937 
   -0.1788671   51.6707606 
   -0.1776655   51.6714632 
   -0.177128    51.6722088 
   -0.1770621   51.6726177 
   -0.1756116   51.6725768 
   -0.1751831   51.6727403 
   -0.1725459   51.6726995 
   -0.17248     51.6732105 
   -0.169645    51.6763791 
   -0.1675682   51.6787298 
   -0.1660848   51.6803446 
   -0.1648322   51.6815096 
   -0.1636299   51.6824217 
   -0.1636299   51.6834594 
   -0.1636084   51.6847632 
   -0.1635655   51.6861068 
   -0.1635226   51.6870247 
   -0.1635832   51.6882135 
   -0.1601281   51.6877766 
   -0.158164    51.6871957 
   -0.1561587   51.6866026 
   -0.1542874   51.6860869 
   -0.1514952   51.6856081 
   -0.1490892   51.6855713 
   -0.1470694   51.6857186 
   -0.1450904   51.6861068 
   -0.1417645   51.6872243 
   -0.1394256   51.6879426 
   -0.1373013   51.6883949 
   -0.1354774   51.6886344 
   -0.1327952   51.688927  
   -0.1296194   51.6889669 
   -0.1264652   51.6887807 
   -0.1233967   51.6885013 
   -0.1211222   51.6885279 
   -0.1185687   51.6888472 
   -0.1153072   51.6898183 
   -0.1141699   51.6903237 
   -0.11108     51.6914012 
   -0.1085909   51.6918401 
   -0.1064666   51.69188   
   -0.1056761   51.6918321 
   -0.1044925   51.6917603 
   -0.1019605   51.6914012 
   -0.099686    51.690909  
   -0.0980767   51.6906031 
   -0.0958236   51.690204  
   -0.0932272   51.6899779 
   -0.0903305   51.689805  
   -0.0869831   51.6898183 
   -0.0840648   51.6896586 
   -0.0808247   51.6892729 
   -0.0786789   51.6885811 
   -0.0768336   51.6879426 
   -0.0735291   51.6866789 
   -0.0699457   51.6851623 
   -0.0677141   51.6842577 
   -0.0640019   51.68322   
   -0.0604185   51.6828076 
   -0.057747    51.6827942 
   -0.0562235   51.6829938 
   -0.0535735   51.6833397 
   -0.0511166   51.6834195 
   -0.0491103   51.6834062 
   -0.0465675   51.6832865 
   -0.0445398   51.6831934 
   -0.0411709   51.6829406 
   -0.0386175   51.6828342 
   -0.0347765   51.6826479 
   -0.0319015   51.6825257 
   -0.028005    51.6823073 
   -0.0279101   51.682302  
   -0.0230177   51.6815037 
   -0.0202712   51.6811179 
   -0.0158938   51.6808917 
   -0.0112052   51.680762  
   -0.010701    51.6791621 
   -0.0102075   51.6767538 
   -0.0106581   51.6746514 
   -0.0108727   51.6738397 
   -0.0112375   51.6707658 
   -0.0104006   51.6692354 
   -0.0111731   51.6675585 
   -0.0112102   51.6664515 
   -0.0113662   51.6639917 
   -0.0110336   51.6630001 
   -0.0102719   51.6623546 
   -0.0097998   51.6619686 
   -0.0088771   51.6610236 
   -0.0091132   51.6592932 
   -0.0097998   51.6575095 
   -0.0109371   51.6547406 
   -0.0116666   51.6531697 
   -0.011452    51.6503739 
   -0.0117954   51.648297  
   -0.0120785   51.6463055 
   -0.0113329   51.6464853 
   -0.009582    51.6465066 
   -0.0074362   51.6461497 
   -0.0079161   51.6448036 
   -0.0078303   51.6438981 
   -0.0080019   51.6433655 
   -0.0051695   51.6430459 
   -0.0040537   51.6431525 
   -0.0011355   51.6435786 
   6.61e-05     51.6426731 
   0.0011819    51.6415013 
   0.003671     51.6415013 
   0.0079626    51.641448  
   0.0128549    51.6408088 
   0.014314     51.6405425 
   0.0164598    51.6404893 
   0.0185197    51.6402762 
   0.0203222    51.6402762 
   0.0217813    51.6405958 
   0.0227254    51.6405958 
   0.0232404    51.6397968 
   0.0233263    51.6389445 
   0.0231546    51.6378791 
   0.0246995    51.6376128 
   0.0256437    51.6371866 
   0.025472     51.6362278 
   0.0253004    51.6356951 
   0.025472     51.634896  
   0.0258153    51.6342034 
   0.0246995    51.6326052 
   0.0244421    51.6318593 
   0.0239271    51.6311135 
   0.0230688    51.6304741 
   0.0224679    51.6290356 
   0.0220327    51.6288465 
   0.0226996    51.6283313 
   0.0258753    51.6263066 
   0.0269911    51.6257737 
   0.0279353    51.6255073 
   0.0292227    51.625081  
   0.0297377    51.6244949 
   0.0310252    51.6238022 
   0.0305102    51.6230029 
   0.0315402    51.6227898 
   0.032656     51.6220438 
   0.0354025    51.6198589 
   0.0368617    51.6188464 
   0.0378058    51.6177272 
   0.0404665    51.6160751 
   0.0402949    51.6158087 
   0.041239     51.6155955 
   0.0420973    51.6163949 
   0.0444148    51.6168746 
   0.0475905    51.6175141 
   0.051367     51.6182069 
   0.053493     51.6185729 
   0.0543737    51.6176133 
   0.0543585    51.6173535 
   0.0540958    51.6171284 
   0.0541627    51.6166302 
   0.0533533    51.6163108 
   0.0524501    51.616816  
   0.0518254    51.6168837 
   0.0510502    51.6165373 
   0.0500812    51.6163628 
   0.0495207    51.6156813 
   0.0485315    51.615294  
   0.0482718    51.6143599 
   0.0485299    51.6138103 
   0.0480877    51.6135792 
   0.0479921    51.613262  
   0.0482966    51.6130846 
   0.0488738    51.6129399 
   0.0494788    51.6130372 
   0.0506804    51.6123977 
   0.052397     51.611385  
   0.053942     51.6111185 
   0.0557444    51.6103723 
   0.057976     51.6093062 
   0.0593493    51.6086666 
   0.0608084    51.607867  
   0.0626109    51.6068542 
   0.0638983    51.6070141 
   0.0651       51.6064811 
   0.0659583    51.6061079 
   0.0685332    51.6056282 
   0.0700781    51.6053083 
   0.0722239    51.6046153 
   0.0735114    51.6050951 
   0.0758288    51.605948  
   0.0770304    51.6065877 
   0.0783179    51.6069608 
   0.079262     51.6071208 
   0.080807     51.6069075 
   0.0821803    51.6065877 
   0.0835536    51.6065344 
   0.0844119    51.6065344 
   0.0849268    51.6063212 
   0.0855277    51.6054683 
   0.0867293    51.6044021 
   0.0887892    51.6048819 
   0.090047     51.6053701 
   0.0901625    51.605415  
   0.09145      51.6061079 
   0.0920508    51.6063212 
   0.0918791    51.6074939 
   0.0924799    51.6086133 
   0.0927374    51.6091463 
   0.0930808    51.6094128 
   0.0937674    51.6100524 
   0.094969     51.6109053 
   0.0934241    51.6128241 
   0.0927374    51.613357  
   0.0984023    51.615329  
   0.1003764    51.6129839 
   0.1032088    51.613357  
   0.1040671    51.6128241 
   0.1091311    51.6139966 
   0.1159976    51.6168746 
   0.1184866    51.6149026 
   0.1199458    51.6153823 
   0.1214049    51.615862  
   0.1222632    51.6165015 
   0.1256106    51.61842   
   0.129988     51.6216174 
   0.1322196    51.6224701 
   0.1343653    51.6233759 
   0.1372836    51.6234292 
   0.1377127    51.6233226 
   0.1418313    51.6232838 
   0.1448155    51.6231114 
   0.1546002    51.6231114 
   0.1594067    51.6227384 
   0.1637841    51.6224187 
   0.1666165    51.6219391 
   0.1692772    51.6214595 
   0.1758004    51.6235377 
   0.1806927    51.6242837 
   0.1839543    51.6252961 
   0.1867009    51.6249764 
   0.1880742    51.6251363 
   0.1905632    51.6247633 
   0.1951123    51.6255093 
   0.2003405    51.624876  
   0.2030871    51.6249293 
   0.2069494    51.6257285 
   0.2086661    51.6264212 
   0.2117634    51.6266282 
   0.2151967    51.6278537 
   0.2198315    51.6294521 
   0.2221489    51.6298783 
   0.2296162    51.6357386 
   0.2314187    51.6337675 
   0.2328998    51.632812  
   0.2367402    51.6326487 
   0.2389718    51.6322225 
   0.240345     51.6307307 
   0.2391434    51.6270545 
   0.2376843    51.6232713 
   0.2381993    51.6216194 
   0.2406884    51.6203937 
   0.2443791    51.6197543 
   0.246954     51.6193279 
   0.2513231    51.6183459 
   0.2549792    51.6157946 
   0.2571936    51.613748  
   0.2615397    51.6099387 
   0.2622521    51.609395  
   0.2625525    51.6093683 
   0.263119     51.6091978 
   0.2637026    51.6089153 
   0.2639773    51.6086754 
   0.2641146    51.6083929 
   0.2641146    51.6080891 
   0.2638902    51.6078118 
   0.2633323    51.6075506 
   0.2628344    51.6075026 
   0.262268     51.6076199 
   0.2614869    51.6075612 
   0.2599248    51.6070122 
   0.2580193    51.6065538 
   0.2580777    51.604831  
   0.2575842    51.6048177 
   0.2572838    51.604871  
   0.2571336    51.604791  
   0.2570477    51.6042046 
   0.2564469    51.6039114 
   0.2564255    51.6036715 
   0.2566829    51.6035649 
   0.2563611    51.6032717 
   0.2560392    51.603325  
   0.2558461    51.6031251 
   0.2561036    51.6030718 
   0.2560178    51.6029385 
   0.2554813    51.6029918 
   0.2552453    51.6025653 
   0.2549449    51.602552  
   0.2547303    51.6026986 
   0.2545372    51.6023654 
   0.2542153    51.6023788 
   0.2540866    51.6022322 
   0.2543226    51.6021522 
   0.2542153    51.6019256 
   0.2538934    51.6018856 
   0.2581138    51.6013295 
   0.2609033    51.6003752 
   0.2624396    51.599922  
   0.2642764    51.5997301 
   0.267332     51.5995755 
   0.2699927    51.5995008 
   0.2700099    51.5993249 
   0.2700356    51.5986531 
   0.2698296    51.5979654 
   0.2694692    51.5970537 
   0.2691602    51.5961153 
   0.2692717    51.5957154 
   0.2692803    51.5955554 
   0.2697266    51.5929107 
   0.2701386    51.591359  
   0.2703618    51.5906178 
   0.2706536    51.5898553 
   0.2708854    51.589338  
   0.2713145    51.5886448 
   0.2717265    51.5880209 
   0.2720012    51.5877596 
   0.2721728    51.5876156 
   0.2730054    51.5872263 
   0.2737607    51.5868903 
   0.2743186    51.5860957 
   0.2750911    51.5851784 
   0.2761382    51.5842024 
   0.2769193    51.5835358 
   0.2775287    51.5830291 
   0.2799432    51.5810675 
   0.282089     51.578774  
   0.2818315    51.5762137 
   0.2816599    51.5740267 
   0.2837198    51.5713594 
   0.2837198    51.5685852 
   0.2846639    51.5634633 
   0.2888696    51.5641569 
   0.2988338    51.5648671 
   0.3131597    51.5658109 
   0.3143613    51.562663  
   0.3152949    51.5578808 
   0.3189962    51.5571668 
   0.3187662    51.5553454 
   0.3223436    51.5543384 
   0.3224294    51.5530576 
   0.3252618    51.5533245 
   0.3264635    51.5522571 
   0.3281801    51.5510829 
   0.3283517    51.5485211 
   0.3294093    51.5465334 
   0.3298109    51.5460658 
   0.3314417    51.5460658 
   0.3342741    51.5419556 
   0.3343599    51.5406744 
   0.3319566    51.5403007 
   0.330755     51.5412082 
   0.3214853    51.5405676 
   0.3104131    51.5397669 
   0.310499     51.5391797 
   0.3026025    51.5391263 
   0.298826     51.5380052 
   0.2967661    51.5376849 
   0.2971094    51.5356561 
   0.2884405    51.5344282 
   0.2751367    51.5326128 
   0.2737634    51.5332002 
   0.265352     51.5319721 
   0.2657812    51.5255111 
   0.2656095    51.5243362 
   0.2670686    51.5243896 
   0.2670686    51.5228943 
   0.2642362    51.5228409 
   0.2641504    51.5178207 
   0.2541082    51.5175536 
   0.2527349    51.5232148 
   0.2512758    51.5288752 
   0.2492159    51.5285014 
   0.2462976    51.5262053 
   0.2474134    51.5252975 
   0.2459543    51.5238022 
   0.2429502    51.5242294 
   0.2407186    51.5223603 
   0.2406328    51.5212922 
   0.2438943    51.5207581 
   0.2451818    51.5190491 
   0.2443235    51.5184616 
   0.2394312    51.5195298 
   0.2370279    51.5194764 
   0.2417486    51.5134409 
   0.2401178    51.5132272 
   0.2408903    51.5076717 
   0.2399461    51.5071909 
   0.2293031    51.5063895 
   0.2264707    51.5059621 
   0.22381      51.5045731 
   0.2244108    51.5031306 
   0.2277582    51.5030771 
   0.2304189    51.4991234 
   0.2262991    51.498215  
   0.2200346    51.4974836 
   0.2146273    51.4963294 
   0.2132368    51.494924  
   0.2126618    51.4930697 
   0.2117262    51.4910123 
   0.2105417    51.4901572 
   0.2101555    51.4887089 
   0.2101555    51.4858228 
   0.2129797    51.4858802 
   0.2149997    51.4855771 
   0.2203356    51.4836362 
   0.2230435    51.4822908 
   0.2181824    51.4802976 
   0.2166545    51.4794341 
   0.2168388    51.4774151 
   0.2163673    51.4766787 
   0.2153695    51.4763446 
   0.2134383    51.4761842 
   0.2119713    51.4758831 
   0.2113704    51.4748941 
   0.2114563    51.4733705 
   0.2096538    51.4721141 
   0.2084521    51.4711763 
   0.2084951    51.4710983 
   0.2087526    51.4703498 
   0.2108125    51.4689329 
   0.2111278    51.4679118 
   0.2099972    51.4655644 
   0.2102546    51.4624362 
   0.2079801    51.4617677 
   0.2060919    51.460618  
   0.2059631    51.4599495 
   0.205491     51.459388  
   0.2064781    51.4581045 
   0.205534     51.4576499 
   0.2042036    51.4564733 
   0.2036028    51.4556176 
   0.202487     51.4544142 
   0.2007704    51.4533445 
   0.1986246    51.4522481 
   0.1961784    51.4519539 
   0.1956634    51.4524888 
   0.1933031    51.4518202 
   0.1921015    51.4512853 
   0.1911954    51.4488999 
   0.1893181    51.448199  
   0.1875953    51.4473805 
   0.1860075    51.4461234 
   0.1841621    51.4447058 
   0.1811151    51.4437964 
   0.1727466    51.4437696 
   0.1719742    51.4427264 
   0.1696567    51.4400782 
   0.1685838    51.4381254 
   0.1672106    51.4362795 
   0.1660948    51.4345673 
   0.1663093    51.4337914 
   0.1663093    51.432962  
   0.1666956    51.4318918 
   0.1652794    51.4310356 
   0.164979     51.430447  
   0.1639919    51.4284937 
   0.1626186    51.4292697 
   0.1602154    51.4297513 
   0.1594858    51.4291627 
   0.158885     51.4300189 
   0.1580267    51.4302329 
   0.1562242    51.4311159 
   0.1550226    51.4300456 
   0.1544647    51.4292965 
   0.1534776    51.4271291 
   0.1530914    51.4260053 
   0.153306     51.4234631 
   0.1525335    51.4217772 
   0.1504736    51.4200912 
   0.1501732    51.4195827 
   0.1509456    51.4174684 
   0.1508598    51.4151131 
   0.1503448    51.4141228 
   0.1489286    51.4124098 
   0.1493578    51.4117138 
   0.1531772    51.4109376 
   0.1524906    51.408582  
   0.152105     51.4076797 
   0.1519076    51.4073424 
   0.1539933    51.4060949 
   0.155667     51.4046921 
   0.1571089    51.4026682 
   0.1583271    51.4000151 
   0.1595287    51.3964808 
   0.1606445    51.3927052 
   0.1611595    51.392732  
   0.1630907    51.3878045 
   0.1615457    51.3869743 
   0.1596145    51.386278  
   0.156868     51.3855281 
   0.1563101    51.3849924 
   0.1549368    51.3845103 
   0.1523189    51.3841086 
   0.1519756    51.3824212 
   0.1530485    51.3816444 
   0.1527052    51.3797962 
   0.1534776    51.379582  
   0.1525335    51.3775194 
   0.1539068    51.377064  
   0.153306     51.3737423 
   0.1541214    51.3728314 
   0.1544647    51.3721349 
   0.1557522    51.3712508 
   0.1557522    51.369295  
   0.1525335    51.3648205 
   0.150774     51.3638291 
   0.1506881    51.3629449 
   0.151761     51.3620874 
   0.1511602    51.3615515 
   0.150259     51.3612299 
   0.1497869    51.360694  
   0.148714     51.3602384 
   0.1492719    51.3595953 
   0.1488857    51.3581214 
   0.1453237    51.3556023 
   0.144165     51.3551198 
   0.1435213    51.3551198 
   0.1433496    51.3539138 
   0.1437359    51.3538602 
   0.1434355    51.353217  
   0.1424484    51.3525738 
   0.1425342    51.3512068 
   0.1413755    51.3499739 
   0.1399593    51.349143  
   0.1391439    51.3482853 
   0.1378565    51.3464357 
   0.1378994    51.3445057 
   0.1252121    51.3456792 
   0.1191181    51.3441245 
   0.1175732    51.3429449 
   0.1168007    51.3409612 
   0.1175732    51.3395135 
   0.1195473    51.3349556 
   0.1213497    51.3335078 
   0.0848717    51.3138765 
   0.0906223    51.2965984 
   0.0875324    51.2948809 
   0.0864166    51.2930024 
   0.0833267    51.2923583 
   0.0802368    51.2916069 
   0.078091     51.2916069 
   0.0732845    51.2911238 
   0.0666756    51.2903723 
   0.0620407    51.2896745 
   0.0604099    51.2894062 
   0.0560326    51.2892451 
   0.0545734    51.2906944 
   0.053801     51.2921973 
   0.0531143    51.2935391 
   0.0486511    51.2975644 
   0.0438041    51.2982878 
   0.0435307    51.2988506 
   0.0430725    51.2997941 
   0.042487     51.3006993 
   0.0419535    51.3020321 
   0.0374447    51.3045948 
   0.0328373    51.307184  
   0.0280776    51.3045948 
   0.0241556    51.3018151 
   0.0232417    51.299302  
   0.0213759    51.2971315 
   0.0211722    51.2965498 
   0.0207667    51.2953038 
   0.0187105    51.2916103 
   0.0179108    51.2886783 
   0.0168066    51.2879929 
   0.0149408    51.2908868 
   0.0128846    51.2969412 
   0.0114377    51.3009393 
   0.0092709    51.3084994 
   0.0081467    51.3100865 
   0.0081717    51.3102452 
   0.008495     51.311409  
   0.0099693    51.3161499 
   0.0063276    51.3158188 
   0.005141     51.3205694 
   0.0044568    51.3230522 
   0.0041454    51.323836  
   0.0038793    51.324367  
   0.0037763    51.3247049 
   0.0036047    51.3253593 
   0.0009099    51.3334403 
   -0.0014536   51.3325098 
   -0.0025694   51.3335287 
   -0.0113241   51.3338505 
   -0.0151007   51.3306864 
   -0.0183629   51.3336064 
   -0.0218813   51.3379794 
   -0.026602    51.3385693 
   -0.0315802   51.3376041 
   -0.0336401   51.3378186 
   -0.0383608   51.3385693 
   -0.041794    51.3341186 
   -0.0463431   51.3336896 
   -0.0502913   51.3328316 
   -0.0569394   51.3236461 
   -0.0774342   51.3131798 
   -0.0822323   51.3107292 
   -0.0823128   51.3101037 
   -0.0845377   51.3095517 
   -0.0878371   51.3083561 
   -0.0891726   51.3048836 
   -0.0908034   51.304347  
   -0.0920908   51.3011809 
   -0.0950949   51.3004296 
   -0.0942366   51.2988733 
   -0.1010172   51.2964046 
   -0.1029395   51.2955643 
   -0.1107161   51.2921646 
   -0.114321    51.2921109 
   -0.1164667   51.2899102 
   -0.1148359   51.2870652 
   -0.1275389   51.2866895 
   -0.1271097   51.2848106 
   -0.1309721   51.2847033 
   -0.134473    51.2906395 
   -0.156274    51.2986365 
   -0.1560165   51.3012661 
   -0.1575614   51.3040028 
   -0.1554717   51.3052977 
   -0.1568476   51.3064551 
   -0.1598517   51.3067234 
   -0.1638428   51.3069649 
   -0.1614506   51.3231241 
   -0.1636806   51.3262896 
   -0.1645046   51.3275929 
   -0.1644738   51.3281162 
   -0.1643587   51.3282365 
   -0.1640649   51.3283642 
   -0.1640161   51.3287359 
   -0.1635519   51.3289283 
   -0.162501    51.3290173 
   -0.1630665   51.3302502 
   -0.1687447   51.3295828 
   -0.170031    51.3294878 
   -0.1734862   51.3297866 
   -0.1745639   51.3336936 
   -0.1748103   51.3337681 
   -0.1749188   51.3338324 
   -0.1752742   51.3340192 
   -0.1764688   51.3346902 
   -0.1767759   51.3348585 
   -0.1770692   51.3350133 
   -0.1791439   51.3362096 
   -0.1845433   51.3393227 
   -0.1852175   51.3396362 
   -0.1867738   51.3404289 
   -0.1875388   51.340795  
   -0.1877672   51.3408984 
   -0.1883445   51.3411457 
   -0.1885854   51.3412264 
   -0.1911253   51.3420958 
   -0.1918113   51.3423048 
   -0.1943121   51.3429265 
   -0.1970343   51.3435958 
   -0.1979646   51.3438432 
   -0.2011515   51.3399662 
END

END
