georgia
1
    40.0102500916     43.3832511902
    40.0102233887     43.395362854
    40.0101928711     43.4030570984
    40.0101928711     43.4056396484
    40.0101394653     43.4240570068
    40.027053833     43.4402236938
    40.0277481079     43.4408874512
    40.0289154053     43.4424705505
    40.0303344727     43.4448051453
    40.0328063965     43.4488601685
    40.0345573425     43.4510574341
    40.0422210693     43.4757766724
    40.0452232361     43.4789733887
    40.045249939     43.4790000916
    40.0523071289     43.4865264893
    40.0560264587     43.4905014038
    40.0595016479     43.4996681213
    40.0624427795     43.5072212219
    40.0886650085     43.5239715576
    40.0904159546     43.5250816345
    40.0928039551     43.5302238464
    40.0913314819     43.5401115417
    40.0905265808     43.5455284119
    40.0906944275     43.5463600159
    40.0923042297     43.5545005798
    40.0934715271     43.5564155579
    40.0937232971     43.5568351746
    40.0975570679     43.5631103516
    40.1030845642     43.5664710999
    40.1164169312     43.5640258789
    40.1274452209     43.5640830994
    40.1347236633     43.5663604736
    40.1453056335     43.569694519
    40.1470565796     43.5702514648
    40.1495285034     43.5710296631
    40.1617240906     43.5748596191
    40.1635017395     43.5754165649
    40.1635818481     43.5754432678
    40.1661682129     43.5758895874
    40.1699981689     43.5770263672
    40.1729736328     43.5770263672
    40.1730537415     43.5770263672
    40.1845283508     43.5769462585
    40.1845550537     43.5769462585
    40.1925849915     43.5749168396
    40.1933326721     43.57472229
    40.1953048706     43.5742225647
    40.2026100159     43.5746116638
    40.2031402588     43.5746383667
    40.2376403809     43.5857505798
    40.2522506714     43.5862503052
    40.2596664429     43.5864982605
    40.2678871155     43.5857772827
    40.2720832825     43.5833625793
    40.2781944275     43.5762214661
    40.2782211304     43.5761947632
    40.2826957703     43.5709991455
    40.2891654968     43.5674705505
    40.2906112671     43.5676116943
    40.2991943359     43.5671653748
    40.3049163818     43.5693054199
    40.305557251     43.5693893433
    40.3131942749     43.5670280457
    40.3258323669     43.5588607788
    40.3352203369     43.5526390076
    40.3446121216     43.5540008545
    40.3555831909     43.5554161072
    40.3638343811     43.553527832
    40.37474823     43.5489730835
    40.3817214966     43.5479736328
    40.3921127319     43.5479736328
    40.3984184265     43.5474433899
    40.4145545959     43.545501709
    40.4239997864     43.5457229614
    40.4311103821     43.5490837097
    40.441860199     43.5555000305
    40.4437484741     43.555305481
    40.462387085     43.546333313
    40.4756393433     43.5454711914
    40.4826126099     43.5444717407
    40.4922218323     43.5400848389
    40.5007514954     43.5313606262
    40.5109443665     43.528137207
    40.5217514038     43.525390625
    40.5325279236     43.5239982605
    40.5394706726     43.5229988098
    40.5512237549     43.5200538635
    40.5639457703     43.5166397095
    40.5718345642     43.5161094666
    40.5774154663     43.5185279846
    40.5870285034     43.5221672058
    40.6065559387     43.5392227173
    40.6119995117     43.5439720154
    40.6200561523     43.5478057861
    40.6288070679     43.5491371155
    40.6353607178     43.5508613586
    40.6421661377     43.5537490845
    40.6523628235     43.5594711304
    40.6627502441     43.5591926575
    40.6687774658     43.5581932068
    40.6774711609     43.5526390076
    40.6820831299     43.5472221375
    40.6880569458     43.5386390686
    40.6926116943     43.5352783203
    40.6985969543     43.5336418152
    40.7027778625     43.5325012207
    40.7109985352     43.5310821533
    40.7283325195     43.5304985046
    40.7401390076     43.5263595581
    40.7551383972     43.5204734802
    40.765083313     43.5151672363
    40.7741127014     43.5086936951
    40.7862205505     43.5038871765
    40.8065834045     43.4971656799
    40.8187217712     43.4923629761
    40.8318328857     43.4855003357
    40.8547782898     43.4859161377
    40.8670539856     43.4859161377
    40.8790283203     43.4850006104
    40.8921127319     43.4792785645
    40.897277832     43.4754714966
    40.8983879089     43.4704437256
    40.8949165344     43.4609985352
    40.8956680298     43.457359314
    40.8998603821     43.4542236328
    40.9087486267     43.4518623352
    40.9179992676     43.4476661682
    40.9250564575     43.4427490234
    40.9300003052     43.4355010986
    40.9308319092     43.4340286255
    40.9356651306     43.42552948
    40.9489707947     43.4221115112
    40.9646682739     43.4230537415
    40.9736938477     43.42527771
    40.9791946411     43.4306373596
    40.9835014343     43.4329986572
    40.9897766113     43.433807373
    40.9970550537     43.431640625
    41.0079460144     43.4251670837
    41.0191116333     43.4198608398
    41.0305290222     43.4159431458
    41.0369987488     43.4096374512
    41.0422515869     43.4028625488
    41.04322052     43.3907203674
    41.0454711914     43.3891677856
    41.0521659851     43.3860816956
    41.0613899231     43.3823318481
    41.0626678467     43.3821105957
    41.0901107788     43.3773040771
    41.1013870239     43.3777236938
    41.1063346863     43.3807792664
    41.1096115112     43.3867759705
    41.1147766113     43.3919181824
    41.119720459     43.3949737549
    41.1259994507     43.3952789307
    41.1391944885     43.3945846558
    41.1518325806     43.391582489
    41.1642227173     43.3869438171
    41.1790542603     43.3837509155
    41.2012214661     43.3774452209
    41.2192230225     43.3731384277
    41.2357215881     43.366973877
    41.2529182434     43.3578338623
    41.2718048096     43.355140686
    41.2840843201     43.3535003662
    41.2919998169     43.3508605957
    41.2983894348     43.3466110229
    41.3018875122     43.3441390991
    41.3054428101     43.3402786255
    41.3118896484     43.3339729309
    41.3234710693     43.33436203
    41.3331680298     43.3354148865
    41.3421669006     43.3394432068
    41.3483047485     43.34375
    41.3504981995     43.3452758789
    41.3553886414     43.3510818481
    41.359085083     43.3554725647
    41.3614425659     43.3582496643
    41.3685836792     43.3615570068
    41.3722229004     43.3608322144
    41.3730010986     43.3606948853
    41.3768348694     43.3592224121
    41.3787231445     43.3585014343
    41.3824729919     43.3585548401
    41.3927497864     43.3618888855
    41.4015007019     43.3626937866
    41.4078063965     43.361415863
    41.4145011902     43.3571395874
    41.420249939     43.3531112671
    41.4226951599     43.3176383972
    41.4228897095     43.309387207
    41.4254722595     43.3057785034
    41.430557251     43.3037796021
    41.436832428     43.3027229309
    41.4482498169     43.3013877869
    41.4613609314     43.2998352051
    41.4679450989     43.3001403809
    41.4691390991     43.2998352051
    41.4733047485     43.2988319397
    41.4772491455     43.2973594666
    41.4786682129     43.2968330383
    41.4837760925     43.2927780151
    41.4873352051     43.2886962891
    41.4943351746     43.2833061218
    41.5025291443     43.2788887024
    41.5038604736     43.2781677246
    41.5126953125     43.274887085
    41.5146102905     43.2741661072
    41.5197219849     43.2723350525
    41.5256652832     43.2701950073
    41.5276947021     43.26927948
    41.5379981995     43.2646102905
    41.5453071594     43.2608070374
    41.5507240295     43.2558326721
    41.551612854     43.2540817261
    41.5543327332     43.2487792969
    41.5600013733     43.2470283508
    41.5651397705     43.2456665039
    41.573223114     43.2435264587
    41.5793037415     43.2383041382
    41.58177948     43.2360572815
    41.5825004578     43.2353897095
    41.5890846252     43.2343063354
    41.5931663513     43.2338905334
    41.5991401672     43.2332763672
    41.6108627319     43.2288894653
    41.6228065491     43.2244148254
    41.6306648254     43.2228889465
    41.6406402588     43.2239151001
    41.641418457     43.2243881226
    41.6499176025     43.2295265198
    41.6574172974     43.2300567627
    41.6618347168     43.2289733887
    41.6831932068     43.2206115723
    41.6880264282     43.2187232971
    41.6890563965     43.2179985046
    41.6908874512     43.2166938782
    41.6996650696     43.2151947021
    41.7042770386     43.2151107788
    41.7078056335     43.215057373
    41.7155838013     43.218334198
    41.7223625183     43.2239151001
    41.7272224426     43.2312774658
    41.7309455872     43.2329177856
    41.7359733582     43.232749939
    41.7479705811     43.2269172668
    41.7628898621     43.215637207
    41.7723045349     43.2138900757
    41.7817497253     43.2116928101
    41.7936401367     43.2109184265
    41.8071937561     43.2060012817
    41.8122215271     43.2045288086
    41.8147506714     43.2038040161
    41.8200569153     43.2038345337
    41.8266944885     43.2049179077
    41.8306655884     43.2055549622
    41.8453903198     43.2091407776
    41.8521652222     43.2108039856
    41.8633613586     43.2157211304
    41.8655815125     43.2191963196
    41.8679428101     43.2228622437
    41.8660011292     43.2267227173
    41.8621406555     43.2321929932
    41.8608055115     43.2369728088
    41.8629150391     43.2420272827
    41.8637504578     43.2429428101
    41.8663063049     43.2457237244
    41.8719177246     43.2469444275
    41.8733329773     43.2467498779
    41.8781929016     43.2460823059
    41.8829460144     43.2426948547
    41.8905563354     43.2368049622
    41.9169998169     43.2283325195
    41.9234161377     43.2278327942
    41.9276657104     43.2275276184
    41.9370536804     43.2269172668
    41.9427223206     43.2253608704
    41.9465293884     43.2219429016
    41.9541931152     43.2124176025
    41.9592208862     43.2096939087
    41.9670562744     43.2102203369
    41.9770851135     43.2139167786
    41.9798049927     43.2149162292
    42.0     43.2157516479
    42.0007781982     43.2157783508
    42.0176925659     43.2145271301
    42.0243339539     43.209777832
    42.0299987793     43.2061653137
    42.0385818481     43.1968345642
    42.0407791138     43.1963348389
    42.0483322144     43.1946372986
    42.0499725342     43.1945266724
    42.057723999     43.194026947
    42.0810279846     43.204498291
    42.0916671753     43.2050285339
    42.1038627625     43.2053604126
    42.1066360474     43.2060165405
    42.1129150391     43.2075004578
    42.1216125488     43.2121391296
    42.1365280151     43.2206954956
    42.1459159851     43.2212219238
    42.1543884277     43.2201385498
    42.1813316345     43.2171096802
    42.1875839233     43.218082428
    42.1959991455     43.222026825
    42.2131385803     43.2299156189
    42.2212486267     43.2299728394
    42.2316093445     43.2284431458
    42.241027832     43.2259712219
    42.2488899231     43.2216682434
    42.2640571594     43.2100830078
    42.2690544128     43.2094154358
    42.2698898315     43.2093315125
    42.2796936035     43.2098617554
    42.2974433899     43.2118606567
    42.2986946106     43.2120018005
    42.3062438965     43.2128181458
    42.323890686     43.2147216797
    42.3355293274     43.219833374
    42.3493347168     43.2254714966
    42.3590011597     43.2325820923
    42.3652114868     43.2380561829
    42.3665008545     43.2391929626
    42.3733062744     43.2428627014
    42.3760032654     43.2443008423
    42.3835830688     43.2483329773
    42.4011955261     43.2529182434
    42.4163627625     43.254611969
    42.4198875427     43.2550010681
    42.4398880005     43.2557487488
    42.4519462585     43.2526397705
    42.4632225037     43.2464981079
    42.4691123962     43.2420005798
    42.4739456177     43.2383041382
    42.4762496948     43.2232780457
    42.477973938     43.2198600769
    42.4809150696     43.213973999
    42.4825820923     43.2123069763
    42.4885292053     43.2063064575
    42.4947776794     43.2042503357
    42.4959716797     43.2038612366
    42.5163345337     43.1991386414
    42.5332794189     43.192779541
    42.5489730835     43.1852760315
    42.5652503967     43.1800842285
    42.577167511     43.1750831604
    42.5806121826     43.1728057861
    42.5878334045     43.1679992676
    42.5972518921     43.164390564
    42.6125831604     43.1616668701
    42.6250839233     43.1578063965
    42.6357498169     43.150970459
    42.6509170532     43.1456375122
    42.6661109924     43.1402778625
    42.674861908     43.1386375427
    42.6829986572     43.1371116638
    42.6861381531     43.1387214661
    42.6873626709     43.1428604126
    42.6860847473     43.148109436
    42.6738319397     43.1679992676
    42.675693512     43.1728057861
    42.6800842285     43.1739730835
    42.6817207336     43.1737213135
    42.7125282288     43.1750831604
    42.7146682739     43.1751670837
    42.7203598022     43.1754150391
    42.7537498474     43.1771125793
    42.7828330994     43.1770820618
    42.7994728088     43.1758613586
    42.8076095581     43.1757240295
    42.811668396     43.1756668091
    42.8294715881     43.1765289307
    42.8427238464     43.1811676025
    42.8553619385     43.185333252
    42.8720016479     43.1841125488
    42.8817481995     43.1824989319
    42.8934707642     43.1790847778
    42.9058036804     43.1683616638
    42.9146957397     43.1578063965
    42.9150009155     43.1574707031
    42.9225273132     43.1492767334
    42.9279174805     43.1421661377
    42.9308624268     43.1383056641
    42.931804657     43.1334991455
    42.9301376343     43.1277770996
    42.9286651611     43.1227226257
    42.926776886     43.1187210083
    42.9252204895     43.1153907776
    42.9374160767     43.1153907776
    42.9384727478     43.1153068542
    42.9412765503     43.1150817871
    42.9486656189     43.1144714355
    42.9686660767     43.1124153137
    42.9855270386     43.1098899841
    42.9981651306     43.1057777405
    43.001750946     43.1046104431
    43.0116119385     43.0999717712
    43.0173606873     43.097278595
    43.0320281982     43.0931396484
    43.0385818481     43.0906105042
    43.0395011902     43.0869445801
    43.0345001221     43.0796394348
    43.029499054     43.0743598938
    43.0241661072     43.0670547485
    43.0247497559     43.0571937561
    43.0266113281     43.049861908
    43.0359458923     43.0384178162
    43.0424995422     43.0317764282
    43.05027771     43.0260276794
    43.05991745     43.0196113586
    43.0751953125     43.0122795105
    43.1131668091     42.9927482605
    43.1678619385     42.9562492371
    43.1690826416     42.9553070068
    43.1775016785     42.948890686
    43.1855545044     42.9385566711
    43.1861953735     42.938167572
    43.1920814514     42.9344444275
    43.2042236328     42.9318885803
    43.2069740295     42.9314727783
    43.2182235718     42.9297790527
    43.2275848389     42.9279708862
    43.2387504578     42.9258346558
    43.2617759705     42.9218902588
    43.2853889465     42.9135551453
    43.3006095886     42.9084739685
    43.3109169006     42.9048881531
    43.3204994202     42.9015541077
    43.3294715881     42.8946380615
    43.3431396484     42.8899993896
    43.3599433899     42.8894996643
    43.3669166565     42.8908348083
    43.3727226257     42.8919448853
    43.3750839233     42.892665863
    43.383026123     42.895111084
    43.3893127441     42.8953742981
    43.4029426575     42.895942688
    43.4287796021     42.8944740295
    43.4651679993     42.8908615112
    43.4760284424     42.8873901367
    43.4893608093     42.8831939697
    43.49741745     42.8774185181
    43.5063896179     42.8728065491
    43.5175552368     42.8704452515
    43.5436935425     42.8691673279
    43.5520820618     42.8681945801
    43.5616950989     42.8660850525
    43.5778045654     42.8593597412
    43.5981941223     42.8471107483
    43.6046676636     42.8424720764
    43.6079177856     42.8375816345
    43.6083335876     42.836971283
    43.6098899841     42.8324165344
    43.6104431152     42.8307762146
    43.6122512817     42.8266372681
    43.6165542603     42.8220291138
    43.624584198     42.8173904419
    43.632610321     42.8116378784
    43.6399726868     42.8049430847
    43.6448898315     42.799861908
    43.6498336792     42.798248291
    43.655418396     42.7972793579
    43.6703872681     42.8003883362
    43.6800003052     42.7989425659
    43.6889724731     42.7963905334
    43.69947052     42.7901115417
    43.7083625793     42.7809181213
    43.7225570679     42.7732505798
    43.7741928101     42.7577514648
    43.7785568237     42.7557487488
    43.7856674194     42.7524719238
    43.7908592224     42.7500839233
    43.7991371155     42.7422218323
    43.8036956787     42.7353057861
    43.8051376343     42.7284431458
    43.8037490845     42.7183609009
    43.8008880615     42.7141685486
    43.7971115112     42.7086372375
    43.7716941833     42.6714439392
    43.7669448853     42.6641654968
    43.7610015869     42.6605567932
    43.7553596497     42.6566963196
    43.7488059998     42.6535263062
    43.7422485352     42.6517486572
    43.7378883362     42.6467208862
    43.7375259399     42.6463050842
    43.7331390381     42.6424446106
    43.7309150696     42.639251709
    43.7302513123     42.6355819702
    43.7308044434     42.6314430237
    43.731388092     42.6275558472
    43.7612762451     42.5946121216
    43.7701683044     42.5876655579
    43.7760543823     42.587387085
    43.78099823     42.5878067017
    43.7856674194     42.589138031
    43.7955284119     42.591999054
    43.8003044128     42.5933876038
    43.8064994812     42.5940284729
    43.8129997253     42.5932769775
    43.8215560913     42.585193634
    43.827331543     42.5794448853
    43.8350563049     42.5775260925
    43.8413619995     42.5790290833
    43.8425292969     42.5793037415
    43.8506660461     42.585193634
    43.857334137     42.5864181519
    43.8578071594     42.5864982605
    43.8639717102     42.5848617554
    43.8719444275     42.578666687
    43.8734436035     42.5774993896
    43.8759155273     42.5755844116
    43.8820838928     42.5748596191
    43.8850288391     42.5748329163
    43.8929176331     42.5747795105
    43.9022483826     42.5718040466
    43.907081604     42.5702781677
    43.9311676025     42.5648040771
    43.938835144     42.5617485046
    43.9480819702     42.5584716797
    43.9558067322     42.5584182739
    43.9632759094     42.5601654053
    43.9710540771     42.5616950989
    43.9721107483     42.5624160767
    43.9807777405     42.5682487488
    43.9898872375     42.5761680603
    44.0011940002     42.5843048096
    44.0162773132     42.5956115723
    44.0260009766     42.6019172668
    44.0347213745     42.6050262451
    44.0436935425     42.6040267944
    44.0600814819     42.602722168
    44.0868606567     42.6088600159
    44.1040000916     42.6139450073
    44.1133346558     42.6150016785
    44.1198348999     42.614692688
    44.1278343201     42.6125564575
    44.1346092224     42.6104164124
    44.1408042908     42.610584259
    44.1488876343     42.611415863
    44.1585540771     42.6138038635
    44.1694984436     42.6191940308
    44.1754455566     42.6211929321
    44.2090263367     42.626750946
    44.2171936035     42.6307792664
    44.2212791443     42.6337203979
    44.2218055725     42.6350288391
    44.2235832214     42.639415741
    44.2245559692     42.641998291
    44.2298316956     42.6560554504
    44.2311096191     42.6578063965
    44.2394447327     42.6692237854
    44.2490005493     42.6808052063
    44.2552490234     42.6873054504
    44.2566108704     42.6887207031
    44.2666664124     42.693862915
    44.2731399536     42.6971664429
    44.2789154053     42.700138092
    44.2976379395     42.7063331604
    44.2995567322     42.7069740295
    44.3190841675     42.7122764587
    44.3230018616     42.7133331299
    44.3233337402     42.7133903503
    44.344165802     42.7160263062
    44.3590545654     42.7158317566
    44.3785552979     42.7138328552
    44.3904724121     42.7081375122
    44.409778595     42.7037506104
    44.4240837097     42.7024993896
    44.4358596802     42.7021369934
    44.4538612366     42.7016105652
    44.4709434509     42.7003593445
    44.4951095581     42.7012481689
    44.5034713745     42.7013320923
    44.5068626404     42.7038612366
    44.508026123     42.7091407776
    44.505443573     42.7148323059
    44.501335144     42.719833374
    44.498500824     42.7225570679
    44.4940567017     42.7284431458
    44.4918060303     42.7334709167
    44.4926681519     42.7387237549
    44.4954185486     42.7415008545
    44.4981651306     42.7442512512
    44.5015258789     42.7470283508
    44.5061378479     42.7502784729
    44.510055542     42.7511940002
    44.5101661682     42.7512207031
    44.5111656189     42.751499176
    44.5182762146     42.7513046265
    44.5233039856     42.7511672974
    44.5661392212     42.7470817566
    44.5800018311     42.7457771301
    44.6026382446     42.7438316345
    44.6132240295     42.7443618774
    44.6204719543     42.7449989319
    44.6287765503     42.7457237244
    44.6318893433     42.7463340759
    44.6387519836     42.7476539612
    44.6453323364     42.748916626
    44.6621398926     42.75025177
    44.6745262146     42.7484741211
    44.6871948242     42.7459716797
    44.6973342896     42.7423629761
    44.7068328857     42.7381095886
    44.7128601074     42.7322769165
    44.7207794189     42.7266654968
    44.7274169922     42.7205848694
    44.7296104431     42.711807251
    44.7312240601     42.7053604126
    44.7464981079     42.64402771
    44.7484436035     42.6408348083
    44.7529983521     42.6333885193
    44.7584457397     42.6298599243
    44.7631378174     42.6277503967
    44.7679443359     42.6255836487
    44.7692489624     42.6254730225
    44.7775268555     42.62474823
    44.783416748     42.6253318787
    44.7943611145     42.6300544739
    44.7981948853     42.6317214966
    44.8043060303     42.6426124573
    44.8179168701     42.6668891907
    44.8235015869     42.6806373596
    44.8320541382     42.7016944885
    44.8511390686     42.7249450684
    44.8601379395     42.7341651917
    44.8690834045     42.7415847778
    44.8782501221     42.7469177246
    44.8917236328     42.7498893738
    44.9060554504     42.751914978
    44.9275283813     42.7526931763
    44.9482765198     42.7495536804
    44.9542236328     42.7486381531
    44.9550285339     42.7485275269
    44.9710540771     42.7445831299
    44.9957237244     42.7299156189
    45.0     42.7268066406
    45.0350570679     42.7012481689
    45.0368614197     42.7007789612
    45.0455284119     42.6985282898
    45.0829429626     42.6946105957
    45.0881385803     42.6957206726
    45.0912094116     42.6963768005
    45.1035842896     42.6990280151
    45.1304740906     42.7035293579
    45.1428337097     42.702583313
    45.1561660767     42.7016372681
    45.1671943665     42.6977500916
    45.1765289307     42.6906929016
    45.1852226257     42.680305481
    45.1866378784     42.6785850525
    45.1909179688     42.6754455566
    45.2060279846     42.6643600464
    45.2066955566     42.6637496948
    45.2080841064     42.6624984741
    45.2251930237     42.6470832825
    45.2400550842     42.6331100464
    45.249332428     42.6228065491
    45.2532234192     42.618473053
    45.2579994202     42.613193512
    45.2657203674     42.6058616638
    45.2765541077     42.5952758789
    45.2814712524     42.590473175
    45.2833328247     42.5886650085
    45.2935295105     42.579498291
    45.3001670837     42.5693893433
    45.3015556335     42.5641937256
    45.304359436     42.5596656799
    45.3117485046     42.5477218628
    45.3145561218     42.5452766418
    45.3225288391     42.5383338928
    45.3315849304     42.5326385498
    45.3401374817     42.529914856
    45.3499984741     42.5290260315
    45.3609161377     42.5308609009
    45.3721961975     42.5342788696
    45.3928070068     42.5386390686
    45.3997497559     42.5412216187
    45.4001960754     42.5415840149
    45.4092216492     42.5462760925
    45.4160270691     42.547832489
    45.4225273132     42.5491943359
    45.4318351746     42.5496101379
    45.4389457703     42.5495834351
    45.4457511902     42.5504989624
    45.4544181824     42.5520553589
    45.4609451294     42.5529441833
    45.4658889771     42.5543060303
    45.4708595276     42.5551948547
    45.4785842896     42.5540275574
    45.4856948853     42.5521659851
    45.5011405945     42.5475273132
    45.5117759705     42.5423049927
    45.5131378174     42.5416374207
    45.5138053894     42.541305542
    45.5276947021     42.5350837708
    45.5333328247     42.5328330994
    45.5363349915     42.5316123962
    45.5368347168     42.5314178467
    45.5443611145     42.52866745
    45.5502204895     42.5265274048
    45.5549430847     42.5239448547
    45.5569992065     42.5228347778
    45.5665817261     42.5198059082
    45.5712203979     42.5184173584
    45.5798606873     42.5158615112
    45.590057373     42.5137481689
    45.5901374817     42.5137214661
    45.5956115723     42.5121383667
    45.6023902893     42.5100288391
    45.6113624573     42.5079460144
    45.6172218323     42.5058326721
    45.6271095276     42.5037498474
    45.6431655884     42.5024986267
    45.6533622742     42.5017776489
    45.6583328247     42.5012779236
    45.6651115417     42.5010261536
    45.6734733582     42.4996109009
    45.6790008545     42.4956932068
    45.6878890991     42.4880828857
    45.6895561218     42.4873886108
    45.6956100464     42.4848327637
    45.6981124878     42.4847488403
    45.7023887634     42.4845848083
    45.7079734802     42.484085083
    45.711971283     42.4836120605
    45.7170562744     42.4845542908
    45.7179718018     42.4847221375
    45.7323074341     42.4856109619
    45.7411956787     42.4861679077
    45.7514152527     42.4858894348
    45.7607765198     42.4810829163
    45.764377594     42.4776077271
    45.7678604126     42.4742507935
    45.7686958313     42.4726104736
    45.7721099854     42.4659156799
    45.7750549316     42.4561958313
    45.7745552063     42.4456939697
    45.7728881836     42.4363327026
    45.7662506104     42.4266395569
    45.7312507629     42.3858604431
    45.7278327942     42.3786125183
    45.7271957397     42.3759460449
    45.7263069153     42.3722229004
    45.73097229     42.3531112671
    45.730556488     42.344165802
    45.7243881226     42.3310546875
    45.7273330688     42.327999115
    45.7396125793     42.3201370239
    45.7434463501     42.3163604736
    45.7444458008     42.3110847473
    45.7450828552     42.3053321838
    45.7415008545     42.3013038635
    45.7348594666     42.2973327637
    45.7135543823     42.2905540466
    45.7023887634     42.2890014648
    45.6958351135     42.287109375
    45.6902770996     42.2874717712
    45.6834983826     42.2871665955
    45.672832489     42.2833061218
    45.666053772     42.2834739685
    45.6603889465     42.2877502441
    45.654335022     42.2901954651
    45.6466407776     42.2908325195
    45.6407203674     42.289390564
    45.6374168396     42.2846374512
    45.6236114502     42.2517776489
    45.613445282     42.231388092
    45.6061401367     42.2189712524
    45.6083869934     42.2145843506
    45.6125831604     42.2114982605
    45.6199150085     42.2101669312
    45.6250572205     42.208442688
    45.6304168701     42.2041931152
    45.6423072815     42.1947517395
    45.652053833     42.1926651001
    45.6651649475     42.1893615723
    45.6735839844     42.1850280762
    45.6910552979     42.1765823364
    45.6995544434     42.1738624573
    45.706111908     42.1695556641
    45.7278060913     42.1591682434
    45.74036026     42.1510543823
    45.7448043823     42.1408615112
    45.7505836487     42.1398048401
    45.757194519     42.1364440918
    45.7646369934     42.1307487488
    45.7686958313     42.125831604
    45.7838058472     42.119720459
    45.7948074341     42.1182785034
    45.80286026     42.1132507324
    45.8089179993     42.1112785339
    45.8184165955     42.110332489
    45.8283348083     42.1121406555
    45.8373336792     42.1137504578
    45.8502235413     42.1131668091
    45.8620834351     42.110332489
    45.8723907471     42.1073074341
    45.8841400146     42.1024169922
    45.9029159546     42.0902481079
    45.90650177     42.0880851746
    45.9072227478     42.0842781067
    45.9077224731     42.0816383362
    45.9074707031     42.0701942444
    45.9089164734     42.0621376038
    45.9128608704     42.0551376343
    45.9181671143     42.0504150391
    45.9243621826     42.0449981689
    45.9247779846     42.041305542
    45.9268608093     42.0339164734
    45.9310264587     42.030834198
    45.9400291443     42.026473999
    45.946723938     42.0253601074
    45.9539451599     42.0288314819
    45.961555481     42.0334434509
    45.9720573425     42.040473938
    45.9785270691     42.0412216187
    45.9869995117     42.0386962891
    45.9973602295     42.0368041992
    46.0049171448     42.0402488708
    46.014831543     42.0420570374
    46.0190544128     42.0407791138
    46.0219154358     42.0365829468
    46.0239181519     42.0273628235
    46.0255851746     42.0241127014
    46.030418396     42.0225830078
    46.0366096497     42.0233345032
    46.0422515869     42.0254707336
    46.0483055115     42.0296401978
    46.0541114807     42.035446167
    46.05991745     42.0407791138
    46.0675010681     42.0387229919
    46.0728340149     42.0349159241
    46.0750541687     42.0188064575
    46.0774726868     42.0118598938
    46.0823059082     42.0043907166
    46.0923042297     41.9961128235
    46.1034164429     41.9914169312
    46.1090011597     41.9926376343
    46.1113319397     41.9959983826
    46.1126403809     42.0033073425
    46.1137237549     42.0121955872
    46.1183052063     42.0175819397
    46.1223602295     42.0188331604
    46.1275291443     42.0175285339
    46.1332206726     42.014831543
    46.1653060913     41.9889450073
    46.1765823364     41.9874725342
    46.1916389465     41.9879455566
    46.2031402588     41.9903335571
    46.217666626     41.9979171753
    46.2261657715     42.0018043518
    46.2357788086     42.0033607483
    46.2412490845     42.0022773743
    46.245639801     41.9986953735
    46.2492218018     41.9912490845
    46.2591094971     41.9813346863
    46.2895851135     41.9602508545
    46.2955551147     41.9518318176
    46.3043327332     41.9499740601
    46.307888031     41.947303772
    46.3081665039     41.9470825195
    46.3098335266     41.9440536499
    46.3086662292     41.9392776489
    46.3091659546     41.9374427795
    46.3250541687     41.9365005493
    46.3291931152     41.9391098022
    46.3313064575     41.9436378479
    46.3323898315     41.9523048401
    46.3359985352     41.9563064575
    46.3415260315     41.9566116333
    46.34633255     41.9548606873
    46.3530006409     41.9475288391
    46.3586654663     41.9450836182
    46.3634147644     41.9474449158
    46.3732223511     41.9579162598
    46.3776397705     41.9600563049
    46.3822212219     41.9599151611
    46.3842506409     41.9575538635
    46.3861656189     41.9481124878
    46.3849983215     41.9385261536
    46.3885002136     41.9248886108
    46.3912773132     41.9197769165
    46.4187774658     41.9072227478
    46.4180831909     41.9056396484
    46.4162788391     41.8915290833
    46.4147491455     41.8796386719
    46.4114990234     41.8716659546
    46.4097518921     41.8674163818
    46.4033889771     41.8577232361
    46.3998069763     41.8491401672
    46.3937759399     41.8346672058
    46.3874740601     41.8244438171
    46.3811683655     41.8149185181
    46.3764457703     41.8090286255
    46.3714447021     41.8040542603
    46.3655281067     41.7988624573
    46.3574714661     41.7939147949
    46.3500823975     41.7912483215
    46.3399429321     41.7895278931
    46.3332214355     41.7886962891
    46.3303871155     41.7887229919
    46.3261680603     41.7887763977
    46.3200569153     41.7893066406
    46.3124160767     41.7891654968
    46.3069152832     41.7892227173
    46.3062515259     41.7890281677
    46.3049736023     41.7891654968
    46.3028907776     41.7887763977
    46.3008346558     41.7883605957
    46.2987213135     41.7869720459
    46.2984733582     41.7868041992
    46.2916946411     41.7803611755
    46.2925567627     41.7789726257
    46.2903594971     41.7783622742
    46.2885818481     41.7746658325
    46.2883338928     41.7741661072
    46.288028717     41.7728347778
    46.2848320007     41.7439155579
    46.2710571289     41.7209434509
    46.2713623047     41.71849823
    46.2721099854     41.7126655579
    46.2719459534     41.7120018005
    46.2699165344     41.7038612366
    46.2621116638     41.6914176941
    46.2556648254     41.6766929626
    46.2499427795     41.6635818481
    46.2481651306     41.659526825
    46.2475547791     41.6547775269
    46.2471122742     41.6513328552
    46.2506103516     41.6425018311
    46.2539710999     41.6398620605
    46.2602767944     41.6348876953
    46.25938797     41.6325569153
    46.2643623352     41.6315536499
    46.2723045349     41.6258049011
    46.2741661072     41.6230010986
    46.2744178772     41.6226119995
    46.2751121521     41.6215820313
    46.2738037109     41.614528656
    46.271194458     41.6109428406
    46.2698326111     41.6110572815
    46.2697486877     41.6110572815
    46.2666397095     41.6113052368
    46.2649993896     41.6095275879
    46.2667236328     41.6074180603
    46.2726402283     41.603805542
    46.283000946     41.6031951904
    46.2890548706     41.6028327942
    46.292640686     41.6000556946
    46.2926673889     41.6000289917
    46.294303894     41.598777771
    46.3009986877     41.5940551758
    46.3010292053     41.5940284729
    46.3028335571     41.5927772522
    46.3055000305     41.587387085
    46.3059997559     41.5866127014
    46.3062782288     41.583278656
    46.3018875122     41.5788345337
    46.3018608093     41.5788040161
    46.3012771606     41.5782203674
    46.3008041382     41.5777206421
    46.3003349304     41.5747489929
    46.3030815125     41.5706100464
    46.3031387329     41.5706100464
    46.3052787781     41.5700569153
    46.3049736023     41.5679740906
    46.3048057556     41.5658340454
    46.3084182739     41.5604171753
    46.3109169006     41.5559997559
    46.3155555725     41.5519447327
    46.3224983215     41.5450820923
    46.3250541687     41.5415840149
    46.338306427     41.5278892517
    46.3386650085     41.5265007019
    46.3405570984     41.5191116333
    46.3379173279     41.5047492981
    46.3421669006     41.498916626
    46.3485832214     41.4947509766
    46.3518600464     41.4926376343
    46.353553772     41.4921684265
    46.3699989319     41.4876670837
    46.3754730225     41.4861679077
    46.3811378479     41.4846115112
    46.3857498169     41.4833335876
    46.3914718628     41.4814147949
    46.3998336792     41.4786109924
    46.4114456177     41.4747238159
    46.4130554199     41.4705543518
    46.413444519     41.4613876343
    46.4160842896     41.4599151611
    46.4201126099     41.4597511292
    46.43775177     41.4589996338
    46.4385566711     41.4589729309
    46.4428062439     41.4572792053
    46.4448051453     41.4565010071
    46.4510269165     41.4517211914
    46.4538345337     41.4495544434
    46.4620018005     41.4380569458
    46.4669723511     41.4350814819
    46.4696655273     41.4334716797
    46.4725837708     41.4319458008
    46.488861084     41.4234428406
    46.5035552979     41.4197769165
    46.5205841064     41.4146385193
    46.523639679     41.4138069153
    46.5367507935     41.4102210999
    46.5488319397     41.4065551758
    46.5496406555     41.4057235718
    46.552028656     41.4050559998
    46.56275177     41.4020843506
    46.5635261536     41.3986930847
    46.5934715271     41.3918037415
    46.5939712524     41.3910293579
    46.5962486267     41.3875274658
    46.5962791443     41.3875007629
    46.5971107483     41.3861656189
    46.5989723206     41.3860015869
    46.6007232666     41.3858337402
    46.6014709473     41.3910560608
    46.601776123     41.3931121826
    46.6052207947     41.3948326111
    46.6080284119     41.3908042908
    46.6091384888     41.3892211914
    46.6053352356     41.3815536499
    46.6065826416     41.3805274963
    46.6085281372     41.3789176941
    46.6127510071     41.3783073425
    46.616859436     41.3809165955
    46.621055603     41.3881111145
    46.6226387024     41.3877792358
    46.6227493286     41.383140564
    46.6185836792     41.378112793
    46.6178627014     41.3772239685
    46.6198883057     41.3763046265
    46.6263885498     41.3733596802
    46.6296958923     41.3798065186
    46.6308326721     41.3809165955
    46.6334457397     41.3783073425
    46.6334724426     41.378276825
    46.6374168396     41.3743057251
    46.6388626099     41.372833252
    46.6362495422     41.369304657
    46.6357765198     41.3686676025
    46.633026123     41.364944458
    46.6327514648     41.3645553589
    46.6322517395     41.3638877869
    46.6305007935     41.3638877869
    46.6301116943     41.3638877869
    46.6222229004     41.3637771606
    46.6183052063     41.3595542908
    46.620388031     41.3585014343
    46.6235847473     41.3566665649
    46.6306381226     41.3570823669
    46.6319160461     41.35597229
    46.631942749     41.3559455872
    46.63697052     41.3515815735
    46.6372795105     41.3520011902
    46.6372795105     41.3520278931
    46.6424179077     41.359249115
    46.64427948     41.3618888855
    46.6429176331     41.3663597107
    46.6428604126     41.3665847778
    46.6425018311     41.3676681519
    46.6441650391     41.3699150085
    46.649887085     41.3690261841
    46.6520843506     41.3652763367
    46.6517219543     41.3618621826
    46.6517219543     41.361831665
    46.6504173279     41.3513336182
    46.6472206116     41.350112915
    46.6464996338     41.3482780457
    46.6500282288     41.34633255
    46.6519432068     41.3475570679
    46.655418396     41.3498039246
    46.6591949463     41.3469429016
    46.6588897705     41.3458900452
    46.65650177     41.337638855
    46.6583061218     41.3357505798
    46.6587791443     41.3352508545
    46.6622505188     41.3371963501
    46.6663627625     41.3349990845
    46.6718902588     41.3359451294
    46.6725273132     41.3366127014
    46.6741676331     41.3383903503
    46.6795539856     41.3370819092
    46.6805000305     41.3354721069
    46.6812515259     41.333694458
    46.6812210083     41.3336372375
    46.6796951294     41.3313598633
    46.6783905029     41.3294181824
    46.6784706116     41.329082489
    46.6803894043     41.3255844116
    46.6819725037     41.3224182129
    46.6799736023     41.3169708252
    46.6801681519     41.3163871765
    46.6805839539     41.3151092529
    46.6807785034     41.3145294189
    46.6809158325     41.3141098022
    46.6821098328     41.3130569458
    46.6826400757     41.3125839233
    46.68775177     41.3080825806
    46.6878051758     41.3080291748
    46.688331604     41.3075561523
    46.6901397705     41.3059997559
    46.6911659241     41.3040008545
    46.6916122437     41.30311203
    46.6881370544     41.2982788086
    46.6895561218     41.2963905334
    46.698223114     41.2951393127
    46.7043037415     41.2942771912
    46.7116394043     41.2901115417
    46.7173347473     41.2892227173
    46.7212219238     41.2887763977
    46.7227783203     41.2885818481
    46.7259712219     41.2861938477
    46.7218894958     41.2789993286
    46.7163619995     41.2782783508
    46.7135276794     41.2817497253
    46.7121391296     41.2834739685
    46.7108612061     41.2821655273
    46.7085838318     41.2798347473
    46.7085571289     41.2798042297
    46.7056655884     41.2768058777
    46.6980018616     41.2658348083
    46.6909446716     41.2601928711
    46.6909179688     41.2601661682
    46.6900291443     41.2594718933
    46.6908340454     41.2582206726
    46.6947517395     41.2522239685
    46.6886405945     41.2361373901
    46.6816940308     41.2320289612
    46.6727218628     41.2299728394
    46.6725273132     41.2299156189
    46.6712493896     41.229637146
    46.669303894     41.2235832214
    46.6686401367     41.2230262756
    46.6645545959     41.2192764282
    46.662361145     41.2173042297
    46.662361145     41.217250824
    46.6633071899     41.2136383057
    46.65599823     41.2100830078
    46.6516113281     41.203918457
    46.6537513733     41.1949157715
    46.6538314819     41.1945266724
    46.6546669006     41.191028595
    46.6607513428     41.1851119995
    46.6610832214     41.1845016479
    46.6590538025     41.180305481
    46.6588592529     41.179889679
    46.6585006714     41.1691093445
    46.6584739685     41.1690826416
    46.6553344727     41.1669158936
    46.6552505493     41.1668624878
    46.6513900757     41.1642227173
    46.6513595581     41.1641960144
    46.6503067017     41.163444519
    46.6484451294     41.1578063965
    46.6485290527     41.1566963196
    46.650554657     41.128692627
    46.6506385803     41.1277236938
    46.64402771     41.1199150085
    46.6438598633     41.1116371155
    46.6383323669     41.1074180603
    46.6378326416     41.1070556641
    46.6358070374     41.1021652222
    46.631942749     41.1008605957
    46.629196167     41.0995292664
    46.625831604     41.0981941223
    46.6221961975     41.0982513428
    46.6216392517     41.0984725952
    46.6186103821     41.0996932983
    46.6153068542     41.1011123657
    46.6117210388     41.1036682129
    46.6084442139     41.1062240601
    46.604888916     41.109500885
    46.6019172668     41.111831665
    46.596862793     41.115776062
    46.5935554504     41.116973877
    46.5899429321     41.1174736023
    46.5869445801     41.118221283
    46.5830001831     41.1184997559
    46.5784721375     41.1187782288
    46.5727233887     41.1190834045
    46.5684738159     41.118221283
    46.5674705505     41.1175270081
    46.5632209778     41.1146392822
    46.5595283508     41.1110267639
    46.5526657104     41.1031112671
    46.5495567322     41.0992774963
    46.5448875427     41.0933876038
    46.5424156189     41.0906677246
    46.5390014648     41.0875015259
    46.5339431763     41.082195282
    46.533416748     41.0816383362
    46.5303344727     41.0786933899
    46.5244445801     41.0716934204
    46.5200538635     41.0653343201
    46.5169448853     41.0608062744
    46.5144462585     41.0576095581
    46.5089149475     41.0540275574
    46.5037498474     41.0531959534
    46.5001373291     41.0532493591
    46.4959182739     41.0546684265
    46.491443634     41.057472229
    46.4902763367     41.0588607788
    46.4873352051     41.0632514954
    46.4858627319     41.0648612976
    46.4799728394     41.0727233887
    46.4770545959     41.0775566101
    46.4738349915     41.0826377869
    46.4730262756     41.085193634
    46.4729728699     41.0853881836
    46.4703330994     41.089553833
    46.4665260315     41.095085144
    46.4629440308     41.0971946716
    46.4590263367     41.0986404419
    46.453918457     41.100528717
    46.4494171143     41.1017227173
    46.4448890686     41.1024703979
    46.4397506714     41.1032218933
    46.4361381531     41.1037216187
    46.4282493591     41.10313797
    46.415222168     41.1023902893
    46.4000549316     41.101890564
    46.3891372681     41.0999450684
    46.3808898926     41.0966110229
    46.3695259094     41.0941123962
    46.3683624268     41.0934715271
    46.3660545349     41.0958328247
    46.348110199     41.099609375
    46.3468055725     41.1033058167
    46.3454704285     41.1070289612
    46.341999054     41.1094436646
    46.3355293274     41.107334137
    46.3328323364     41.113609314
    46.3250007629     41.1140823364
    46.3218612671     41.1197509766
    46.3218345642     41.1197776794
    46.3170547485     41.1237220764
    46.3160018921     41.1235542297
    46.3159713745     41.1235542297
    46.310333252     41.1225814819
    46.308555603     41.1237792969
    46.3106384277     41.1268615723
    46.3094711304     41.1290016174
    46.3060569763     41.1281661987
    46.3060264587     41.1281661987
    46.3005561829     41.1267776489
    46.2982788086     41.1307220459
    46.2941932678     41.1377487183
    46.2908325195     41.1373901367
    46.2868614197     41.1349449158
    46.2855262756     41.1341094971
    46.2822494507     41.1366386414
    46.2718887329     41.1446380615
    46.2703895569     41.1458053589
    46.2685852051     41.1471939087
    46.266998291     41.1557502747
    46.2636680603     41.1545295715
    46.2636108398     41.154499054
    46.2629737854     41.1542778015
    46.2621650696     41.156665802
    46.2620544434     41.1569709778
    46.260887146     41.1603050232
    46.258972168     41.1603622437
    46.2557487488     41.1604728699
    46.2546386719     41.1623344421
    46.2557487488     41.1640548706
    46.256942749     41.1659164429
    46.2532234192     41.1699180603
    46.2555847168     41.174446106
    46.2526931763     41.1772766113
    46.2473068237     41.177444458
    46.2472496033     41.177444458
    46.2460823059     41.1766929626
    46.2454719543     41.1757507324
    46.2454452515     41.1757774353
    46.2372207642     41.1751098633
    46.2249183655     41.1770820618
    46.1968040466     41.1841125488
    46.1886672974     41.1850280762
    46.1525001526     41.183139801
    46.1462783813     41.1856117249
    46.139831543     41.1901397705
    46.1311683655     41.1972503662
    46.1212501526     41.2053604126
    46.1065559387     41.2023620605
    46.1025543213     41.2015571594
    46.099193573     41.1923065186
    46.0954704285     41.182056427
    46.0818595886     41.1762771606
    46.0657234192     41.1808624268
    46.0533905029     41.1825828552
    46.0275840759     41.1814994812
    46.0052490234     41.1832771301
    45.996055603     41.1812515259
    45.9762496948     41.1788063049
    45.9629707336     41.1796379089
    45.9533042908     41.1801376343
    45.9439163208     41.1804161072
    45.9180831909     41.1914176941
    45.8969726563     41.2057228088
    45.8737792969     41.215057373
    45.8567771912     41.2210006714
    45.8447761536     41.2233886719
    45.8208045959     41.2226676941
    45.8060569763     41.2248878479
    45.7874984741     41.2301673889
    45.7771682739     41.2363891602
    45.7671394348     41.2421684265
    45.7453613281     41.2502784729
    45.7428627014     41.2515258789
    45.730556488     41.2577514648
    45.7172241211     41.2647514343
    45.7033042908     41.2790565491
    45.6908607483     41.292640686
    45.6804733276     41.304359436
    45.6764717102     41.3097229004
    45.676612854     41.313167572
    45.6795539856     41.3176651001
    45.6850547791     41.3184432983
    45.6901664734     41.3242492676
    45.6926651001     41.3283882141
    45.695110321     41.3323898315
    45.7013320923     41.3361129761
    45.7054710388     41.3403625488
    45.7098045349     41.3418617249
    45.7180557251     41.3429985046
    45.7305259705     41.3431663513
    45.735748291     41.3443870544
    45.7379722595     41.3470840454
    45.7366104126     41.3500823975
    45.7278060913     41.3569717407
    45.72133255     41.3614730835
    45.7151947021     41.3668899536
    45.7094459534     41.3670539856
    45.688331604     41.3572769165
    45.6810569763     41.3579177856
    45.6711654663     41.3604431152
    45.6443595886     41.3725814819
    45.6390266418     41.3735847473
    45.6331939697     41.3746681213
    45.6155281067     41.373500824
    45.5974159241     41.3696098328
    45.5890007019     41.3716392517
    45.5806121826     41.3743629456
    45.5750007629     41.3777236938
    45.5697212219     41.3824157715
    45.5664176941     41.3973884583
    45.5629997253     41.402721405
    45.5616111755     41.4057235718
    45.5496406555     41.4099159241
    45.5149459839     41.4164733887
    45.4956932068     41.4215011597
    45.4867515564     41.4255828857
    45.4811401367     41.4296112061
    45.4644432068     41.4446678162
    45.4572486877     41.4475822449
    45.4493904114     41.4484443665
    45.447971344     41.4484443665
    45.4414710999     41.448387146
    45.4369430542     41.4491958618
    45.4322776794     41.4448890686
    45.4211387634     41.4346656799
    45.4129981995     41.4288902283
    45.407081604     41.4260559082
    45.399471283     41.4253044128
    45.3918876648     41.4257240295
    45.3668060303     41.4375
    45.345085144     41.4494171143
    45.3306388855     41.4611930847
    45.3171653748     41.4667510986
    45.3068618774     41.4681129456
    45.2994995117     41.4664459229
    45.2932777405     41.4626960754
    45.2889175415     41.4604988098
    45.2813339233     41.4608879089
    45.2736663818     41.4592208862
    45.2660560608     41.4591407776
    45.2605819702     41.4590263367
    45.2539710999     41.4534454346
    45.2456665039     41.4353065491
    45.237361908     41.4325294495
    45.2314987183     41.429359436
    45.23072052     41.428943634
    45.2233886719     41.4250259399
    45.21616745     41.4185295105
    45.2138900757     41.4170265198
    45.2135009766     41.4167518616
    45.2065010071     41.412109375
    45.2012786865     41.411277771
    45.1915016174     41.4098892212
    45.1853599548     41.4089164734
    45.1786651611     41.4078598022
    45.1745834351     41.4060821533
    45.172164917     41.4050292969
    45.1684989929     41.4016685486
    45.1652793884     41.3987503052
    45.1576957703     41.391582489
    45.1446380615     41.3831672668
    45.1408042908     41.3785018921
    45.1312789917     41.3669433594
    45.1126098633     41.3462486267
    45.1032218933     41.3381958008
    45.0942230225     41.33411026
    45.0911941528     41.3327217102
    45.0828895569     41.3309707642
    45.0774154663     41.3298072815
    45.0708351135     41.3279151917
    45.0691375732     41.3274459839
    45.0579986572     41.321472168
    45.0465278625     41.3148345947
    45.0247497559     41.3079185486
    45.0161933899     41.3058052063
    45.0103607178     41.3043060303
    45.0040550232     41.3014183044
    45.0     41.301612854
    44.9957237244     41.3018341064
    44.98802948     41.2989997864
    44.9737510681     41.2891960144
    44.9669151306     41.284526825
    44.9616661072     41.2816390991
    44.9570007324     41.2783050537
    44.9535293579     41.274471283
    44.951751709     41.2660293579
    44.9460296631     41.2585830688
    44.9366111755     41.2578315735
    44.9259986877     41.2582778931
    44.9034156799     41.2628059387
    44.8988609314     41.2628898621
    44.890914917     41.2609710693
    44.8863601685     41.2608337402
    44.8795013428     41.2643890381
    44.866443634     41.2730827332
    44.8622207642     41.2738342285
    44.8570556641     41.2736930847
    44.8498039246     41.2745285034
    44.8321113586     41.2805557251
    44.8320541382     41.2806396484
    44.8193321228     41.2986373901
    44.8181114197     41.2995834351
    44.816696167     41.2999725342
    44.8141098022     41.3009986877
    44.8025283813     41.2856941223
    44.8022766113     41.2848052979
    44.802192688     41.284526825
    44.8018341064     41.2833595276
    44.8015556335     41.2823905945
    44.8069152832     41.2764434814
    44.8069152832     41.2759437561
    44.8069152832     41.2758331299
    44.8069725037     41.2715263367
    44.7987785339     41.2669448853
    44.7958068848     41.2632484436
    44.7976951599     41.2594985962
    44.7995262146     41.255859375
    44.8162498474     41.2374725342
    44.8238334656     41.2320823669
    44.8251647949     41.2311401367
    44.834526062     41.2290267944
    44.8416938782     41.2274169922
    44.8503341675     41.2222213745
    44.8583869934     41.2211380005
    44.8625564575     41.2156105042
    44.8658332825     41.2146949768
    44.8653907776     41.2132759094
    44.864944458     41.2118606567
    44.8647766113     41.2113037109
    44.8550567627     41.2105827332
    44.8453598022     41.2100563049
    44.8353881836     41.2109184265
    44.8341407776     41.2113609314
    44.8111114502     41.2198066711
    44.801776886     41.2215538025
    44.7944717407     41.2210006714
    44.7868041992     41.2179450989
    44.7786941528     41.2203598022
    44.7591667175     41.2154159546
    44.745223999     41.2154426575
    44.7373046875     41.2144165039
    44.7308349609     41.2101669312
    44.7280540466     41.2083892822
    44.7170829773     41.2060546875
    44.7116928101     41.2081947327
    44.710723877     41.2166938782
    44.7077484131     41.2190284729
    44.703250885     41.2204704285
    44.693862915     41.2201652527
    44.6837768555     41.2175827026
    44.6780281067     41.2178878784
    44.6723060608     41.2191390991
    44.6666946411     41.2244987488
    44.6638336182     41.2302513123
    44.6591949463     41.2319984436
    44.6587486267     41.2321662903
    44.6286392212     41.2317237854
    44.6284179688     41.2317237854
    44.6175842285     41.2341957092
    44.6109428406     41.2349739075
    44.6078605652     41.233417511
    44.60597229     41.23072052
    44.6041679382     41.2275009155
    44.6016654968     41.2230567932
    44.6002235413     41.220500946
    44.5971946716     41.2093315125
    44.5961952209     41.2033348083
    44.5950279236     41.1963348389
    44.5936927795     41.1926651001
    44.5899734497     41.1890830994
    44.5866127014     41.1875267029
    44.5795822144     41.185585022
    44.5796661377     41.1995277405
    44.5764427185     41.2036933899
    44.5715827942     41.2033042908
    44.5560264587     41.1996650696
    44.5486946106     41.1968040466
    44.5376663208     41.1926116943
    44.5336952209     41.1908340454
    44.5300559998     41.1904182434
    44.5237236023     41.192111969
    44.5101127625     41.1942481995
    44.5137786865     41.2031097412
    44.516418457     41.2079429626
    44.5208625793     41.214138031
    44.5246963501     41.2215003967
    44.5246124268     41.2274436951
    44.5218315125     41.2301673889
    44.5160560608     41.2312507629
    44.5069732666     41.2298049927
    44.498249054     41.2260818481
    44.4916648865     41.2214431763
    44.483001709     41.2142791748
    44.4758605957     41.2066650391
    44.4689712524     41.2013320923
    44.4638900757     41.1974182129
    44.4515838623     41.1906661987
    44.4386672974     41.1868057251
    44.4354705811     41.1876678467
    44.4229431152     41.1944732666
    44.405582428     41.2029457092
    44.386806488     41.2162513733
    44.3523597717     41.2322502136
    44.3466110229     41.2336959839
    44.3417778015     41.2333068848
    44.3359451294     41.2308616638
    44.3328323364     41.2265548706
    44.3313903809     41.2171936035
    44.3316116333     41.2137489319
    44.329082489     41.2092208862
    44.3251113892     41.2074432373
    44.3224449158     41.2079429626
    44.3184738159     41.2086677551
    44.298915863     41.2150840759
    44.2913627625     41.2158622742
    44.2795562744     41.2164726257
    44.259223938     41.2144432068
    44.2480545044     41.2164154053
    44.2447776794     41.21849823
    44.2430839539     41.2242507935
    44.2408905029     41.2348060608
    44.2358322144     41.2398872375
    44.2295570374     41.2433891296
    44.2262496948     41.2443618774
    44.2222213745     41.2407493591
    44.2148323059     41.2351112366
    44.2105560303     41.2344703674
    44.2023887634     41.2345542908
    44.1954460144     41.2360267639
    44.1831932068     41.2443885803
    44.1789169312     41.2442779541
    44.177444458     41.2442207336
    44.1734161377     41.2408599854
    44.1718330383     41.2376670837
    44.172668457     41.2330818176
    44.175693512     41.2283325195
    44.1791114807     41.222946167
    44.1802482605     41.2192497253
    44.1745567322     41.2090263367
    44.1692237854     41.19947052
    44.1643066406     41.1958618164
    44.157585144     41.192527771
    44.1518058777     41.1909713745
    44.1448059082     41.1896934509
    44.1354179382     41.1891098022
    44.0939445496     41.1902503967
    44.0746650696     41.1916389465
    44.0661659241     41.1912765503
    44.0567512512     41.1897773743
    44.0405845642     41.183303833
    44.0302505493     41.1808891296
    44.0205574036     41.1800842285
    44.0080833435     41.176776886
    43.9983062744     41.1713905334
    43.9909172058     41.164806366
    43.9819984436     41.1568870544
    43.9762496948     41.15625
    43.9653892517     41.157749176
    43.953666687     41.1626663208
    43.9461402893     41.165473938
    43.9343338013     41.1655845642
    43.8995285034     41.1647491455
    43.8861961365     41.1639709473
    43.8710823059     41.1652488708
    43.8532485962     41.166305542
    43.8444442749     41.165473938
    43.8228607178     41.1583328247
    43.7917785645     41.1421928406
    43.7890281677     41.140750885
    43.7768592834     41.1371955872
    43.769859314     41.1329154968
    43.7652511597     41.1274452209
    43.7560539246     41.1188316345
    43.7505264282     41.113609314
    43.7447509766     41.1115837097
    43.7296676636     41.1137504578
    43.71849823     41.1182785034
    43.7164459229     41.1191101074
    43.7061958313     41.1219444275
    43.6920814514     41.1311950684
    43.6830825806     41.1353874207
    43.6755561829     41.138168335
    43.6670570374     41.1375541687
    43.6524429321     41.1300849915
    43.6366653442     41.1253890991
    43.6251945496     41.1256942749
    43.6133880615     41.1255569458
    43.6007499695     41.1320266724
    43.5893592834     41.1401100159
    43.5746116638     41.1475296021
    43.5655555725     41.1494178772
    43.5534706116     41.1499443054
    43.5413627625     41.1488609314
    43.5325546265     41.145942688
    43.5164451599     41.1396102905
    43.5033874512     41.1348876953
    43.4903335571     41.1294708252
    43.4852485657     41.1288604736
    43.4848899841     41.1288070679
    43.4800567627     41.1290550232
    43.475528717     41.1295547485
    43.4712791443     41.1298065186
    43.4629173279     41.1412773132
    43.4596939087     41.1525001526
    43.4555282593     41.1609992981
    43.4510574341     41.1671943665
    43.4450569153     41.1729431152
    43.4372215271     41.1793899536
    43.4242515564     41.1833343506
    43.4130821228     41.1861381531
    43.4052238464     41.1882209778
    43.3982772827     41.191444397
    43.3841094971     41.1995277405
    43.37474823     41.2018623352
    43.36536026     41.2023620605
    43.3553619385     41.2012481689
    43.317779541     41.1929168701
    43.2743873596     41.181640625
    43.2480545044     41.1773605347
    43.236831665     41.1764984131
    43.2265548706     41.1760559082
    43.2335548401     41.18724823
    43.2320289612     41.1919708252
    43.2317771912     41.1927490234
    43.2089996338     41.2298316956
    43.2052497864     41.2359428406
    43.1981391907     41.2475280762
    43.1920814514     41.2521095276
    43.1854438782     41.2537231445
    43.1760559082     41.2546653748
    43.16847229     41.2526397705
    43.1532783508     41.2455558777
    43.1314735413     41.2497215271
    43.1273345947     41.2521095276
    43.123916626     41.2540817261
    43.1281661987     41.2575263977
    43.1406097412     41.2629737854
    43.1509437561     41.2663879395
    43.1594429016     41.268196106
    43.1749153137     41.2750282288
    43.1879997253     41.2850837708
    43.1965293884     41.289390564
    43.19713974     41.2923622131
    43.201084137     41.2946395874
    43.2029151917     41.2973899841
    43.2024993896     41.2994728088
    43.202331543     41.3003616333
    43.1990013123     41.3035850525
    43.191444397     41.3065567017
    43.1867790222     41.3078613281
    43.1847763062     41.3084182739
    43.1750831604     41.3095817566
    43.1665840149     41.3091392517
    43.1599159241     41.3105278015
    43.1550827026     41.3155822754
    43.1484184265     41.3162765503
    43.129611969     41.3179168701
    43.1244735718     41.3241119385
    43.118473053     41.3323898315
    43.1172790527     41.3340263367
    43.1163330078     41.3353347778
    43.1060562134     41.3499984741
    43.1015281677     41.3545837402
    43.0663604736     41.3688316345
    43.0472221375     41.3697509766
    43.0366096497     41.3750267029
    43.0296096802     41.3769454956
    43.0247764587     41.3782501221
    43.016582489     41.3874168396
    43.0096092224     41.3972511292
    43.000831604     41.402973175
    42.9935569763     41.4071121216
    42.9896125793     41.412361145
    42.9899177551     41.4183349609
    42.9841651917     41.4268074036
    42.9768600464     41.4309158325
    42.973526001     41.4336662292
    42.9738349915     41.4398345947
    42.973526001     41.4462509155
    42.969581604     41.451499939
    42.9577484131     41.4547233582
    42.9449729919     41.4581375122
    42.9379730225     41.4659461975
    42.9313049316     41.4725837708
    42.9045295715     41.4808044434
    42.9024162292     41.4846954346
    42.9033317566     41.4920272827
    42.9021110535     41.4991111755
    42.8954162598     41.503692627
    42.8838615417     41.5034713745
    42.8759460449     41.5027770996
    42.8661956787     41.4991111755
    42.8637771606     41.4906387329
    42.8613319397     41.4840011597
    42.8586120605     41.4791946411
    42.8561935425     41.4753036499
    42.8519172668     41.4727783203
    42.849861145     41.472694397
    42.8470573425     41.4725570679
    42.8415565491     41.4758071899
    42.8412780762     41.4759712219
    42.8358039856     41.480556488
    42.8306121826     41.4833068848
    42.8261375427     41.484085083
    42.8227233887     41.484664917
    42.8096122742     41.4926681519
    42.8097763062     41.4954986572
    42.80991745     41.4983901978
    42.8071670532     41.5031929016
    42.8067779541     41.5034446716
    42.8003044128     41.5077514648
    42.7997779846     41.5080833435
    42.7992515564     41.5084457397
    42.7943878174     41.5123329163
    42.79347229     41.5164451599
    42.7951393127     41.5198898315
    42.7976951599     41.525138855
    42.8046951294     41.5288047791
    42.8118057251     41.530582428
    42.8120002747     41.5306396484
    42.8208351135     41.5359153748
    42.8197517395     41.5440559387
    42.818359375     41.5546951294
    42.818359375     41.5576667786
    42.8204994202     41.5604171753
    42.8265838623     41.5624732971
    42.8287506104     41.5634155273
    42.832359314     41.5649986267
    42.8387489319     41.5707206726
    42.8367500305     41.580696106
    42.8363037109     41.5828323364
    42.8293037415     41.587890625
    42.7933349609     41.5885276794
    42.7890815735     41.5846405029
    42.786945343     41.5814170837
    42.7836112976     41.5782203674
    42.7799453735     41.5788879395
    42.7726402283     41.5827789307
    42.7628898621     41.58436203
    42.7470283508     41.5912208557
    42.7400016785     41.594165802
    42.7333068848     41.5943870544
    42.7214164734     41.5971107483
    42.7083053589     41.5979995728
    42.685749054     41.5974998474
    42.6778335571     41.5972518921
    42.6647491455     41.5945014954
    42.6556129456     41.5921669006
    42.6434173584     41.5896377563
    42.6382484436     41.5891685486
    42.6281929016     41.5866127014
    42.6214981079     41.5843048096
    42.6071929932     41.5858612061
    42.6023330688     41.5838050842
    42.596862793     41.5762214661
    42.5959129333     41.5757141113
    42.5917205811     41.5734710693
    42.58411026     41.5702514648
    42.5798606873     41.5661125183
    42.5780563354     41.5617485046
    42.5786933899     41.5562782288
    42.5787239075     41.5503349304
    42.5775566101     41.5443611145
    42.5651664734     41.5253334045
    42.5682220459     41.5221405029
    42.5694999695     41.5109176636
    42.5628051758     41.5088348389
    42.5564460754     41.5044708252
    42.548915863     41.493473053
    42.5358314514     41.4943351746
    42.5315818787     41.4915847778
    42.5303878784     41.4863052368
    42.5264434814     41.4833068848
    42.5191650391     41.4814720154
    42.5161399841     41.4791679382
    42.5101127625     41.4686126709
    42.5150260925     41.4617767334
    42.5208625793     41.4549179077
    42.5227508545     41.4488067627
    42.5233345032     41.4469184875
    42.5230560303     41.4432792664
    42.5203323364     41.4400558472
    42.5136375427     41.4398040771
    42.5045013428     41.4454727173
    42.4965820313     41.4452209473
    42.4713897705     41.439414978
    42.4712715149     41.4394187927
    42.4565010071     41.4400291443
    42.4470825195     41.4404449463
    42.4394454956     41.4429168701
    42.4296684265     41.4501953125
    42.4147224426     41.4572219849
    42.4113349915     41.4611129761
    42.4076652527     41.466583252
    42.3854446411     41.4662513733
    42.3711662292     41.4645843506
    42.3623352051     41.4684181213
    42.3580551147     41.4695549011
    42.3549995422     41.4708900452
    42.3522491455     41.472946167
    42.3479995728     41.4729156494
    42.3406944275     41.4721946716
    42.3340263367     41.4710273743
    42.3251647949     41.4737205505
    42.3178062439     41.480556488
    42.3104705811     41.4839439392
    42.3031654358     41.4857215881
    42.2973594666     41.4893608093
    42.2887763977     41.4941101074
    42.2817764282     41.495223999
    42.2641677856     41.493057251
    42.2498054504     41.4970817566
    42.2336959839     41.4965286255
    42.2139167786     41.4957237244
    42.20936203     41.4956932068
    42.203918457     41.4935836792
    42.1983070374     41.5059165955
    42.1952209473     41.5081939697
    42.1900291443     41.5095291138
    42.1838874817     41.5144996643
    42.1714172363     41.5148887634
    42.1608047485     41.5116119385
    42.1520004272     41.5092506409
    42.1456108093     41.509223938
    42.1371116638     41.5082511902
    42.1295280457     41.506362915
    42.120388031     41.5058326721
    42.118473053     41.5129165649
    42.1117782593     41.5137786865
    42.1020851135     41.5093612671
    42.0917205811     41.5111122131
    42.0871658325     41.5117759705
    42.0789718628     41.5094184875
    42.07213974     41.5056648254
    42.0535850525     41.4954986572
    42.0481376648     41.4945259094
    42.0414161682     41.4960823059
    42.0184707642     41.5055007935
    42.0102233887     41.506362915
    42.0     41.5062484741
    41.9968605042     41.5062484741
    41.9925842285     41.5066680908
    41.9894714355     41.5107498169
    41.9890823364     41.5162506104
    41.9788322449     41.5239715576
    41.9770851135     41.5253067017
    41.9551925659     41.5246391296
    41.9473876953     41.5165557861
    41.939250946     41.5123596191
    41.9295845032     41.5074729919
    41.9229431152     41.5037498474
    41.9180831909     41.5023345947
    41.9074707031     41.500415802
    41.9033622742     41.4916648865
    41.896446228     41.4870262146
    41.8962516785     41.4841957092
    41.895942688     41.4792518616
    41.8854446411     41.4700012207
    41.8786125183     41.4609985352
    41.8707504272     41.4588890076
    41.8519706726     41.4545822144
    41.8499183655     41.449306488
    41.8412513733     41.4400558472
    41.8346099854     41.4376945496
    41.8276672363     41.4344444275
    41.8231124878     41.4346122742
    41.81508255     41.4425544739
    41.811000824     41.4486961365
    41.8045845032     41.450668335
    41.7999992371     41.4524726868
    41.7902488708     41.4544181824
    41.7876663208     41.4614982605
    41.78125     41.4641685486
    41.7754440308     41.4659461975
    41.7677764893     41.4686126709
    41.7622489929     41.4712791443
    41.7540016174     41.4737205505
    41.7451934814     41.4733886719
    41.7284736633     41.4729995728
    41.7277793884     41.473110199
    41.7211380005     41.4742774963
    41.715637207     41.4751396179
    41.714389801     41.4769706726
    41.713470459     41.4783058167
    41.7158050537     41.4831390381
    41.7165260315     41.4835548401
    41.7206115723     41.4859428406
    41.7214431763     41.4898605347
    41.7192764282     41.4933624268
    41.7186393738     41.4943885803
    41.7088317871     41.4977226257
    41.6758880615     41.486831665
    41.6637496948     41.4846382141
    41.6549453735     41.4836120605
    41.6460838318     41.4864997864
    41.6208610535     41.4990005493
    41.6078872681     41.5079994202
    41.5889167786     41.5135002136
    41.5828056335     41.5150260925
    41.5787239075     41.5200004578
    41.5710830688     41.5221939087
    41.5585289001     41.5228881836
    41.5576667786     41.5229454041
    41.5493888855     41.5260543823
    41.547000885     41.5265007019
    41.5483627319     41.5318870544
    41.5493717377     41.5328987772
    41.4227893459     41.5257673748
    41.1761288188     41.7952668397
    40.865519266     42.1880965681
    40.3950371494     42.8686969116
    39.951961758     43.3072045154
    40.0142459895     43.3830287973
    40.0102500916     43.3832511902
END
END
