POLY
1
   26.384413  35.045509
   26.330805  34.962242
   26.278364  34.931183
   26.250376  34.871666
   26.159657  34.817493
   26.063932  34.829586
   26.023766  34.862217
   26.001446  34.913254
   25.93716  34.929573
   25.8645  34.908375
   25.867384  34.853729
   25.833851  34.804688
   25.591505  34.804688
   25.565826  34.834667
   25.558332  34.886753
   25.379843  34.888813
   25.109304  34.831223
   24.71418  34.81982
   24.643553  34.84927
   24.609293  34.902866
   24.537838  34.905807
   24.488697  34.927876
   24.451077  34.978455
   24.452703  35.047245
   24.33814  35.08012
   24.020086  35.092236
   23.832041  35.138615
   23.66988  35.118908
   23.53124  35.141018
   23.48877  35.166718
   23.48877  35.793457
   26.433105  35.793457
   26.433105  35.157932
   26.384413  35.045509
END
END
