POLY
1
   8.440919  46.486511
   8.477931  46.464054
   8.479208  46.32122
   8.454958  46.296967
   8.483037  46.252048
   8.539162  46.228741
   8.640019  46.142456
   8.72936  46.115505
   8.730637  46.083168
   8.749781  46.020287
   8.590244  45.897217
   8.615228  45.83514
   8.573111  45.78933
   8.610123  45.744411
   8.638201  45.741718
   8.666758  45.716228
   8.661398  45.689278
   8.687881  45.6768
   8.682456  45.662598
   8.698187  45.640148
   8.684626  45.628315
   8.702526  45.613808
   8.709865  45.597355
   8.707631  45.584106
   8.701033  45.579838
   8.706393  45.573048
   8.711217  45.549252
   8.721195  45.532276
   8.716409  45.524998
   8.723301  45.51609
   8.726938  45.507332
   8.738042  45.503155
   8.758526  45.500999
   8.776216  45.488548
   8.78505  45.492058
   8.794565  45.490143
   8.798503  45.464409
   8.832899  45.437862
   8.833792  45.418774
   8.849426  45.402737
   8.844959  45.389534
   8.811458  45.375385
   8.773902  45.374889
   8.75412  45.368153
   8.771988  45.347042
   8.719022  45.290001
   8.650741  45.281868
   8.63032  45.319599
   8.560123  45.33577
   8.544808  45.296242
   8.574163  45.225277
   8.593307  45.210003
   8.589478  45.179462
   8.666056  45.07436
   8.70945  45.050106
   8.77454  45.043816
   8.865156  45.076157
   8.901817  45.066948
   8.914964  45.027061
   8.921345  44.999214
   8.943042  44.996967
   8.973353  44.98938
   8.9902  44.959194
   8.989435  44.943024
   9.031552  44.903141
   9.056057  44.898289
   9.076988  44.885353
   9.083114  44.844391
   9.124466  44.824986
   9.17807  44.831455
   9.202575  44.776478
   9.2378  44.747372
   9.225548  44.59322
   9.166296  44.559525
   9.092303  44.571068
   9.011131  44.643291
   8.946807  44.654072
   8.922302  44.636822
   8.943744  44.585079
   8.933022  44.548428
   8.827825  44.521793
   8.81251  44.468971
   8.731177  44.488827
   8.720042  44.544792
   8.644741  44.559162
   8.58348  44.492687
   8.363958  44.455856
   8.254198  44.491791
   8.245264  44.425316
   8.164538  44.351742
   8.109212  44.287601
   8.096193  44.224228
   8.12006  44.184521
   8.089524  44.140392
   8.037707  44.128017
   8.016872  44.094242
   7.94138  44.093925
   7.880916  44.098801
   7.765667  44.131184
   7.733951  44.122696
   7.740205  44.09314
   7.76388  44.094082
   7.767454  44.077106
   7.730984  44.054871
   7.709095  44.059589
   7.709536  44.083916
   7.669333  44.116737
   7.661388  44.135715
   7.671841  44.145149
   7.665408  44.154392
   7.671554  44.167564
   7.666343  44.172825
   7.643029  44.17173
   7.626019  44.150501
   7.615598  44.146835
   7.570743  44.149227
   7.524302  44.135197
   7.502503  44.138538
   7.461024  44.124836
   7.43962  44.124771
   7.434745  44.113155
   7.422286  44.108692
   7.390802  44.114464
   7.352833  44.107208
   7.332763  44.135464
   7.2693  44.133171
   7.212346  44.162952
   7.162985  44.198837
   7.137492  44.193874
   7.072209  44.225945
   7.046173  44.217926
   7.000067  44.228237
   6.98054  44.277485
   6.96698  44.277103
   6.948537  44.291611
   6.947453  44.307266
   6.907856  44.345825
   6.875023  44.357502
   6.881404  44.42757
   6.921607  44.436554
   6.868642  44.475182
   6.841201  44.510082
   6.842478  44.544216
   6.86928  44.562634
   6.912163  44.580868
   6.925117  44.602249
   6.948346  44.630547
   6.935838  44.656956
   6.95192  44.681572
   7.016627  44.71117
   6.983476  44.787727
   7.004534  44.817867
   6.997643  44.834846
   6.967394  44.842392
   6.938295  44.856136
   6.926043  44.841045
   6.902687  44.83754
   6.823493  44.860561
   6.743789  44.902824
   6.737535  44.939297
   6.753616  44.963821
   6.736195  44.987087
   6.724581  45.01334
   6.66517  45.010826
   6.61198  45.101936
   6.620149  45.121609
   6.675284  45.150715
   6.734249  45.151794
   6.767943  45.17012
   6.852688  45.150715
   6.881476  45.172947
   6.937377  45.184269
   6.957287  45.214451
   6.998639  45.229004
   7.046883  45.232777
   7.070622  45.234394
   7.10355  45.25272
   7.105145  45.272888
   7.088553  45.332176
   7.149816  45.397751
   7.10004  45.422009
   7.075791  45.466022
   7.119184  45.529804
   7.156197  45.528008
   7.167683  45.50465
   7.217459  45.497467
   7.257023  45.531601
   7.384652  45.544178
   7.467611  45.589993
   7.55459  45.615459
   7.718241  45.570858
   7.802317  45.602547
   7.87682  45.615078
   7.905249  45.647686
   7.889455  45.678814
   7.908408  45.73069
   7.85155  45.755146
   7.84102  45.82333
   7.843126  45.992775
   7.903143  46.017231
   7.985272  46.017231
   8.024231  46.115059
   8.118996  46.144703
   8.127419  46.205227
   8.053713  46.253399
   8.102659  46.311607
   8.181916  46.322971
   8.277319  46.38702
   8.268513  46.425243
   8.405183  46.478424
   8.425604  46.483814
   8.440919  46.486511
END
END
