POLY
1
   10.267193  46.610207
   10.250613  46.591072
   10.256012  46.580025
   10.271435  46.582989
   10.29187  46.574097
   10.303052  46.559544
   10.311149  46.553345
   10.326186  46.555771
   10.339681  46.551456
   10.347778  46.559811
   10.370527  46.56089
   10.396746  46.550652
   10.419109  46.556667
   10.456124  46.53376
   10.466149  46.51247
   10.487356  46.506004
   10.558976  46.501064
   10.606659  46.47591
   10.636348  46.447613
   10.628251  46.423717
   10.647144  46.400452
   10.615656  46.371525
   10.575171  46.367123
   10.54908  46.348888
   10.570672  46.335052
   10.592264  46.301098
   10.584167  46.285378
   10.597662  46.244503
   10.564374  46.195457
   10.577869  46.16716
   10.564374  46.109306
   10.497799  46.024418
   10.476207  45.994862
   10.502296  45.975368
   10.526588  45.918774
   10.526588  45.839542
   10.558976  45.825081
   10.562575  45.804958
   10.621054  45.81942
   10.637248  45.836399
   10.667836  45.847088
   10.816282  45.85778
   10.867564  45.831997
   10.66941  45.600254
   10.663916  45.439075
   10.716353  45.432606
   10.740934  45.415695
   10.72715  45.38895
   10.728114  45.367477
   10.708996  45.351444
   10.729753  45.330444
   10.751056  45.307156
   10.784375  45.327011
   10.805293  45.310863
   10.8657  45.264599
   10.940598  45.239716
   10.950975  45.219482
   10.999686  45.208118
   11.016652  45.16877
   11.055981  45.166615
   11.062149  45.138588
   11.049811  45.123497
   11.081429  45.111637
   11.100707  45.122417
   11.121528  45.119183
   11.130781  45.13266
   11.150831  45.138588
   11.218693  45.117569
   11.208668  45.087921
   11.20327  45.071754
   11.241055  45.060436
   11.276561  45.064342
   11.34182  45.003952
   11.439755  44.971344
   11.433201  44.943047
   11.357243  44.942509
   11.306732  44.951942
   11.275887  44.929573
   11.1597  44.911762
   11.056623  44.924026
   10.90641  44.893147
   10.699646  44.935143
   10.651931  44.896851
   10.524499  44.88641
   10.42049  44.924946
   10.395428  44.954727
   10.343504  44.946011
   10.207428  45.006535
   10.092559  45.005302
   10.039832  45.022011
   9.975924  45.103462
   9.871915  45.05529
   9.822144  45.035976
   9.774525  45.071011
   9.714375  45.047363
   9.629164  45.072765
   9.592823  45.088528
   9.557735  45.076267
   9.523902  45.062252
   9.487561  45.084148
   9.411121  45.05262
   9.397337  45.007076
   9.363503  44.983425
   9.352224  44.959778
   9.314631  44.921242
   9.315885  44.896717
   9.363503  44.880951
   9.375809  44.815735
   9.334938  44.793636
   9.328769  44.77816
   9.303321  44.765766
   9.339565  44.746361
   9.343421  44.725342
   9.326455  44.707554
   9.332624  44.699471
   9.32954  44.681683
   9.296381  44.67144
   9.243942  44.677372
   9.19558  44.682529
   9.196762  44.724888
   9.20563  44.749062
   9.166797  44.755142
   9.146714  44.79388
   9.072556  44.806232
   9.039782  44.843964
   9.042192  44.870239
   8.962667  44.933571
   8.963631  44.956814
   8.954473  44.975006
   8.919772  44.977028
   8.895192  45.001617
   8.869647  45.032272
   8.821933  45.013069
   8.773253  45.000942
   8.6571  45.011051
   8.619024  45.039345
   8.626736  45.068653
   8.59589  45.108742
   8.583359  45.129292
   8.547693  45.15321
   8.516847  45.192623
   8.514438  45.248203
   8.491785  45.290314
   8.512028  45.319622
   8.526486  45.322651
   8.517329  45.343876
   8.551066  45.367119
   8.626639  45.361393
   8.662305  45.330402
   8.672426  45.300083
   8.7052  45.309513
   8.723033  45.33815
   8.742793  45.348255
   8.711947  45.365437
   8.71243  45.385647
   8.748577  45.385647
   8.763036  45.395752
   8.79581  45.389351
   8.820391  45.40451
   8.770266  45.477612
   8.704718  45.503056
   8.682837  45.578896
   8.687431  45.606319
   8.656328  45.615707
   8.647846  45.641644
   8.665518  45.651772
   8.661277  45.669067
   8.641484  45.670055
   8.631588  45.679935
   8.646079  45.709579
   8.635829  45.717239
   8.592356  45.721931
   8.569382  45.750835
   8.544641  45.776527
   8.549942  45.805923
   8.578571  45.819263
   8.58882  45.843967
   8.573977  45.869907
   8.563726  45.899303
   8.582458  45.920547
   8.714293  46.014175
   8.72419  46.029491
   8.712879  46.043327
   8.700155  46.086311
   8.720655  46.113239
   8.736914  46.126083
   8.748223  46.126083
   8.763422  46.107803
   8.797352  46.099155
   8.804068  46.104839
   8.81149  46.105579
   8.857791  46.079395
   8.863092  46.063335
   8.829869  46.027515
   8.810783  46.017635
   8.795938  45.997131
   8.827748  45.993671
   8.847895  45.983543
   8.880765  45.962543
   8.89773  45.963531
   8.906213  45.951183
   8.902678  45.934135
   8.931661  45.909431
   8.947565  45.869411
   8.922825  45.841496
   8.946152  45.850639
   8.969832  45.841251
   8.988918  45.842979
   9.015427  45.836555
   9.028857  45.843475
   9.04759  45.87534
   9.070563  45.897327
   9.045469  45.917091
   9.012599  45.926479
   9.006944  45.953651
   8.991392  45.961555
   8.970893  45.955379
   8.9511  45.963535
   8.961703  45.987003
   8.983263  45.986755
   9.016133  45.996143
   8.999521  46.027763
   9.010125  46.052959
   9.050417  46.068771
   9.069857  46.070007
   9.079753  46.085815
   9.063495  46.119415
   9.11439  46.141895
   9.130296  46.157211
   9.151149  46.165855
   9.155744  46.175243
   9.178364  46.176727
   9.192148  46.207607
   9.207346  46.218475
   9.215475  46.233791
   9.241983  46.237743
   9.244457  46.266399
   9.254707  46.280727
   9.276126  46.299995
   9.27648  46.314079
   9.289557  46.323467
   9.285669  46.335571
   9.289204  46.350147
   9.275773  46.355827
   9.268703  46.373615
   9.274713  46.384483
   9.270118  46.394119
   9.275065  46.408695
   9.259868  46.416103
   9.242196  46.429199
   9.239721  46.444515
   9.24785  46.455456
   9.268351  46.460644
   9.265523  46.479912
   9.27754  46.501404
   9.366941  46.513954
   9.378637  46.505463
   9.376389  46.492889
   9.387214  46.484032
   9.395822  46.474815
   9.409677  46.471508
   9.418223  46.480625
   9.425491  46.496796
   9.448384  46.506653
   9.461497  46.51162
   9.467744  46.50779
   9.472203  46.465534
   9.465006  46.419003
   9.474453  46.389446
   9.471754  46.3797
   9.504142  46.36618
   9.523485  46.33411
   9.547776  46.310532
   9.560949  46.310215
   9.609532  46.299526
   9.621677  46.292923
   9.637872  46.291664
   9.675658  46.308014
   9.689153  46.30204
   9.705797  46.297009
   9.716144  46.314617
   9.712095  46.325935
   9.717043  46.341972
   9.730988  46.356503
   9.75348  46.355492
   9.773273  46.340401
   9.827703  46.36681
   9.870438  46.369324
   9.878084  46.376556
   9.906167  46.386349
   9.92506  46.375031
   9.94511  46.383385
   9.96169  46.380959
   9.96169  46.373951
   9.980197  46.359936
   9.993307  46.357513
   10.000632  46.352661
   10.000247  46.340534
   9.985981  46.324364
   10.005645  46.313316
   10.004874  46.301456
   9.99832  46.29364
   10.000632  46.287712
   10.031093  46.282864
   10.060011  46.269386
   10.067337  46.249176
   10.054613  46.231117
   10.070036  46.222225
   10.083145  46.231659
   10.108208  46.231926
   10.122088  46.228153
   10.140596  46.233276
   10.142909  46.239742
   10.169128  46.258606
   10.143681  46.290138
   10.111678  46.309273
   10.096255  46.331642
   10.100111  46.352661
   10.118233  46.362633
   10.124402  46.38015
   10.143681  46.392815
   10.153706  46.399822
   10.145609  46.409256
   10.131728  46.423
   10.105509  46.416531
   10.078904  46.415993
   10.057697  46.423
   10.049986  46.434856
   10.034563  46.441326
   10.038033  46.459381
   10.044973  46.466389
   10.036105  46.47636
   10.038033  46.494144
   10.033792  46.509777
   10.042661  46.527023
   10.038033  46.54454
   10.05654  46.54966
   10.076205  46.567448
   10.07235  46.576611
   10.094327  46.585773
   10.090857  46.609489
   10.104737  46.616226
   10.130185  46.612991
   10.173756  46.628086
   10.194705  46.628895
   10.213213  46.624851
   10.218225  46.635899
   10.242517  46.639133
   10.247144  46.628895
   10.266808  46.610298
   10.267193  46.610207
END
END
