POLY
1
   7.87129  45.929314
   7.889306  45.865192
   7.887118  45.844578
   7.884931  45.799526
   7.901338  45.767456
   7.956383  45.734219
   7.923826  45.689663
   7.954324  45.633427
   7.919161  45.617641
   7.913563  45.583572
   7.870646  45.586826
   7.823997  45.576408
   7.734272  45.542046
   7.718411  45.550064
   7.674657  45.547775
   7.641295  45.561901
   7.608899  45.557968
   7.568813  45.582809
   7.526025  45.568661
   7.491344  45.577461
   7.458014  45.553883
   7.427838  45.542564
   7.3772  45.510719
   7.361886  45.520466
   7.324503  45.511349
   7.278562  45.50946
   7.274959  45.498455
   7.249736  45.489338
   7.23172  45.468586
   7.20875  45.46796
   7.194337  45.475819
   7.160107  45.48085
   7.145694  45.472359
   7.127935  45.478649
   7.107216  45.458839
   7.082445  45.465443
   7.04371  45.468586
   7.039656  45.487137
   6.997319  45.494053
   6.982906  45.528954
   6.984707  45.572971
   6.969844  45.586491
   6.978402  45.620132
   6.98741  45.636169
   6.960836  45.646229
   6.932461  45.639942
   6.910841  45.647488
   6.89778  45.658806
   6.89778  45.672012
   6.878863  45.670437
   6.81986  45.69622
   6.799592  45.72263
   6.795089  45.747784
   6.79644  45.817581
   6.811303  45.841793
   6.839871  45.852798
   6.877705  45.858456
   6.902927  45.853424
   6.932654  45.859085
   6.983099  45.884037
   6.992107  45.914848
   7.04075  45.933285
   7.074981  45.916309
   7.083088  45.903732
   7.114616  45.874176
   7.155152  45.886753
   7.184878  45.873547
   7.195688  45.892841
   7.257843  45.903732
   7.292975  45.934971
   7.390487  45.9133
   7.498229  45.969803
   7.534872  45.965984
   7.536513  45.990417
   7.580845  45.998436
   7.595612  45.98011
   7.668609  45.985279
   7.691322  45.964458
   7.717253  45.960754
   7.717574  45.937351
   7.731247  45.933151
   7.743279  45.945751
   7.755858  45.949951
   7.801799  45.930096
   7.825316  45.938877
   7.861381  45.933086
   7.87129  45.929314
END
END
