POLY
1
   12.230122  47.088631
   12.248353  47.072281
   12.242884  47.059704
   12.230122  47.056873
   12.210979  47.025433
   12.172694  47.018829
   12.150361  47.019146
   12.133042  47.007511
   12.144892  46.981731
   12.142613  46.965065
   12.170872  46.949032
   12.180899  46.932682
   12.159477  46.916649
   12.196851  46.910675
   12.215537  46.885521
   12.255646  46.89621
   12.288006  46.884892
   12.315352  46.84119
   12.296665  46.816036
   12.300311  46.790882
   12.368222  46.778309
   12.388276  46.722969
   12.445248  46.69593
   12.482621  46.692474
   12.484445  46.677696
   12.44388  46.665432
   12.398368  46.616791
   12.249265  46.613556
   12.20551  46.590603
   12.185912  46.592175
   12.189102  46.617641
   12.143069  46.628963
   12.081995  46.661659
   12.056472  46.584946
   11.998589  46.526463
   11.983548  46.539669
   11.961215  46.538097
   11.946174  46.523117
   11.913815  46.527409
   11.89057  46.519863
   11.834054  46.504143
   11.825394  46.483391
   11.886468  46.475529
   11.897407  46.460438
   11.897341  46.437847
   11.877157  46.427963
   11.856386  46.429939
   11.850917  46.409817
   11.839523  46.362972
   11.78802  46.3592
   11.839393  46.330048
   11.848183  46.30669
   11.847271  46.283741
   11.894216  46.282482
   11.903332  46.261101
   11.942919  46.252342
   11.924687  46.229435
   11.944807  46.204193
   11.969874  46.205135
   11.97033  46.187214
   11.954378  46.16552
   11.937058  46.170551
   11.928399  46.146343
   11.897862  46.114273
   11.812633  46.097294
   11.709171  46.087795
   11.715552  46.046673
   11.690029  46.026867
   11.697549  45.987858
   11.694815  45.968994
   11.68036  45.956326
   11.58035  45.958481
   11.570583  45.996662
   11.49766  46.000702
   11.458593  45.977795
   11.392831  45.971958
   11.394134  45.939167
   11.361709  45.901348
   11.281232  45.90728
   11.229664  45.827621
   11.207006  45.813606
   11.217162  45.779652
   11.188253  45.733837
   11.149549  45.675961
   11.0454  45.689548
   10.939758  45.658669
   10.818001  45.706841
   10.855602  45.780952
   10.839487  45.808128
   10.71594  45.824184
   10.6479  45.780952
   10.51898  45.771072
   10.479589  45.820477
   10.473924  45.938202
   10.432904  45.973103
   10.459339  46.052963
   10.527705  46.110813
   10.547303  46.170238
   10.525882  46.189732
   10.558242  46.240978
   10.546848  46.283741
   10.552773  46.321785
   10.505372  46.334988
   10.510386  46.366116
   10.550494  46.383408
   10.608377  46.391895
   10.606554  46.446964
   10.547857  46.48402
   10.504103  46.485592
   10.464906  46.491249
   10.443484  46.523029
   10.457516  46.554131
   10.477115  46.612926
   10.447033  46.632736
   10.392796  46.631027
   10.37922  46.688702
   10.407478  46.715424
   10.393805  46.734291
   10.432546  46.759758
   10.417505  46.785225
   10.430266  46.805977
   10.442117  46.808804
   10.468552  46.863514
   10.493619  46.861313
   10.502735  46.853138
   10.548312  46.855965
   10.565632  46.848419
   10.586597  46.859112
   10.666358  46.880806
   10.698718  46.868542
   10.72014  46.849678
   10.760703  46.835529
   10.769819  46.821697
   10.738371  46.794029
   10.761615  46.792454
   10.789417  46.800003
   10.820866  46.782707
   10.839097  46.786167
   10.880572  46.772335
   10.915212  46.779251
   10.974007  46.777363
   10.993149  46.773277
   11.020495  46.775791
   11.035536  46.800629
   11.033712  46.807861
   11.075189  46.825783
   11.065161  46.836472
   11.06744  46.858795
   11.089317  46.889606
   11.088861  46.915077
   11.113018  46.937084
   11.137174  46.93174
   11.161329  46.94463
   11.159963  46.968842
   11.191867  46.975441
   11.210097  46.970726
   11.31994  46.99651
   11.362327  46.995564
   11.389673  46.973869
   11.43753  46.979843
   11.448468  46.994621
   11.478093  47.016003
   11.508175  47.013172
   11.539167  46.992107
   11.575173  46.998707
   11.581099  47.007198
   11.627587  47.019146
   11.640349  47.006569
   11.667696  46.998081
   11.716008  46.99651
   11.734239  46.975758
   11.756116  46.978271
   11.779361  46.996822
   11.833142  46.996822
   11.843625  47.006256
   11.93478  47.043354
   11.979445  47.054989
   12.0232  47.054047
   12.027302  47.062847
   12.056016  47.06662
   12.070601  47.064735
   12.088376  47.08234
   12.110253  47.083916
   12.118913  47.078884
   12.186368  47.097435
   12.223742  47.091461
   12.230122  47.088631
END
END
