POLY
1
   12.72896  46.644936
   12.761163  46.655312
   12.799715  46.647453
   12.841443  46.632675
   12.845525  46.61224
   12.93261  46.617268
   13.02559  46.605949
   13.086821  46.608463
   13.16937  46.595261
   13.220622  46.575768
   13.253732  46.567276
   13.319952  46.567593
   13.372112  46.584885
   13.418376  46.576397
   13.426539  46.565392
   13.50646  46.572689
   13.623386  46.546841
   13.682803  46.52829
   13.717728  46.526402
   13.723624  46.503765
   13.711831  46.498734
   13.71792  46.48106
   13.70635  46.445179
   13.68928  46.430672
   13.65569  46.43372
   13.62155  46.434101
   13.58851  46.423409
   13.5786  46.39669
   13.47562  46.35622
   13.45194  46.354691
   13.45855  46.334839
   13.44534  46.31842
   13.42056  46.30125
   13.39468  46.292461
   13.4145  46.250851
   13.423819  46.241547
   13.425632  46.228027
   13.42019  46.215137
   13.43924  46.217022
   13.440146  46.229599
   13.45635  46.23214
   13.53086  46.223625
   13.56059  46.213428
   13.5738  46.19854
   13.61455  46.196251
   13.63327  46.19931
   13.66246  46.19091
   13.67568  46.177158
   13.66687  46.161129
   13.65365  46.134411
   13.591637  46.095974
   13.531313  46.063591
   13.50546  46.055416
   13.51816  46.043468
   13.500017  46.003853
   13.520428  45.98373
   13.563516  45.975555
   13.588462  45.997566
   13.646518  45.994106
   13.65365  45.932442
   13.59858  45.853031
   13.6162  45.814091
   13.6933  45.80492
   13.74065  45.777431
   13.81224  45.751919
   13.85409  45.708401
   13.85079  45.690842
   13.89814  45.657242
   13.93669  45.632038
   13.88823  45.602581
   13.86028  45.568352
   13.78727  45.56525
   13.70681  45.584881
   13.71312  45.62701
   13.73074  45.659851
   13.72303  45.681229
   13.62038  45.752239
   13.55184  45.765671
   13.57121  45.721249
   13.43562  45.660301
   13.32536  45.665459
   13.26426  45.691292
   13.19125  45.692322
   13.13314  45.655128
   13.10334  45.623112
   13.01394  45.655128
   12.94093  45.80183
   12.89027  45.80389
   12.84854  45.821449
   12.8098  45.800789
   12.747317  45.821045
   12.671735  45.784439
   12.641799  45.798588
   12.620935  45.821224
   12.595536  45.808964
   12.546173  45.824638
   12.522134  45.861423
   12.497642  45.895695
   12.505352  45.904812
   12.491292  45.916134
   12.418721  45.943172
   12.415546  45.960148
   12.419629  45.992535
   12.391961  46.039696
   12.428246  46.089687
   12.442307  46.090946
   12.479953  46.113583
   12.489931  46.136536
   12.484488  46.15131
   12.439586  46.175205
   12.432328  46.201931
   12.400579  46.201931
   12.388333  46.21891
   12.370644  46.217651
   12.329823  46.234943
   12.307145  46.26041
   12.322566  46.289967
   12.341163  46.300026
   12.345244  46.325493
   12.372458  46.33807
   12.4033  46.340271
   12.412372  46.359764
   12.428246  46.360394
   12.450018  46.379257
   12.446842  46.394665
   12.462264  46.395924
   12.487663  46.416046
   12.485849  46.429878
   12.52803  46.46981
   12.566584  46.482384
   12.648679  46.477985
   12.627815  46.49308
   12.620558  46.507225
   12.627361  46.519798
   12.713992  46.555016
   12.728053  46.580795
   12.716714  46.623558
   12.72896  46.644936
   12.72896  46.644936
END
END
