POLY
1
   10.02268  45.165249
   10.126706  45.091019
   10.491513  44.990971
   10.710732  45.028023
   11.000207  44.988499
   11.403503  44.997143
   11.63611  44.950207
   11.866493  45.040607
   12.2955  45.00692
   12.558836  44.811176
   12.468288  44.589111
   12.523786  44.274342
   12.822386  44.025486
   12.782558  43.90271
   12.723989  43.807602
   12.503765  43.802414
   12.403025  43.833542
   12.192173  43.709034
   12.000063  43.705574
   11.695499  43.80933
   11.597102  44.011654
   11.592416  44.073906
   11.397964  44.170746
   11.290195  44.08601
   10.908684  44.038738
   10.7034  44.112312
   10.562193  44.089539
   10.321311  44.206028
   10.219262  44.249821
   9.934993  44.383907
   9.916585  44.437019
   9.837934  44.425903
   9.702386  44.319679
   9.575206  44.406139
   9.414557  44.383907
   9.417903  44.502483
   9.459739  44.535835
   9.302437  44.561775
   9.138441  44.607475
   9.155175  44.716171
   9.237173  44.737171
   9.297417  44.837219
   9.233827  44.894039
   9.349566  45.098022
   9.531118  45.157581
   9.742335  45.148823
   9.855063  45.159332
   10.02268  45.165249
   10.02268  45.165249
END
END
