POLY
1
   12.778654  44.005089
   12.907704  43.963093
   13.378057  43.692585
   13.525786  43.665413
   13.658232  43.571537
   13.721059  43.459137
   13.885768  43.129341
   13.95625  42.874931
   13.769467  42.826759
   13.718527  42.790939
   13.5691  42.769905
   13.526649  42.710617
   13.41881  42.659973
   13.166668  42.708145
   13.116562  42.811901
   12.948457  42.844013
   12.839784  42.961357
   12.790541  43.135517
   12.741298  43.283741
   12.697149  43.383789
   12.602059  43.389965
   12.4815  43.471489
   12.337168  43.487545
   12.197929  43.571537
   12.140197  43.656765
   12.230192  43.723465
   12.243776  43.811165
   12.396599  43.948269
   12.537535  43.949505
   12.649605  43.905037
   12.742996  43.990265
   12.778654  44.005089
   12.778654  44.005089
END
END
