POLY
1
   9.867834  42.224873
   9.847487  42.241119
   9.830752  42.262402
   9.801532  42.364403
   9.817368  42.459309
   9.788873  42.561348
   9.781546  42.624954
   9.79191  42.722935
   9.7936  42.779865
   9.687346  42.879494
   9.648301  42.939632
   9.617018  43.044292
   9.576987  43.182873
   9.559826  43.19701
   9.602788  43.407852
   9.615588  43.461796
   9.617269  43.468212
   9.621555  43.481125
   9.626996  43.493805
   9.633566  43.506199
   9.636962  43.511795
   9.642766  43.520973
   9.647041  43.527431
   9.655787  43.539093
   9.665565  43.550312
   9.676333  43.561043
   9.688048  43.571236
   9.700659  43.580849
   9.714111  43.589836
   9.728348  43.598167
   9.739504  43.603962
   9.942794  43.703773
   9.867194  43.818893
   9.84942  43.81871
   9.831093  43.81929
   9.812857  43.820732
   9.794788  43.823032
   9.776964  43.82618
   9.759461  43.830162
   9.742352  43.834961
   9.725712  43.840557
   9.709609  43.846931
   9.694113  43.854046
   9.686333  43.858002
   9.471857  43.967533
   9.68673  44.365753
   9.688181  44.367615
   9.688337  44.367817
   9.691556  44.369167
   9.694646  44.370792
   9.695805  44.372818
   9.699581  44.372601
   9.702585  44.374073
   9.705503  44.376682
   9.709237  44.378799
   9.710052  44.379414
   9.711469  44.379414
   9.717949  44.38306
   9.720181  44.383308
   9.723485  44.382999
   9.724858  44.382572
   9.725931  44.382294
   9.72709  44.381683
   9.728935  44.380608
   9.731896  44.379871
   9.733356  44.379536
   9.734514  44.379932
   9.735888  44.380699
   9.738033  44.380821
   9.743526  44.380486
   9.743999  44.380947
   9.744514  44.381435
   9.744621  44.382202
   9.744471  44.382435
   9.744213  44.382725
   9.74402  44.383476
   9.743849  44.384518
   9.743377  44.385532
   9.743226  44.386497
   9.743377  44.389072
   9.743784  44.389488
   9.744278  44.389748
   9.744793  44.389809
   9.745394  44.389671
   9.746101  44.389347
   9.746402  44.388905
   9.746874  44.388783
   9.747818  44.389149
   9.748977  44.389442
   9.750114  44.389473
   9.751874  44.389332
   9.753333  44.389503
   9.754706  44.389839
   9.756015  44.389854
   9.760263  44.3899
   9.756723  44.39151
   9.755479  44.392094
   9.755242  44.393612
   9.754393  44.398418
   9.753841  44.401428
   9.753909  44.401814
   9.756613  44.405991
   9.757493  44.407127
   9.75841  44.408112
   9.759088  44.408077
   9.762347  44.408722
   9.764085  44.409069
   9.773318  44.41713
   9.782188  44.425896
   9.78418  44.428295
   9.785355  44.429718
   9.786352  44.431034
   9.787264  44.432468
   9.788302  44.434143
   9.79068  44.437088
   9.791507  44.437885
   9.797807  44.442947
   9.799267  44.444096
   9.80098  44.445309
   9.810585  44.45134
   9.816336  44.451923
   9.816808  44.456638
   9.816379  44.462246
   9.816722  44.462765
   9.817451  44.463928
   9.819082  44.466625
   9.833631  44.469501
   9.844016  44.468307
   9.853844  44.470055
   9.862641  44.471432
   9.8641  44.471066
   9.866804  44.470116
   9.869293  44.469719
   9.87131  44.469379
   9.872684  44.469288
   9.876331  44.469288
   9.883756  44.469471
   9.889635  44.470116
   9.891738  44.470512
   9.894012  44.470699
   9.89736  44.471432
   9.900106  44.472595
   9.902123  44.471127
   9.906286  44.468952
   9.908861  44.468307
   9.91135  44.4688
   9.916371  44.470207
   9.918732  44.471127
   9.919676  44.471462
   9.92062  44.471954
   9.921779  44.472382
   9.922637  44.472519
   9.923538  44.47258
   9.924589  44.472443
   9.927121  44.471722
   9.929976  44.471645
   9.9318  44.471462
   9.933709  44.470882
   9.935726  44.469887
   9.938172  44.468586
   9.939331  44.468307
   9.942035  44.468891
   9.945168  44.469135
   9.947528  44.468647
   9.953794  44.468307
   9.955982  44.467545
   9.958858  44.46693
   9.96036  44.467144
   9.962205  44.4669
   9.964308  44.465645
   9.964222  44.464081
   9.96508  44.463959
   9.970702  44.464203
   9.971003  44.463287
   9.971045  44.461937
   9.969055  44.459202
   9.970144  44.457283
   9.970402  44.455597
   9.971458  44.453136
   9.971303  44.452015
   9.974092  44.449684
   9.976667  44.447052
   9.980873  44.444843
   9.98465  44.445152
   9.987482  44.445122
   9.991602  44.445488
   9.994497  44.44622
   9.994654  44.446304
   9.99525  44.446774
   9.995787  44.446911
   9.996404  44.446877
   9.996817  44.44685
   9.997481  44.446621
   9.997932  44.446041
   9.999005  44.444904
   10.000485  44.443657
   10.002471  44.440563
   10.003554  44.437935
   10.004874  44.435555
   10.004745  44.434303
   10.007298  44.432381
   10.007449  44.431789
   10.006856  44.430397
   10.00264  44.425789
   10.002125  44.425369
   10.002233  44.423569
   10.002686  44.422138
   9.999688  44.418545
   9.998108  44.417236
   9.997549  44.416862
   9.994873  44.414642
   9.993954  44.413563
   9.993617  44.41317
   9.99336  44.412758
   9.992023  44.410202
   9.989945  44.40435
   9.991319  44.403492
   9.992606  44.402508
   9.993894  44.401836
   9.994409  44.401039
   9.995524  44.399506
   9.995868  44.398521
   9.996554  44.397972
   9.997692  44.398083
   10.00282  44.393738
   10.006425  44.393127
   10.007541  44.39196
   10.008414  44.389366
   10.009343  44.388954
   10.012862  44.387791
   10.014235  44.387238
   10.01558  44.38699
   10.016553  44.38681
   10.0193  44.385765
   10.021359  44.383068
   10.024621  44.382149
   10.033805  44.380123
   10.040843  44.375523
   10.042045  44.374111
   10.048224  44.373131
   10.053718  44.373619
   10.057752  44.371044
   10.060155  44.369511
   10.062558  44.367973
   10.066764  44.363312
   10.072  44.360981
   10.078265  44.356499
   10.080068  44.357113
   10.081527  44.356686
   10.083501  44.355949
   10.086934  44.354538
   10.089681  44.353127
   10.091226  44.352757
   10.092341  44.351345
   10.093715  44.350365
   10.094659  44.349075
   10.095775  44.348152
   10.096805  44.346928
   10.098178  44.346127
   10.100495  44.345451
   10.100839  44.346127
   10.100266  44.347076
   10.102693  44.349384
   10.103238  44.349712
   10.104034  44.350048
   10.105083  44.350449
   10.10608  44.350754
   10.114057  44.351589
   10.120837  44.353188
   10.125472  44.353062
   10.128205  44.354301
   10.128991  44.35466
   10.134276  44.355225
   10.143049  44.35482
   10.147293  44.353085
   10.161987  44.345078
   10.162966  44.344429
   10.16358  44.343773
   10.164033  44.343174
   10.164509  44.342522
   10.164868  44.341743
   10.165007  44.341114
   10.164993  44.340454
   10.164745  44.339901
   10.164396  44.33939
   10.164101  44.338989
   10.16398  44.33876
   10.163287  44.338104
   10.163095  44.337685
   10.163136  44.337475
   10.162394  44.336788
   10.163538  44.335392
   10.164527  44.334564
   10.165749  44.333736
   10.166113  44.333607
   10.166708  44.333382
   10.167068  44.333252
   10.167408  44.333111
   10.168916  44.330864
   10.169533  44.330345
   10.180213  44.323997
   10.181406  44.323425
   10.18419  44.322792
   10.185362  44.322575
   10.188238  44.32206
   10.188148  44.320843
   10.188053  44.319279
   10.188679  44.317986
   10.189343  44.316761
   10.190617  44.315262
   10.19155  44.314919
   10.192277  44.314896
   10.193188  44.315292
   10.19422  44.316063
   10.195575  44.316761
   10.196271  44.316875
   10.198252  44.315895
   10.200212  44.314884
   10.201338  44.314182
   10.202701  44.313335
   10.203301  44.312717
   10.204323  44.311192
   10.208892  44.3036
   10.20931  44.3032
   10.209856  44.302933
   10.210604  44.302799
   10.211307  44.302803
   10.212103  44.303108
   10.213382  44.303753
   10.214987  44.30442
   10.217277  44.305344
   10.217937  44.305523
   10.21874  44.305645
   10.219153  44.305641
   10.221507  44.30452
   10.222189  44.304161
   10.222895  44.303749
   10.227284  44.300922
   10.227726  44.300438
   10.229575  44.298412
   10.230199  44.297684
   10.230831  44.296741
   10.231353  44.295925
   10.231907  44.294838
   10.232325  44.293259
   10.234271  44.289288
   10.234764  44.288292
   10.23711  44.28371
   10.238051  44.2826
   10.239661  44.28109
   10.253092  44.270546
   10.254871  44.269535
   10.25922  44.270702
   10.270695  44.274185
   10.275676  44.277397
   10.282328  44.2808
   10.285966  44.282154
   10.288479  44.282536
   10.289845  44.282558
   10.290988  44.282665
   10.291847  44.283012
   10.294912  44.2845
   10.296193  44.285179
   10.296841  44.285587
   10.297417  44.286129
   10.297636  44.286415
   10.297785  44.286926
   10.308124  44.285278
   10.309109  44.285049
   10.30997  44.284355
   10.311691  44.282906
   10.312502  44.282185
   10.313975  44.280834
   10.328671  44.275299
   10.34376  44.270584
   10.34497  44.270336
   10.349302  44.270042
   10.35034  44.270157
   10.351157  44.27029
   10.362125  44.272186
   10.372605  44.270332
   10.379851  44.265736
   10.391424  44.258797
   10.402277  44.252274
   10.408408  44.250267
   10.408566  44.249878
   10.410012  44.246323
   10.413432  44.24165
   10.413647  44.241207
   10.414798  44.238564
   10.41498  44.237247
   10.415042  44.236794
   10.415691  44.236137
   10.416073  44.235825
   10.431508  44.228008
   10.436733  44.227184
   10.444309  44.229855
   10.446209  44.230206
   10.450726  44.230721
   10.458113  44.230873
   10.461754  44.230946
   10.467405  44.230621
   10.471135  44.227009
   10.472007  44.226368
   10.473926  44.22501
   10.474871  44.224747
   10.479107  44.224449
   10.480494  44.224358
   10.481633  44.224323
   10.483808  44.224182
   10.484781  44.224041
   10.485613  44.223778
   10.488134  44.222485
   10.489395  44.221821
   10.489799  44.221493
   10.493904  44.217953
   10.493994  44.217537
   10.493682  44.217083
   10.490479  44.21265
   10.489809  44.21257
   10.489396  44.211773
   10.489724  44.210663
   10.488716  44.209435
   10.488583  44.209358
   10.488629  44.20927
   10.488702  44.209175
   10.488724  44.209167
   10.488894  44.208946
   10.487961  44.20805
   10.486915  44.206856
   10.485346  44.204704
   10.485786  44.204189
   10.486634  44.203743
   10.486698  44.20335
   10.487123  44.202335
   10.488013  44.201164
   10.489196  44.20047
   10.491004  44.197788
   10.491247  44.197506
   10.507414  44.188625
   10.508019  44.188328
   10.508824  44.188011
   10.51002  44.187798
   10.510423  44.187767
   10.511017  44.187866
   10.523941  44.175789
   10.520703  44.168137
   10.525941  44.157959
   10.543763  44.150833
   10.552831  44.146629
   10.574685  44.132107
   10.576097  44.132004
   10.576798  44.131847
   10.57729  44.131733
   10.57788  44.130936
   10.57923  44.129742
   10.58072  44.128784
   10.581154  44.126507
   10.583373  44.120243
   10.585161  44.118553
   10.586652  44.117714
   10.586928  44.117287
   10.587454  44.117172
   10.588495  44.117119
   10.589145  44.116898
   10.589869  44.116814
   10.592744  44.115356
   10.59339  44.114956
   10.595881  44.11488
   10.598891  44.114212
   10.601941  44.114155
   10.603302  44.114326
   10.605361  44.114834
   10.606305  44.115788
   10.606908  44.11747
   10.60776  44.118126
   10.609438  44.11813
   10.609649  44.118137
   10.612431  44.118233
   10.613899  44.11898
   10.614675  44.119755
   10.615039  44.119766
   10.615872  44.120087
   10.617293  44.120483
   10.617445  44.120605
   10.61778  44.120678
   10.618097  44.120605
   10.618793  44.120434
   10.620771  44.120354
   10.621514  44.120567
   10.621947  44.120586
   10.622698  44.120499
   10.623066  44.120258
   10.623525  44.120113
   10.624265  44.120022
   10.623194  44.122734
   10.623483  44.12328
   10.623459  44.123463
   10.623138  44.123848
   10.623013  44.124275
   10.622941  44.124756
   10.623013  44.125271
   10.622272  44.126041
   10.621749  44.126839
   10.621135  44.128323
   10.620751  44.129776
   10.623725  44.132614
   10.623962  44.133194
   10.624096  44.13398
   10.624539  44.134827
   10.624557  44.135162
   10.623252  44.136711
   10.622869  44.136837
   10.621046  44.138821
   10.621776  44.139481
   10.624792  44.140991
   10.62512  44.1413
   10.626099  44.141804
   10.626401  44.142494
   10.626744  44.14296
   10.628351  44.142803
   10.629884  44.144299
   10.631598  44.145493
   10.632584  44.145782
   10.632783  44.145824
   10.632911  44.145729
   10.632933  44.145714
   10.633106  44.145641
   10.633345  44.145634
   10.633516  44.145706
   10.633593  44.145817
   10.633801  44.146378
   10.634057  44.147583
   10.634228  44.14793
   10.634332  44.147995
   10.634624  44.148071
   10.634637  44.148144
   10.634537  44.148209
   10.634084  44.14822
   10.633647  44.148094
   10.633473  44.148094
   10.633364  44.148159
   10.633331  44.148285
   10.633393  44.148438
   10.6346  44.150166
   10.635201  44.151348
   10.635131  44.152245
   10.635183  44.153217
   10.636856  44.155548
   10.63747  44.155846
   10.637743  44.156017
   10.637852  44.156277
   10.637937  44.156506
   10.638021  44.156631
   10.638133  44.156723
   10.638313  44.156799
   10.638687  44.156879
   10.638786  44.157005
   10.638889  44.157448
   10.63925  44.157955
   10.639291  44.158043
   10.639302  44.158195
   10.63936  44.158325
   10.639414  44.158424
   10.639487  44.158508
   10.639574  44.158573
   10.639747  44.158653
   10.639953  44.158707
   10.640281  44.158737
   10.64041  44.158756
   10.640561  44.158806
   10.640686  44.158894
   10.640766  44.158981
   10.640855  44.159119
   10.640975  44.159657
   10.641073  44.159863
   10.641197  44.16
   10.641283  44.160027
   10.641349  44.160023
   10.641603  44.159931
   10.641868  44.15976
   10.642035  44.159618
   10.642288  44.159622
   10.642472  44.159687
   10.64258  44.159889
   10.64257  44.160061
   10.642675  44.160084
   10.64314  44.159996
   10.643293  44.159969
   10.643451  44.159847
   10.643587  44.159809
   10.643702  44.159828
   10.643756  44.159908
   10.643745  44.160004
   10.64371  44.160057
   10.643698  44.160114
   10.643764  44.160175
   10.643833  44.160175
   10.643918  44.160172
   10.643977  44.160137
   10.644139  44.159977
   10.644603  44.159508
   10.64495  44.159164
   10.645035  44.159004
   10.64512  44.158947
   10.645198  44.158916
   10.645329  44.158905
   10.645255  44.158318
   10.645312  44.15802
   10.645295  44.157913
   10.645246  44.15786
   10.645259  44.157631
   10.645327  44.157505
   10.645331  44.157314
   10.645385  44.157249
   10.645532  44.157207
   10.645638  44.157154
   10.645648  44.157066
   10.645652  44.157001
   10.645514  44.15686
   10.645438  44.156738
   10.645432  44.156685
   10.645473  44.156635
   10.645569  44.156616
   10.645686  44.156639
   10.645897  44.156734
   10.64624  44.156769
   10.646298  44.156712
   10.646376  44.156715
   10.646607  44.156395
   10.647023  44.156422
   10.64734  44.156586
   10.647387  44.156502
   10.647479  44.156399
   10.647804  44.156155
   10.647902  44.155994
   10.64802  44.155827
   10.648152  44.155746
   10.648324  44.15572
   10.648555  44.155743
   10.648726  44.155807
   10.649136  44.156147
   10.649394  44.156376
   10.649499  44.15641
   10.649572  44.156418
   10.649637  44.156403
   10.649725  44.156353
   10.649864  44.156116
   10.650781  44.156704
   10.650915  44.156811
   10.651331  44.156483
   10.652251  44.156918
   10.652439  44.157097
   10.652356  44.157467
   10.652348  44.157669
   10.652384  44.157803
   10.652387  44.157951
   10.652293  44.158089
   10.652769  44.157707
   10.65303  44.157597
   10.653085  44.157516
   10.653351  44.15749
   10.653523  44.157352
   10.653741  44.157219
   10.653785  44.157227
   10.653958  44.1572
   10.654054  44.157127
   10.654169  44.157124
   10.654246  44.157093
   10.654321  44.157082
   10.654513  44.157009
   10.654792  44.156994
   10.654962  44.156963
   10.655087  44.156956
   10.655205  44.156895
   10.655226  44.15683
   10.655494  44.156666
   10.655568  44.156597
   10.655662  44.156544
   10.656144  44.156399
   10.657015  44.156319
   10.657467  44.156254
   10.657697  44.156258
   10.658096  44.156296
   10.658463  44.156292
   10.658617  44.156284
   10.658834  44.156345
   10.658991  44.15633
   10.659066  44.156269
   10.659154  44.156242
   10.659174  44.156197
   10.659156  44.156166
   10.659256  44.156075
   10.659363  44.155937
   10.659559  44.155849
   10.659639  44.155811
   10.6598  44.155647
   10.659919  44.155609
   10.659986  44.155575
   10.660189  44.155521
   10.66023  44.155441
   10.660357  44.155315
   10.660534  44.155231
   10.660689  44.155128
   10.660588  44.154942
   10.661255  44.154572
   10.661405  44.154373
   10.661687  44.154202
   10.661839  44.15419
   10.661887  44.153957
   10.661644  44.153564
   10.66163  44.153332
   10.661654  44.153011
   10.661682  44.152607
   10.661735  44.152416
   10.66179  44.152302
   10.661995  44.15271
   10.663574  44.152645
   10.664324  44.152443
   10.664866  44.152348
   10.665299  44.152409
   10.666122  44.151833
   10.6663  44.151802
   10.666375  44.15176
   10.666486  44.151611
   10.666595  44.151543
   10.666678  44.151562
   10.66673  44.15163
   10.666783  44.151787
   10.666878  44.151894
   10.66695  44.151951
   10.667068  44.151993
   10.667225  44.152
   10.667741  44.152084
   10.667884  44.152138
   10.667994  44.152222
   10.668101  44.152336
   10.668278  44.152607
   10.668479  44.152813
   10.668597  44.152874
   10.668659  44.152927
   10.668692  44.152992
   10.668802  44.153057
   10.66891  44.153072
   10.669561  44.153011
   10.669772  44.152969
   10.669922  44.152924
   10.670032  44.152924
   10.67046  44.153019
   10.670651  44.153145
   10.670803  44.153206
   10.67099  44.153271
   10.67107  44.153374
   10.671101  44.153454
   10.671152  44.1535
   10.671198  44.153603
   10.671278  44.153725
   10.671493  44.153866
   10.671551  44.153931
   10.67155  44.154003
   10.671515  44.15406
   10.671539  44.154133
   10.671774  44.15427
   10.672058  44.154388
   10.672809  44.154659
   10.672964  44.154671
   10.673144  44.154652
   10.673318  44.154617
   10.673615  44.154594
   10.673766  44.154629
   10.674088  44.154762
   10.674412  44.154827
   10.674914  44.155163
   10.675332  44.155357
   10.675864  44.155361
   10.675903  44.155365
   10.676516  44.155533
   10.677374  44.155422
   10.678898  44.156475
   10.680001  44.156605
   10.680346  44.1567
   10.68152  44.1563
   10.682606  44.155766
   10.684731  44.156128
   10.685246  44.156174
   10.686099  44.156422
   10.687242  44.156582
   10.687242  44.156643
   10.68737  44.156666
   10.68759  44.156639
   10.687871  44.156658
   10.688391  44.156734
   10.688682  44.156815
   10.688964  44.156948
   10.689638  44.157124
   10.68996  44.157269
   10.690315  44.157272
   10.690438  44.157307
   10.690501  44.157349
   10.690557  44.157364
   10.690812  44.157352
   10.691  44.157379
   10.69108  44.157375
   10.691391  44.157372
   10.691633  44.157345
   10.69196  44.157341
   10.692039  44.157364
   10.692118  44.157421
   10.692454  44.157757
   10.692528  44.157791
   10.692596  44.157791
   10.692712  44.157772
   10.692812  44.157761
   10.692981  44.157646
   10.693066  44.157612
   10.693121  44.157616
   10.693435  44.157635
   10.693527  44.1576
   10.69359  44.157551
   10.693686  44.157433
   10.694139  44.157177
   10.694448  44.157104
   10.694602  44.156952
   10.694796  44.156841
   10.695055  44.15675
   10.69524  44.156734
   10.695424  44.156681
   10.695568  44.156593
   10.695585  44.156582
   10.695827  44.156422
   10.695923  44.15638
   10.696168  44.1563
   10.696279  44.156246
   10.696454  44.156136
   10.696653  44.156055
   10.696906  44.155888
   10.696933  44.155849
   10.696918  44.155807
   10.696882  44.155773
   10.696795  44.155727
   10.696771  44.155682
   10.696785  44.155636
   10.696838  44.155602
   10.696941  44.155579
   10.697237  44.155544
   10.697708  44.15554
   10.698339  44.155388
   10.698478  44.155376
   10.698529  44.155354
   10.698554  44.155315
   10.698572  44.15527
   10.698616  44.155247
   10.698834  44.155186
   10.699784  44.155029
   10.699952  44.155014
   10.700141  44.155022
   10.700523  44.155079
   10.700881  44.155079
   10.700994  44.155106
   10.701432  44.155277
   10.701549  44.155312
   10.701629  44.155323
   10.701772  44.155319
   10.701958  44.155304
   10.70211  44.155312
   10.702414  44.15535
   10.702639  44.155445
   10.702774  44.155483
   10.702916  44.15551
   10.703007  44.155525
   10.703152  44.155544
   10.703299  44.155575
   10.703474  44.15564
   10.703587  44.155659
   10.703705  44.155663
   10.704576  44.15567
   10.7047  44.155659
   10.704853  44.155628
   10.705327  44.155518
   10.705724  44.155468
   10.706311  44.155476
   10.706656  44.155407
   10.707076  44.155437
   10.707612  44.155392
   10.707766  44.155369
   10.707941  44.15527
   10.70821  44.155228
   10.708576  44.155033
   10.708941  44.15493
   10.709117  44.154861
   10.70922  44.154835
   10.709344  44.154827
   10.709425  44.154823
   10.709545  44.154892
   10.709666  44.15498
   10.709801  44.155075
   10.71012  44.155357
   10.710465  44.155758
   10.710572  44.155834
   10.710664  44.15588
   10.710848  44.155937
   10.711018  44.155968
   10.711283  44.155991
   10.711471  44.156063
   10.711559  44.156101
   10.711629  44.156147
   10.711844  44.156303
   10.712021  44.15649
   10.712158  44.156643
   10.712245  44.156807
   10.712261  44.157181
   10.712885  44.156986
   10.713509  44.156605
   10.713695  44.156414
   10.713977  44.156254
   10.714271  44.156143
   10.714622  44.156132
   10.714878  44.156071
   10.715205  44.156094
   10.71577  44.156021
   10.71627  44.155903
   10.716744  44.155899
   10.716967  44.155861
   10.717505  44.155891
   10.717868  44.155857
   10.718246  44.155899
   10.719298  44.155869
   10.719683  44.155865
   10.720357  44.155899
   10.720986  44.155983
   10.721295  44.155979
   10.721724  44.156094
   10.722296  44.156063
   10.722419  44.156113
   10.722606  44.156109
   10.722954  44.156025
   10.723347  44.156006
   10.723522  44.156029
   10.724286  44.156033
   10.724591  44.156124
   10.724845  44.156258
   10.725038  44.156387
   10.725164  44.156403
   10.725273  44.156361
   10.725411  44.156361
   10.725588  44.156441
   10.725801  44.156441
   10.726114  44.156384
   10.726556  44.156326
   10.726795  44.156265
   10.726998  44.156189
   10.72728  44.155991
   10.727466  44.155914
   10.72837  44.155697
   10.728663  44.155663
   10.728988  44.155659
   10.72956  44.155689
   10.730114  44.155914
   10.730444  44.155972
   10.730742  44.155972
   10.731286  44.156105
   10.731417  44.156189
   10.731509  44.156292
   10.731615  44.156429
   10.731709  44.156502
   10.731835  44.156551
   10.732193  44.156551
   10.732571  44.156521
   10.732964  44.156456
   10.733192  44.156456
   10.73342  44.156509
   10.733582  44.156616
   10.733691  44.156723
   10.734333  44.156658
   10.73451  44.156673
   10.734653  44.156719
   10.734876  44.156841
   10.735127  44.156857
   10.735491  44.156803
   10.735904  44.156685
   10.736073  44.156597
   10.736229  44.156483
   10.736409  44.156422
   10.736762  44.156361
   10.736986  44.156303
   10.737212  44.156212
   10.737495  44.156155
   10.737877  44.156143
   10.738238  44.156212
   10.738495  44.156303
   10.73874  44.156311
   10.738986  44.156265
   10.739152  44.156269
   10.739227  44.156296
   10.739316  44.156361
   10.739417  44.156361
   10.739541  44.156292
   10.739632  44.156273
   10.740969  44.156254
   10.741049  44.156281
   10.741489  44.156296
   10.741735  44.156372
   10.741927  44.156368
   10.742067  44.15633
   10.742312  44.156326
   10.742755  44.156464
   10.742916  44.15646
   10.743389  44.156284
   10.743899  44.156189
   10.744097  44.156189
   10.744343  44.15625
   10.744779  44.156384
   10.744895  44.156384
   10.74517  44.156109
   10.74527  44.15596
   10.74559  44.155788
   10.74611  44.15564
   10.74626  44.155552
   10.74697  44.15538
   10.74806  44.15517
   10.74826  44.155102
   10.74864  44.15519
   10.74901  44.155231
   10.74935  44.155102
   10.74954  44.155102
   10.74991  44.155022
   10.75023  44.154869
   10.7504  44.15485
   10.75077  44.154888
   10.75094  44.154869
   10.75201  44.15461
   10.75238  44.154591
   10.75338  44.1544
   10.75379  44.154308
   10.75394  44.154221
   10.75433  44.154121
   10.75448  44.154011
   10.75484  44.1539
   10.75521  44.153919
   10.75536  44.153881
   10.75544  44.15377
   10.75572  44.153599
   10.75598  44.153519
   10.7563  44.15324
   10.75643  44.15324
   10.75669  44.153111
   10.7569  44.15292
   10.75688  44.15279
   10.7572  44.15266
   10.75765  44.152229
   10.75909  44.151539
   10.75935  44.151279
   10.76004  44.150749
   10.76038  44.150558
   10.7607  44.150188
   10.76085  44.14991
   10.76068  44.149502
   10.76087  44.149101
   10.7613  44.148602
   10.76158  44.148411
   10.76182  44.14817
   10.7624  44.14732
   10.76246  44.147011
   10.76263  44.14669
   10.76267  44.146259
   10.76278  44.14613
   10.76319  44.145828
   10.76394  44.145191
   10.76411  44.144951
   10.76456  44.144199
   10.76465  44.143921
   10.76523  44.143219
   10.76572  44.142471
   10.76602  44.141861
   10.76607  44.14156
   10.76624  44.141312
   10.76632  44.14101
   10.76647  44.140709
   10.76682  44.140259
   10.76697  44.140171
   10.76735  44.140171
   10.767799  44.139885
   10.768023  44.139874
   10.768259  44.139771
   10.768505  44.139713
   10.768767  44.139614
   10.769054  44.139454
   10.769315  44.139248
   10.77009  44.138649
   10.770502  44.138439
   10.77078  44.138229
   10.771099  44.137955
   10.771255  44.137699
   10.771333  44.137505
   10.771524  44.137306
   10.771764  44.137119
   10.772027  44.136826
   10.772306  44.136478
   10.772652  44.135761
   10.772844  44.135426
   10.773077  44.135147
   10.773427  44.134853
   10.774076  44.1343
   10.774301  44.134117
   10.774822  44.133842
   10.775139  44.133659
   10.775625  44.13343
   10.775773  44.133381
   10.776261  44.133293
   10.776513  44.133137
   10.776632  44.132977
   10.777119  44.132862
   10.777275  44.132778
   10.77735  44.132675
   10.777429  44.13253
   10.777481  44.132374
   10.778682  44.131855
   10.778954  44.131763
   10.779578  44.131321
   10.781616  44.130146
   10.782973  44.129738
   10.792313  44.128899
   10.804351  44.120026
   10.805115  44.119568
   10.806203  44.119164
   10.806781  44.118999
   10.807206  44.118858
   10.816032  44.116581
   10.823635  44.115475
   10.830784  44.117916
   10.831318  44.117767
   10.831872  44.117538
   10.843814  44.110577
   10.846965  44.103424
   10.847159  44.102825
   10.847728  44.101833
   10.849372  44.099262
   10.849676  44.099003
   10.85491  44.099388
   10.856013  44.099514
   10.856774  44.099689
   10.856888  44.099728
   10.857716  44.100025
   10.858484  44.100212
   10.859451  44.100395
   10.860569  44.100563
   10.867771  44.101555
   10.876522  44.100952
   10.877257  44.100876
   10.878049  44.100647
   10.879704  44.099571
   10.882369  44.098675
   10.883297  44.097527
   10.883724  44.097214
   10.884398  44.096806
   10.884975  44.096462
   10.89535  44.091187
   10.903798  44.08704
   10.904078  44.086811
   10.904367  44.086483
   10.904617  44.086102
   10.90477  44.0858
   10.905039  44.085209
   10.906544  44.080368
   10.90662  44.079628
   10.906278  44.079067
   10.902923  44.073769
   10.900459  44.06818
   10.900135  44.067429
   10.900206  44.066891
   10.900331  44.066669
   10.900513  44.066353
   10.901257  44.065792
   10.901943  44.065392
   10.902791  44.064983
   10.903694  44.064724
   10.905725  44.064205
   10.911058  44.063496
   10.911893  44.063416
   10.913001  44.063335
   10.914124  44.06329
   10.916231  44.06321
   10.917144  44.063248
   10.917949  44.063442
   10.918708  44.063736
   10.91924  44.063969
   10.919805  44.064438
   10.920618  44.065296
   10.921309  44.066185
   10.924952  44.071869
   10.927873  44.076435
   10.928538  44.076946
   10.934483  44.078865
   10.935227  44.079102
   10.936475  44.079311
   10.938254  44.079647
   10.938645  44.079769
   10.939327  44.079987
   10.943624  44.081528
   10.944447  44.081856
   10.945132  44.082184
   10.945722  44.082634
   10.953043  44.089462
   10.970604  44.107578
   10.970844  44.108032
   10.971605  44.111378
   10.971555  44.11174
   10.971411  44.111916
   10.971231  44.112141
   10.97386  44.117531
   10.979383  44.123154
   10.980636  44.124348
   10.98353  44.125683
   10.9853  44.126301
   10.989178  44.12788
   10.994454  44.130177
   10.995028  44.130516
   10.99553  44.130939
   10.995806  44.131321
   10.995892  44.131588
   10.995945  44.131752
   10.995964  44.132301
   10.995864  44.132679
   10.995619  44.13319
   10.9952  44.133762
   10.994548  44.134422
   10.994134  44.134773
   10.994123  44.134781
   10.993756  44.135086
   10.993745  44.135094
   10.993372  44.135506
   10.993259  44.135895
   10.993261  44.135925
   10.993283  44.136238
   10.993604  44.136456
   11.007947  44.139496
   11.013371  44.139126
   11.015301  44.138435
   11.015421  44.138233
   11.015545  44.138004
   11.016341  44.133842
   11.016012  44.127132
   11.015929  44.12616
   11.015738  44.125328
   11.015538  44.124943
   11.015203  44.124641
   11.014525  44.124207
   11.013766  44.12394
   11.012945  44.123684
   11.010383  44.12291
   11.009298  44.122631
   11.008295  44.122551
   11.007168  44.122463
   11.005251  44.118626
   11.002604  44.112782
   11.002811  44.112286
   11.003008  44.111843
   11.012454  44.105331
   11.013682  44.104549
   11.02498  44.098408
   11.028669  44.097073
   11.029325  44.096889
   11.030096  44.096767
   11.03097  44.096745
   11.03247  44.096779
   11.033179  44.096966
   11.037362  44.097366
   11.043127  44.096813
   11.04813  44.095898
   11.050427  44.09119
   11.051038  44.091488
   11.051936  44.091831
   11.052619  44.092052
   11.053461  44.092216
   11.055281  44.092445
   11.068233  44.092796
   11.077695  44.092579
   11.083885  44.091007
   11.090426  44.090897
   11.090858  44.091061
   11.09123  44.091362
   11.093122  44.093296
   11.093395  44.093616
   11.093753  44.094116
   11.094224  44.095406
   11.100123  44.097347
   11.100985  44.097683
   11.116125  44.103966
   11.124986  44.10788
   11.125608  44.108154
   11.12641  44.108562
   11.12736  44.109276
   11.128041  44.109795
   11.128448  44.110344
   11.128637  44.110634
   11.131516  44.109749
   11.13236  44.10957
   11.133473  44.109406
   11.139798  44.108768
   11.140407  44.108753
   11.140851  44.108921
   11.141154  44.109226
   11.141294  44.109451
   11.141507  44.109951
   11.141754  44.110474
   11.14213  44.110981
   11.142729  44.111179
   11.143563  44.11132
   11.16019  44.113369
   11.161331  44.113346
   11.161392  44.113342
   11.162116  44.113304
   11.162696  44.113209
   11.163164  44.113037
   11.163416  44.112946
   11.163479  44.112923
   11.163994  44.112629
   11.164911  44.111607
   11.165024  44.11145
   11.16538  44.110939
   11.165859  44.110363
   11.165871  44.110352
   11.166259  44.11002
   11.171289  44.108513
   11.171896  44.108364
   11.173875  44.108147
   11.17441  44.108093
   11.176241  44.107933
   11.187315  44.107018
   11.195962  44.104683
   11.203397  44.101688
   11.203575  44.101624
   11.209556  44.100037
   11.210792  44.099819
   11.214568  44.099682
   11.236432  44.102257
   11.252519  44.105
   11.264672  44.105225
   11.263932  44.10899
   11.262982  44.112682
   11.262906  44.112865
   11.261648  44.115879
   11.261214  44.116787
   11.259677  44.116425
   11.259483  44.116379
   11.258352  44.116165
   11.256151  44.115993
   11.25602  44.116016
   11.251797  44.116829
   11.251617  44.116917
   11.243968  44.120766
   11.242037  44.12262
   11.241398  44.123466
   11.225452  44.12923
   11.212245  44.135109
   11.200912  44.141224
   11.196846  44.144489
   11.194831  44.146557
   11.19465  44.147346
   11.194592  44.14761
   11.194875  44.148582
   11.19672  44.152359
   11.20027  44.152718
   11.209321  44.151165
   11.215007  44.1511
   11.21746  44.151669
   11.227839  44.15451
   11.231283  44.155945
   11.234835  44.158878
   11.23563  44.159363
   11.240281  44.15987
   11.272484  44.160156
   11.274248  44.159599
   11.27603  44.158817
   11.277732  44.158001
   11.279181  44.156666
   11.281704  44.156292
   11.299087  44.168877
   11.299027  44.169277
   11.298189  44.17107
   11.297626  44.171841
   11.296938  44.172504
   11.308515  44.17326
   11.309664  44.173534
   11.309885  44.173603
   11.310071  44.17366
   11.310512  44.173794
   11.311653  44.174206
   11.312834  44.174648
   11.313619  44.175209
   11.31483  44.176075
   11.317767  44.178249
   11.318387  44.178757
   11.323603  44.183193
   11.324205  44.186089
   11.325116  44.191105
   11.325247  44.191895
   11.325324  44.193226
   11.325225  44.193882
   11.325126  44.194534
   11.325212  44.195118
   11.325393  44.195591
   11.325846  44.195988
   11.331102  44.199173
   11.343493  44.206161
   11.363832  44.205009
   11.36453  44.204914
   11.366201  44.204494
   11.368401  44.203781
   11.369322  44.203358
   11.370477  44.20282
   11.372135  44.20203
   11.373005  44.201561
   11.373765  44.201195
   11.374691  44.200886
   11.376595  44.200306
   11.377752  44.200138
   11.378765  44.200119
   11.379874  44.20031
   11.380837  44.200623
   11.381527  44.200951
   11.383184  44.202034
   11.384022  44.202618
   11.384756  44.203152
   11.385493  44.203739
   11.388043  44.205837
   11.38837  44.206173
   11.388568  44.206757
   11.390043  44.213566
   11.390223  44.213409
   11.390964  44.213974
   11.391701  44.214554
   11.394122  44.216862
   11.394244  44.217041
   11.394442  44.217331
   11.395292  44.219158
   11.395568  44.220718
   11.399317  44.223625
   11.414771  44.234188
   11.415412  44.234562
   11.41879  44.236023
   11.422062  44.240189
   11.42869  44.235168
   11.442533  44.227753
   11.446062  44.225849
   11.451867  44.22234
   11.453058  44.216038
   11.453302  44.210571
   11.451588  44.209351
   11.447796  44.204857
   11.44759  44.204391
   11.44724  44.202717
   11.448613  44.200436
   11.468854  44.185749
   11.472722  44.184525
   11.481148  44.184738
   11.488332  44.180374
   11.488441  44.176262
   11.498536  44.169655
   11.51235  44.161366
   11.517117  44.158501
   11.523353  44.156311
   11.524951  44.157249
   11.525936  44.158619
   11.527067  44.158829
   11.528982  44.159164
   11.529446  44.159206
   11.529908  44.159195
   11.536451  44.156647
   11.537102  44.156372
   11.53837  44.155632
   11.539005  44.155258
   11.539548  44.154804
   11.540359  44.154472
   11.541222  44.154182
   11.54236  44.1539
   11.54329  44.153728
   11.545404  44.153481
   11.545808  44.153564
   11.552913  44.159409
   11.553653  44.160213
   11.554484  44.161625
   11.554619  44.162998
   11.554021  44.164509
   11.553617  44.165577
   11.553423  44.166275
   11.553967  44.166695
   11.56416  44.168755
   11.569467  44.167686
   11.571944  44.164848
   11.580861  44.162575
   11.593344  44.162636
   11.611801  44.160934
   11.616338  44.159195
   11.616905  44.153366
   11.613307  44.14267
   11.612707  44.142677
   11.611982  44.142666
   11.611343  44.142365
   11.607071  44.139591
   11.604857  44.136742
   11.603165  44.133205
   11.598278  44.126106
   11.592757  44.125603
   11.591275  44.125427
   11.589616  44.125195
   11.588817  44.124657
   11.588803  44.124638
   11.585129  44.117752
   11.584867  44.117184
   11.58473  44.11636
   11.584899  44.115356
   11.58525  44.113674
   11.58555  44.113148
   11.587441  44.113499
   11.591836  44.114552
   11.597691  44.117252
   11.598565  44.117828
   11.604997  44.119724
   11.610147  44.12009
   11.617141  44.119427
   11.623502  44.118011
   11.638573  44.112434
   11.644651  44.107441
   11.653569  44.101654
   11.674976  44.114254
   11.679002  44.123135
   11.679329  44.123657
   11.679784  44.123848
   11.680462  44.123901
   11.690614  44.123474
   11.691459  44.123363
   11.706859  44.121243
   11.716867  44.123501
   11.717251  44.123032
   11.717649  44.122734
   11.718383  44.122383
   11.719254  44.122021
   11.719992  44.121758
   11.721287  44.121658
   11.723148  44.121937
   11.724941  44.122334
   11.726521  44.122711
   11.728866  44.123692
   11.730474  44.124443
   11.732574  44.125259
   11.736376  44.126102
   11.742054  44.126694
   11.745168  44.127018
   11.74584  44.126976
   11.749468  44.12569
   11.753622  44.122341
   11.753866  44.121937
   11.753923  44.121479
   11.753909  44.121479
   11.753368  44.121235
   11.752545  44.120377
   11.752062  44.11937
   11.74946  44.110195
   11.742268  44.101105
   11.738355  44.090206
   11.738025  44.089016
   11.737479  44.088303
   11.73649  44.087154
   11.735606  44.086411
   11.725094  44.078621
   11.720349  44.075119
   11.715671  44.071663
   11.71504  44.071247
   11.715028  44.071236
   11.714262  44.070663
   11.710811  44.067894
   11.710412  44.067547
   11.701679  44.056511
   11.698332  44.05125
   11.69704  44.045322
   11.696813  44.040051
   11.697007  44.039398
   11.696918  44.038239
   11.696465  44.037079
   11.695893  44.036293
   11.694854  44.035381
   11.693814  44.034477
   11.693801  44.03447
   11.692782  44.033764
   11.691656  44.033142
   11.690488  44.032684
   11.689397  44.032276
   11.688498  44.031693
   11.687603  44.03096
   11.686735  44.029999
   11.686098  44.029148
   11.685472  44.027985
   11.685001  44.026958
   11.682868  44.022156
   11.67989  44.022354
   11.671493  44.022594
   11.670379  44.022514
   11.663848  44.021278
   11.662939  44.021049
   11.661674  44.020645
   11.660665  44.02013
   11.657503  44.018421
   11.657444  44.018211
   11.657359  44.017902
   11.657922  44.017376
   11.659472  44.0158
   11.661309  44.013622
   11.66187  44.012772
   11.662562  44.011513
   11.664836  44.007156
   11.664931  44.006508
   11.664498  44.006031
   11.662155  44.004681
   11.654014  44.000549
   11.649601  43.995785
   11.647998  43.994003
   11.647717  43.99361
   11.647705  43.993591
   11.647289  43.992947
   11.646996  43.991631
   11.646533  43.990803
   11.646624  43.990334
   11.651288  43.98061
   11.652231  43.979111
   11.654358  43.976791
   11.65498  43.976212
   11.655915  43.975651
   11.681877  43.962059
   11.682621  43.961693
   11.6837  43.961288
   11.68441  43.961029
   11.685429  43.96096
   11.686526  43.960995
   11.687248  43.960972
   11.689771  43.959976
   11.691867  43.957809
   11.692226  43.957226
   11.693302  43.95512
   11.693527  43.954594
   11.693584  43.954193
   11.690024  43.950993
   11.683362  43.93922
   11.683181  43.938801
   11.683887  43.937588
   11.684265  43.937145
   11.685187  43.936081
   11.693556  43.930519
   11.697324  43.929005
   11.697595  43.92894
   11.700736  43.928989
   11.703588  43.929344
   11.710222  43.926765
   11.718014  43.922771
   11.718589  43.920929
   11.716455  43.904156
   11.715316  43.900734
   11.71491  43.899612
   11.71437  43.899082
   11.713304  43.897812
   11.712948  43.897388
   11.711426  43.894855
   11.711303  43.894329
   11.710749  43.890091
   11.710184  43.885326
   11.711154  43.878407
   11.711598  43.878368
   11.716947  43.877739
   11.718644  43.8773
   11.719478  43.877018
   11.721027  43.876328
   11.721905  43.875919
   11.722641  43.875462
   11.72286  43.875328
   11.725211  43.872562
   11.725777  43.871857
   11.726376  43.871086
   11.726648  43.870502
   11.727044  43.869907
   11.729534  43.867489
   11.730219  43.866825
   11.73044  43.866611
   11.732352  43.864891
   11.732747  43.86454
   11.732999  43.864326
   11.733449  43.864109
   11.733991  43.863972
   11.738979  43.863148
   11.742707  43.862484
   11.743569  43.862301
   11.744491  43.862034
   11.758151  43.857681
   11.758696  43.857346
   11.75916  43.856884
   11.759996  43.855881
   11.760087  43.85577
   11.773462  43.852486
   11.774335  43.852238
   11.774923  43.852062
   11.785433  43.848518
   11.786055  43.848251
   11.786701  43.847965
   11.787465  43.847553
   11.787983  43.847179
   11.789434  43.846027
   11.793575  43.841209
   11.805423  43.832573
   11.808159  43.829887
   11.817628  43.82317
   11.842631  43.808968
   11.843081  43.80896
   11.846405  43.810158
   11.851817  43.812328
   11.852989  43.813972
   11.854244  43.815258
   11.854736  43.815678
   11.856336  43.816616
   11.85703  43.816841
   11.868381  43.817856
   11.868965  43.817848
   11.870028  43.817707
   11.871111  43.817497
   11.871636  43.817036
   11.871962  43.816296
   11.87231  43.815269
   11.872864  43.814636
   11.877126  43.811478
   11.888141  43.809669
   11.897394  43.808723
   11.898084  43.808849
   11.904023  43.811092
   11.909989  43.813362
   11.910712  43.81366
   11.914399  43.807678
   11.913446  43.804436
   11.913444  43.804417
   11.913338  43.803455
   11.913336  43.803436
   11.913254  43.802528
   11.913304  43.801773
   11.91344  43.800724
   11.914066  43.799873
   11.917949  43.797081
   11.922052  43.795094
   11.933486  43.793812
   11.94803  43.791817
   11.948788  43.79158
   11.949247  43.791325
   11.950603  43.789841
   11.951498  43.788818
   11.952147  43.787933
   11.95208  43.779934
   11.952185  43.77903
   11.952432  43.778511
   11.953626  43.777519
   11.954347  43.777031
   11.969107  43.770725
   11.970068  43.770321
   11.971169  43.769978
   11.976005  43.768528
   11.980144  43.766567
   11.983807  43.764786
   11.987477  43.762871
   11.999666  43.764957
   12.010741  43.764835
   12.02657  43.762264
   12.045121  43.756607
   12.045441  43.759277
   12.045889  43.759537
   12.046263  43.759563
   12.046844  43.759529
   12.052213  43.758343
   12.053967  43.757927
   12.054672  43.757629
   12.061361  43.754585
   12.062039  43.754234
   12.062362  43.753983
   12.062549  43.753517
   12.062636  43.75304
   12.062494  43.751709
   12.062234  43.750259
   12.06214  43.749893
   12.062044  43.749416
   12.065328  43.744205
   12.065558  43.743866
   12.065993  43.743629
   12.067558  43.742905
   12.06819  43.742626
   12.071507  43.741692
   12.072138  43.741638
   12.078018  43.7416
   12.083668  43.745396
   12.085935  43.746723
   12.086881  43.747246
   12.088343  43.747917
   12.089029  43.748222
   12.103268  43.752651
   12.108417  43.754726
   12.10862  43.754597
   12.10951  43.754013
   12.111336  43.753513
   12.123749  43.750286
   12.124534  43.750103
   12.12516  43.750134
   12.125682  43.750175
   12.126166  43.75024
   12.126273  43.750263
   12.12677  43.750355
   12.142104  43.753365
   12.142845  43.753525
   12.143757  43.753822
   12.146636  43.754932
   12.147691  43.755436
   12.148335  43.75584
   12.148987  43.756367
   12.149502  43.75687
   12.154144  43.759781
   12.161575  43.762905
   12.162621  43.763306
   12.163621  43.763359
   12.164625  43.763313
   12.165004  43.76321
   12.165094  43.763092
   12.165538  43.762512
   12.170446  43.755386
   12.171827  43.753128
   12.192524  43.735733
   12.19559  43.732876
   12.196921  43.733608
   12.200418  43.738602
   12.201453  43.741138
   12.201539  43.741478
   12.201604  43.742241
   12.198452  43.745975
   12.205537  43.749207
   12.210203  43.75621
   12.210157  43.756504
   12.210083  43.756981
   12.209953  43.757977
   12.210059  43.75811
   12.215281  43.758881
   12.215832  43.758957
   12.229042  43.760548
   12.229513  43.760529
   12.229581  43.760525
   12.229944  43.760502
   12.231955  43.759937
   12.23319  43.759499
   12.233983  43.759209
   12.23728  43.757736
   12.237947  43.757431
   12.240496  43.756107
   12.242214  43.755177
   12.242281  43.75486
   12.242306  43.75449
   12.254864  43.755608
   12.25812  43.761581
   12.27888  43.765793
   12.282388  43.765934
   12.284744  43.765865
   12.301045  43.7579
   12.308361  43.757362
   12.317496  43.75663
   12.318038  43.756561
   12.318051  43.756557
   12.318681  43.756332
   12.318694  43.756325
   12.319469  43.755962
   12.319577  43.755913
   12.328024  43.751957
   12.328303  43.751682
   12.330044  43.749699
   12.330964  43.748569
   12.334973  43.743004
   12.339729  43.737183
   12.344404  43.733967
   12.364879  43.719257
   12.369356  43.715904
   12.369445  43.715801
   12.371047  43.713902
   12.371583  43.713169
   12.371984  43.712608
   12.372057  43.712326
   12.372306  43.710361
   12.372272  43.709972
   12.371377  43.708645
   12.371053  43.708225
   12.37043  43.707504
   12.36953  43.706932
   12.368958  43.706688
   12.359678  43.703419
   12.358276  43.702976
   12.357859  43.703049
   12.357651  43.70314
   12.357352  43.703308
   12.353931  43.705326
   12.353477  43.705616
   12.35337  43.705933
   12.353366  43.706299
   12.353518  43.706783
   12.353663  43.707207
   12.353634  43.707512
   12.35339  43.707844
   12.353315  43.707901
   12.353169  43.708
   12.352818  43.708241
   12.352554  43.70842
   12.351981  43.708599
   12.351103  43.708656
   12.341739  43.709126
   12.334113  43.708523
   12.333092  43.70892
   12.332738  43.709038
   12.332384  43.709129
   12.332028  43.709183
   12.331483  43.708935
   12.331441  43.708916
   12.331273  43.708557
   12.331068  43.707993
   12.330311  43.702915
   12.330304  43.702366
   12.330317  43.701454
   12.330656  43.699547
   12.334636  43.682182
   12.334752  43.681828
   12.334934  43.681526
   12.335153  43.681221
   12.335431  43.68087
   12.33569  43.680603
   12.335948  43.680344
   12.337204  43.679081
   12.337005  43.678593
   12.336784  43.678204
   12.336352  43.677803
   12.333582  43.675262
   12.333182  43.674976
   12.332809  43.674755
   12.332126  43.674503
   12.331795  43.674568
   12.331497  43.674782
   12.331105  43.675091
   12.325484  43.677185
   12.316676  43.678871
   12.317438  43.682285
   12.321356  43.688808
   12.321593  43.689072
   12.321646  43.689339
   12.322225  43.692635
   12.322278  43.69315
   12.322338  43.694019
   12.322329  43.694355
   12.322059  43.695156
   12.321721  43.695621
   12.314964  43.701771
   12.315478  43.702293
   12.31563  43.702591
   12.31567  43.702854
   12.315912  43.708076
   12.315909  43.708473
   12.315355  43.712421
   12.314236  43.719395
   12.313116  43.724003
   12.310606  43.731049
   12.309546  43.73111
   12.309273  43.731125
   12.30711  43.729797
   12.306559  43.729439
   12.305769  43.728874
   12.305079  43.728043
   12.304795  43.727676
   12.304497  43.727222
   12.304223  43.726746
   12.304056  43.726429
   12.303745  43.725754
   12.302181  43.722286
   12.301911  43.720928
   12.302485  43.718315
   12.302539  43.718235
   12.302642  43.718128
   12.302794  43.717976
   12.302979  43.717834
   12.303211  43.717655
   12.30323  43.717651
   12.303367  43.717613
   12.303559  43.717575
   12.306718  43.698891
   12.305737  43.697643
   12.294474  43.685249
   12.283726  43.679264
   12.283091  43.678978
   12.278186  43.677803
   12.274444  43.67691
   12.273784  43.67691
   12.263783  43.680676
   12.250553  43.68132
   12.246719  43.682419
   12.251361  43.67585
   12.251804  43.675072
   12.251966  43.674675
   12.252058  43.674282
   12.252099  43.673893
   12.252044  43.673519
   12.251897  43.67308
   12.251755  43.672752
   12.251598  43.672398
   12.250446  43.66988
   12.250121  43.669395
   12.249737  43.668903
   12.249371  43.668526
   12.249194  43.668354
   12.233614  43.656548
   12.233399  43.656418
   12.229856  43.654385
   12.222687  43.652031
   12.221105  43.651653
   12.212026  43.650726
   12.211575  43.650845
   12.209849  43.651459
   12.209118  43.651943
   12.208734  43.652206
   12.208721  43.652214
   12.208419  43.652359
   12.208406  43.652363
   12.206891  43.652767
   12.206426  43.652847
   12.206413  43.652851
   12.205896  43.652882
   12.205883  43.652882
   12.205186  43.652828
   12.204657  43.652691
   12.200691  43.6511
   12.187243  43.643456
   12.18646  43.642723
   12.186413  43.642056
   12.18693  43.640331
   12.188178  43.636993
   12.189307  43.635376
   12.190627  43.633835
   12.190903  43.633667
   12.19703  43.630009
   12.19737  43.629856
   12.199066  43.629368
   12.199518  43.629238
   12.200107  43.629124
   12.20111  43.628868
   12.201902  43.628624
   12.204387  43.627571
   12.204688  43.627411
   12.210869  43.621979
   12.211137  43.621655
   12.212143  43.619846
   12.215166  43.611362
   12.214759  43.61182
   12.204144  43.607132
   12.202113  43.605492
   12.200767  43.604202
   12.197835  43.600555
   12.197216  43.597725
   12.189777  43.58733
   12.179701  43.575916
   12.169155  43.566231
   12.164982  43.56348
   12.163621  43.562325
   12.159103  43.549232
   12.1542  43.534397
   12.154322  43.530003
   12.154196  43.529667
   12.150469  43.530693
   12.149195  43.531284
   12.148191  43.531769
   12.145636  43.533501
   12.14467  43.534306
   12.14393  43.535133
   12.143634  43.535706
   12.143258  43.5364
   12.143057  43.536724
   12.132175  43.533794
   12.126664  43.530842
   12.116946  43.528572
   12.116361  43.528709
   12.108019  43.530777
   12.103685  43.530888
   12.096717  43.524132
   12.096355  43.523567
   12.092352  43.513775
   12.092017  43.512882
   12.091855  43.512192
   12.091872  43.509644
   12.091945  43.509182
   12.092018  43.508858
   12.092095  43.508636
   12.092135  43.504341
   12.092172  43.503922
   12.092837  43.502743
   12.093063  43.50248
   12.093458  43.502026
   12.093874  43.501682
   12.095134  43.500778
   12.096054  43.500122
   12.096882  43.499699
   12.098458  43.499264
   12.100425  43.499012
   12.109307  43.496666
   12.118171  43.493202
   12.119069  43.492599
   12.11966  43.492203
   12.11975  43.491684
   12.119809  43.491287
   12.121102  43.488789
   12.130675  43.484604
   12.14163  43.483425
   12.145264  43.480797
   12.145783  43.48053
   12.145825  43.480228
   12.145899  43.479645
   12.1459  43.479637
   12.145958  43.479126
   12.145902  43.47842
   12.145288  43.474678
   12.144492  43.472122
   12.144199  43.471245
   12.142193  43.469883
   12.137999  43.469185
   12.136902  43.469524
   12.124835  43.467995
   12.110444  43.463512
   12.109399  43.463139
   12.104983  43.461407
   12.102679  43.458733
   12.10214  43.457954
   12.10046  43.455318
   12.100332  43.454773
   12.100397  43.454044
   12.100568  43.453239
   12.101099  43.452103
   12.097409  43.446568
   12.088609  43.439117
   12.088492  43.439018
   12.083233  43.435535
   12.082329  43.435005
   12.082314  43.435005
   12.081266  43.434807
   12.078579  43.434715
   12.077927  43.434807
   12.076773  43.434971
   12.075896  43.435307
   12.073092  43.436287
   12.070459  43.437042
   12.067292  43.437908
   12.063033  43.439003
   12.061465  43.439365
   12.060663  43.439457
   12.060269  43.439499
   12.060253  43.439503
   12.058835  43.439453
   12.057838  43.439217
   12.054585  43.435894
   12.053808  43.432976
   12.053596  43.432289
   12.052875  43.431686
   12.052158  43.431202
   12.041959  43.42704
   12.036505  43.425896
   12.034605  43.425461
   12.033097  43.424667
   12.030582  43.422291
   12.027499  43.418346
   12.026876  43.417496
   12.02617  43.416527
   12.026182  43.416027
   12.027661  43.411217
   12.032394  43.402042
   12.032603  43.401871
   12.033071  43.401478
   12.033895  43.401184
   12.053063  43.399277
   12.058685  43.401348
   12.066954  43.404457
   12.068461  43.404987
   12.069836  43.405449
   12.071186  43.405853
   12.071918  43.405956
   12.073089  43.405506
   12.074663  43.40477
   12.074716  43.404739
   12.078272  43.403103
   12.07841  43.402748
   12.078492  43.402397
   12.078577  43.401878
   12.07865  43.401196
   12.078727  43.400402
   12.078791  43.399651
   12.078793  43.399269
   12.078747  43.398964
   12.078589  43.39843
   12.078313  43.397755
   12.077503  43.397228
   12.076714  43.396114
   12.075526  43.393955
   12.075127  43.39312
   12.075008  43.392834
   12.074699  43.391937
   12.074604  43.39164
   12.074234  43.390369
   12.074193  43.390068
   12.073983  43.388527
   12.073899  43.387089
   12.07376  43.383194
   12.073734  43.382221
   12.073986  43.37138
   12.074274  43.370335
   12.074687  43.369556
   12.07639  43.367992
   12.076816  43.367634
   12.076883  43.367584
   12.077489  43.367138
   12.077956  43.366795
   12.078358  43.366558
   12.078394  43.366554
   12.081573  43.366314
   12.094373  43.367386
   12.094665  43.367477
   12.095653  43.367794
   12.09642  43.368553
   12.096653  43.368793
   12.097478  43.369884
   12.09768  43.370102
   12.100714  43.372719
   12.102018  43.373577
   12.103529  43.373413
   12.1043  43.373154
   12.104507  43.373085
   12.104585  43.373058
   12.109159  43.371307
   12.110564  43.37075
   12.112231  43.37006
   12.113404  43.36935
   12.119726  43.365318
   12.12239  43.362621
   12.123277  43.361664
   12.1233  43.361641
   12.12342  43.361511
   12.124974  43.359825
   12.125831  43.358883
   12.126529  43.358063
   12.128867  43.355263
   12.12955  43.354359
   12.129611  43.354271
   12.131011  43.352325
   12.131614  43.351418
   12.135071  43.345413
   12.136375  43.34206
   12.137753  43.330467
   12.134804  43.316887
   12.13209  43.312729
   12.131496  43.311855
   12.130898  43.311214
   12.130091  43.310486
   12.129108  43.309849
   12.128779  43.309731
   12.127789  43.309139
   12.127162  43.30864
   12.126843  43.308064
   12.126787  43.307758
   12.126835  43.307034
   12.127051  43.306431
   12.132706  43.295395
   12.136239  43.293484
   12.145719  43.289616
   12.152912  43.28677
   12.165632  43.28323
   12.174967  43.282387
   12.17647  43.282406
   12.177242  43.282558
   12.178  43.282742
   12.178264  43.282978
   12.17912  43.284035
   12.180991  43.286949
   12.186179  43.295349
   12.186167  43.295742
   12.185979  43.297237
   12.184123  43.301804
   12.194777  43.314041
   12.195097  43.314541
   12.195722  43.315243
   12.196062  43.31538
   12.203026  43.310467
   12.204105  43.308693
   12.206291  43.306183
   12.206302  43.306175
   12.206779  43.305847
   12.215991  43.301163
   12.218119  43.300213
   12.219109  43.299992
   12.21917  43.299984
   12.220221  43.29982
   12.220248  43.29982
   12.220801  43.299801
   12.22097  43.299793
   12.221736  43.29929
   12.222252  43.298946
   12.224662  43.297222
   12.224847  43.296753
   12.224425  43.295979
   12.22386  43.295326
   12.211019  43.283695
   12.209599  43.282921
   12.209236  43.282837
   12.208023  43.282562
   12.200451  43.280254
   12.181461  43.27478
   12.178198  43.274807
   12.177051  43.274578
   12.17669  43.274509
   12.175661  43.274052
   12.173218  43.272762
   12.167384  43.269684
   12.167105  43.269505
   12.163064  43.266663
   12.161176  43.265114
   12.161167  43.265106
   12.155356  43.260326
   12.155081  43.260082
   12.152825  43.257935
   12.151609  43.257061
   12.149536  43.255581
   12.145378  43.254429
   12.143078  43.253979
   12.141518  43.253841
   12.140014  43.253845
   12.13314  43.254616
   12.132043  43.254742
   12.12859  43.255138
   12.12705  43.255665
   12.125257  43.256001
   12.122773  43.256157
   12.122009  43.255917
   12.119586  43.254845
   12.099003  43.241341
   12.095786  43.238174
   12.09579  43.238167
   12.095597  43.237808
   12.094702  43.237392
   12.093961  43.237106
   12.093321  43.236874
   12.092467  43.236797
   12.086877  43.237297
   12.086254  43.237404
   12.085879  43.237541
   12.085313  43.237789
   12.084314  43.238239
   12.083924  43.238567
   12.068195  43.246113
   12.055009  43.251987
   12.049852  43.25407
   12.044945  43.251984
   12.034918  43.247665
   12.03455  43.24736
   12.036187  43.241749
   12.036343  43.24139
   12.03663  43.240738
   12.036764  43.240433
   12.036921  43.240162
   12.037982  43.23877
   12.040609  43.229958
   12.03723  43.216846
   12.030926  43.20528
   12.02933  43.199276
   12.029597  43.198685
   12.030002  43.197578
   12.028446  43.192581
   12.028187  43.192207
   12.025027  43.189125
   12.02072  43.186165
   12.020624  43.186054
   12.019806  43.185108
   12.019732  43.185051
   12.011318  43.182625
   12.007389  43.181492
   12.005904  43.181301
   12.004544  43.181168
   12.002819  43.181114
   11.996933  43.18103
   11.994958  43.181183
   11.994117  43.181332
   11.993443  43.181664
   11.99046  43.182541
   11.989749  43.182575
   11.97759  43.176079
   11.976833  43.175446
   11.976345  43.175022
   11.976089  43.174782
   11.975653  43.174313
   11.975254  43.173626
   11.975124  43.173355
   11.97512  43.173344
   11.974895  43.172943
   11.974888  43.172932
   11.974115  43.171898
   11.974104  43.17189
   11.973217  43.171322
   11.972027  43.170563
   11.972012  43.170555
   11.971118  43.170139
   11.965692  43.168339
   11.963154  43.167927
   11.962594  43.167892
   11.962201  43.167873
   11.948778  43.163311
   11.934712  43.156445
   11.929703  43.153591
   11.928981  43.153019
   11.928721  43.152805
   11.927712  43.151897
   11.926669  43.150928
   11.92594  43.150223
   11.924987  43.148746
   11.916377  43.12664
   11.918735  43.123619
   11.922035  43.118801
   11.922038  43.117805
   11.92226  43.116993
   11.931314  43.095352
   11.931632  43.094448
   11.931851  43.093456
   11.932014  43.092602
   11.932141  43.091831
   11.932014  43.091156
   11.931962  43.090878
   11.931785  43.090454
   11.931529  43.089886
   11.931013  43.089043
   11.929008  43.087723
   11.927214  43.086559
   11.926493  43.086052
   11.925097  43.084885
   11.924616  43.084358
   11.924394  43.084099
   11.9239  43.083439
   11.923454  43.082478
   11.924816  43.076763
   11.926803  43.075668
   11.933051  43.068657
   11.933387  43.067993
   11.935721  43.062328
   11.936245  43.060696
   11.936546  43.059544
   11.93671  43.058872
   11.936768  43.05854
   11.93678  43.058174
   11.936913  43.057175
   11.937028  43.056896
   11.937327  43.056606
   11.94102  43.054253
   11.941779  43.053951
   11.942986  43.054092
   11.943451  43.054176
   11.944087  43.054356
   11.94445  43.054485
   11.946318  43.055309
   11.948052  43.05611
   11.949026  43.056564
   11.949654  43.057217
   11.952086  43.060848
   11.952197  43.061237
   11.951756  43.062016
   11.951399  43.063034
   11.951124  43.063969
   11.950963  43.064651
   11.951324  43.06538
   11.951952  43.066174
   11.952162  43.066406
   11.952404  43.066658
   11.952445  43.066689
   11.953031  43.067146
   11.956549  43.069328
   11.956977  43.069469
   11.957538  43.069645
   11.958088  43.069588
   11.962461  43.068844
   11.963226  43.068687
   11.963859  43.06852
   11.965457  43.068069
   11.966327  43.067787
   11.967834  43.0672
   11.973486  43.064983
   11.97407  43.064606
   11.974639  43.064205
   11.977124  43.062267
   11.978761  43.060818
   11.979266  43.060337
   11.979664  43.05994
   11.981318  43.058086
   11.981548  43.057785
   11.98177  43.057339
   11.983225  43.052383
   11.98335  43.051918
   11.98338  43.051529
   11.983363  43.050934
   11.983164  43.049847
   11.982306  43.047825
   11.981984  43.047134
   11.981763  43.046745
   11.981553  43.046474
   11.981078  43.045876
   11.980863  43.045605
   11.980451  43.04533
   11.979952  43.045097
   11.979274  43.044796
   11.97862  43.044518
   11.97775  43.043945
   11.977481  43.043701
   11.977299  43.043533
   11.977063  43.043282
   11.976932  43.043137
   11.976598  43.042686
   11.976336  43.042267
   11.974644  43.039265
   11.974373  43.038692
   11.973334  43.036308
   11.972146  43.025772
   11.972101  43.025326
   11.97212  43.024956
   11.972261  43.024574
   11.972461  43.024117
   11.972688  43.023796
   11.972885  43.02327
   11.972905  43.022926
   11.972316  43.021641
   11.971971  43.020969
   11.971418  43.019947
   11.971068  43.019348
   11.970898  43.019058
   11.970318  43.018181
   11.969147  43.016472
   11.967505  43.013149
   11.965046  43.007427
   11.962993  43.002155
   11.961717  42.99828
   11.961575  42.996391
   11.960622  42.993153
   11.96037  42.992363
   11.957016  42.983738
   11.955596  42.980484
   11.955416  42.980095
   11.955242  42.979717
   11.954723  42.979412
   11.950469  42.977501
   11.950898  42.976116
   11.951377  42.973499
   11.953506  42.955513
   11.953036  42.950668
   11.952619  42.949371
   11.952374  42.949051
   11.94466  42.939907
   11.943514  42.939251
   11.939504  42.929153
   11.934268  42.911114
   11.933669  42.909466
   11.933808  42.908588
   11.933811  42.908577
   11.934446  42.906391
   11.936554  42.904972
   11.937675  42.904438
   11.938737  42.904102
   11.940338  42.903965
   11.942173  42.9039
   11.951109  42.902561
   11.953029  42.901955
   11.957563  42.895149
   11.959771  42.892624
   11.959991  42.882702
   11.959547  42.875301
   11.959612  42.872036
   11.958293  42.871071
   11.951911  42.870819
   11.950699  42.870857
   11.948383  42.871399
   11.947258  42.871792
   11.945004  42.872757
   11.943899  42.872757
   11.937702  42.871403
   11.934692  42.870693
   11.934249  42.870323
   11.932518  42.87077
   11.931462  42.870689
   11.929966  42.870258
   11.92697  42.868164
   11.926317  42.867203
   11.924961  42.864429
   11.924156  42.862659
   11.923709  42.861519
   11.923704  42.861511
   11.923409  42.860889
   11.921714  42.858185
   11.915073  42.852238
   11.914162  42.851524
   11.91273  42.850624
   11.912366  42.850502
   11.91146  42.85022
   11.9105  42.850117
   11.905723  42.848938
   11.894251  42.844879
   11.894239  42.844875
   11.893929  42.844681
   11.893324  42.844223
   11.893149  42.84409
   11.893137  42.844082
   11.892847  42.843857
   11.893888  42.840706
   11.895914  42.835648
   11.895905  42.83564
   11.895554  42.835266
   11.895537  42.835262
   11.895073  42.835133
   11.894192  42.835014
   11.892011  42.834866
   11.890574  42.83514
   11.888334  42.83588
   11.886409  42.836552
   11.886055  42.836571
   11.883398  42.836697
   11.875557  42.836739
   11.874043  42.83662
   11.873817  42.836666
   11.867773  42.836311
   11.86015  42.836388
   11.859876  42.836399
   11.858881  42.836597
   11.858695  42.836647
   11.857981  42.837372
   11.85774  42.838009
   11.856448  42.83873
   11.856002  42.838894
   11.855725  42.838997
   11.855413  42.8391
   11.853078  42.839485
   11.851985  42.839638
   11.850351  42.839725
   11.850338  42.839722
   11.849144  42.839447
   11.848395  42.838634
   11.846544  42.835918
   11.845889  42.835018
   11.84475  42.83437
   11.832975  42.827797
   11.831686  42.827442
   11.831672  42.827438
   11.830252  42.827145
   11.828613  42.826832
   11.827731  42.826916
   11.826585  42.827316
   11.826054  42.827492
   11.825858  42.827557
   11.825629  42.827602
   11.825088  42.827606
   11.82383  42.827278
   11.816392  42.824738
   11.815537  42.824329
   11.815525  42.824318
   11.814661  42.82365
   11.814098  42.822502
   11.814107  42.82093
   11.814246  42.820461
   11.814564  42.819931
   11.815042  42.818958
   11.815828  42.816387
   11.814261  42.811855
   11.814256  42.811844
   11.813645  42.810829
   11.813634  42.810818
   11.812489  42.809566
   11.81179  42.808739
   11.811715  42.808243
   11.812502  42.806168
   11.812521  42.802685
   11.812392  42.800117
   11.810628  42.797947
   11.807797  42.795822
   11.806994  42.796032
   11.805793  42.796646
   11.803541  42.799423
   11.803608  42.799961
   11.803962  42.801949
   11.794253  42.812199
   11.787345  42.817257
   11.776825  42.821644
   11.77621  42.821796
   11.775193  42.822037
   11.770031  42.821159
   11.77002  42.821156
   11.769469  42.820934
   11.769464  42.820927
   11.769897  42.817394
   11.76952  42.816391
   11.765395  42.812706
   11.76408  42.811913
   11.764062  42.811905
   11.762083  42.811016
   11.76207  42.811008
   11.760256  42.80999
   11.760243  42.809978
   11.759413  42.809261
   11.754312  42.803219
   11.753877  42.802414
   11.752925  42.799309
   11.752387  42.797188
   11.750921  42.791447
   11.750916  42.791435
   11.750648  42.790852
   11.750276  42.790039
   11.750269  42.790031
   11.749642  42.789177
   11.749633  42.789169
   11.745677  42.786221
   11.748919  42.784485
   11.752579  42.783634
   11.758561  42.78315
   11.76298  42.780579
   11.76389  42.780872
   11.765062  42.780247
   11.765482  42.779953
   11.775042  42.769585
   11.779984  42.75983
   11.780058  42.759304
   11.780374  42.758999
   11.785831  42.757889
   11.789914  42.757244
   11.796356  42.756458
   11.796999  42.756413
   11.801265  42.755974
   11.807495  42.754898
   11.810081  42.754166
   11.812727  42.75182
   11.81344  42.751015
   11.814281  42.749668
   11.814365  42.749218
   11.814289  42.748894
   11.814212  42.748547
   11.814158  42.747868
   11.81416  42.747852
   11.814201  42.747482
   11.814258  42.747162
   11.814394  42.746902
   11.814907  42.746655
   11.81498  42.746616
   11.81529  42.74649
   11.815852  42.746449
   11.816461  42.74641
   11.817147  42.746449
   11.817677  42.746479
   11.819612  42.74675
   11.820115  42.746651
   11.820439  42.746407
   11.820527  42.745995
   11.820454  42.745579
   11.820374  42.745235
   11.820055  42.744282
   11.819904  42.743885
   11.813093  42.736481
   11.809452  42.731171
   11.808224  42.726208
   11.801645  42.709694
   11.783128  42.708309
   11.782097  42.706306
   11.786037  42.687618
   11.784798  42.682434
   11.784805  42.682114
   11.785472  42.672306
   11.785738  42.671898
   11.786011  42.671684
   11.786493  42.671535
   11.793991  42.670338
   11.796285  42.670071
   11.801398  42.669537
   11.801844  42.669399
   11.807225  42.663712
   11.809352  42.660732
   11.809359  42.660725
   11.809666  42.660172
   11.809772  42.659927
   11.80989  42.659653
   11.809991  42.659248
   11.810216  42.658241
   11.810299  42.657829
   11.810373  42.65733
   11.81041  42.65683
   11.810419  42.65638
   11.810408  42.655369
   11.810367  42.654869
   11.810312  42.654343
   11.810309  42.654331
   11.810235  42.653934
   11.808815  42.65102
   11.805729  42.644978
   11.797398  42.64447
   11.796284  42.643341
   11.79595  42.643044
   11.795115  42.642353
   11.794781  42.64217
   11.7928  42.64122
   11.792466  42.641117
   11.792064  42.641014
   11.791185  42.640827
   11.79045  42.640736
   11.789645  42.640713
   11.789083  42.640697
   11.788605  42.640648
   11.788463  42.640705
   11.788112  42.640514
   11.787529  42.640251
   11.787518  42.640247
   11.785526  42.638962
   11.78509  42.638634
   11.783011  42.636806
   11.782364  42.63623
   11.781845  42.635662
   11.772216  42.636513
   11.771571  42.636616
   11.761239  42.63855
   11.760835  42.63866
   11.760424  42.638844
   11.760032  42.639069
   11.751285  42.635979
   11.752083  42.631176
   11.752785  42.626579
   11.751788  42.624722
   11.751403  42.624031
   11.750057  42.622673
   11.744629  42.618351
   11.739461  42.614258
   11.736946  42.610813
   11.737258  42.607994
   11.736925  42.607635
   11.735373  42.607285
   11.734574  42.607124
   11.734083  42.607048
   11.731932  42.606892
   11.730846  42.606892
   11.730245  42.606956
   11.729965  42.606987
   11.728899  42.607178
   11.728369  42.607353
   11.728356  42.607357
   11.728101  42.607513
   11.727762  42.608143
   11.727604  42.608894
   11.727574  42.609608
   11.727597  42.610165
   11.727669  42.610722
   11.727671  42.610733
   11.72774  42.611317
   11.727723  42.61179
   11.726947  42.6119
   11.722387  42.612152
   11.713223  42.611721
   11.695957  42.601292
   11.681316  42.594769
   11.681708  42.59449
   11.683951  42.59164
   11.684178  42.591267
   11.685222  42.589539
   11.686886  42.586292
   11.686886  42.586285
   11.686897  42.585815
   11.68242  42.58231
   11.681835  42.58202
   11.68094  42.5816
   11.678266  42.580421
   11.676535  42.579803
   11.669952  42.577873
   11.666906  42.577183
   11.666435  42.577419
   11.666087  42.577572
   11.665547  42.577785
   11.663389  42.577995
   11.658123  42.578148
   11.657786  42.577995
   11.657038  42.577286
   11.656907  42.577042
   11.656616  42.575809
   11.656659  42.575546
   11.656659  42.575535
   11.656658  42.575195
   11.656487  42.574963
   11.655316  42.573563
   11.654997  42.573296
   11.648697  42.569809
   11.646896  42.56884
   11.644726  42.567684
   11.637676  42.566021
   11.637003  42.565907
   11.634633  42.566494
   11.634613  42.566517
   11.634283  42.566864
   11.634243  42.567364
   11.634249  42.56739
   11.634301  42.567593
   11.634329  42.56781
   11.633603  42.569099
   11.633593  42.569107
   11.633348  42.569294
   11.63179  42.570175
   11.631289  42.570446
   11.630977  42.570545
   11.629669  42.570724
   11.629279  42.570736
   11.628449  42.570698
   11.628057  42.570641
   11.627062  42.570419
   11.626718  42.570328
   11.625978  42.57008
   11.625082  42.569332
   11.617147  42.560863
   11.60967  42.564377
   11.609637  42.565495
   11.609249  42.567219
   11.60875  42.567547
   11.606138  42.568855
   11.605551  42.569073
   11.601737  42.57021
   11.59967  42.570637
   11.593712  42.57172
   11.589971  42.572258
   11.581676  42.568909
   11.579514  42.5672
   11.581369  42.560638
   11.583261  42.552521
   11.585307  42.543732
   11.578579  42.54039
   11.57021  42.535191
   11.569791  42.534813
   11.569783  42.534801
   11.569507  42.534454
   11.566545  42.529396
   11.566276  42.528938
   11.564549  42.525913
   11.564411  42.525646
   11.5622  42.51828
   11.563421  42.515915
   11.568286  42.510906
   11.568298  42.510902
   11.568772  42.510685
   11.569247  42.510689
   11.571642  42.510826
   11.572025  42.511112
   11.572367  42.511433
   11.572718  42.511684
   11.573248  42.51189
   11.57369  42.511993
   11.574155  42.512066
   11.574664  42.512001
   11.57504  42.511951
   11.579412  42.510551
   11.579808  42.510418
   11.580708  42.510105
   11.581127  42.509922
   11.581186  42.509892
   11.581496  42.50975
   11.584705  42.508091
   11.586085  42.50713
   11.587113  42.50639
   11.587597  42.505863
   11.587803  42.505611
   11.588017  42.505306
   11.588085  42.505039
   11.588084  42.505028
   11.58807  42.504658
   11.587987  42.504284
   11.587982  42.504272
   11.587799  42.503822
   11.596191  42.496582
   11.598343  42.496265
   11.606894  42.494488
   11.607567  42.494347
   11.609735  42.493797
   11.610348  42.493591
   11.614093  42.49181
   11.6178  42.488495
   11.61853  42.482445
   11.618535  42.482433
   11.620382  42.478245
   11.620574  42.477741
   11.620736  42.477249
   11.620852  42.476761
   11.620854  42.476749
   11.620945  42.476158
   11.620987  42.475712
   11.620987  42.47522
   11.620974  42.474796
   11.620933  42.474548
   11.620901  42.474434
   11.620859  42.474277
   11.620702  42.473885
   11.618484  42.469025
   11.618262  42.468582
   11.618006  42.468197
   11.617515  42.467854
   11.616322  42.454391
   11.616275  42.453857
   11.616597  42.450764
   11.61673  42.4501
   11.616914  42.449474
   11.61744  42.447815
   11.617662  42.44722
   11.617806  42.44685
   11.618133  42.446514
   11.61814  42.446507
   11.618502  42.445999
   11.618507  42.445988
   11.618819  42.445438
   11.618825  42.445427
   11.619043  42.444942
   11.619048  42.444931
   11.619288  42.44434
   11.620119  42.441784
   11.62014  42.441368
   11.620141  42.441353
   11.620152  42.440899
   11.62007  42.44046
   11.619959  42.440159
   11.619055  42.437748
   11.618663  42.437031
   11.612275  42.438034
   11.609366  42.437958
   11.6078  42.437618
   11.607283  42.437454
   11.606771  42.43737
   11.606044  42.437252
   11.605309  42.437145
   11.605181  42.437141
   11.604395  42.437107
   11.602095  42.437016
   11.586783  42.437759
   11.556224  42.439701
   11.555476  42.439758
   11.550122  42.440842
   11.54963  42.441006
   11.549295  42.441273
   11.549053  42.441589
   11.5488  42.441826
   11.548519  42.442081
   11.54778  42.442432
   11.547179  42.442608
   11.545233  42.443134
   11.544467  42.443104
   11.530985  42.438644
   11.530113  42.438339
   11.529389  42.43808
   11.523552  42.436012
   11.523026  42.435776
   11.522631  42.43512
   11.522379  42.435059
   11.521694  42.434895
   11.518922  42.434525
   11.518749  42.434521
   11.518389  42.434513
   11.51753  42.434547
   11.512927  42.435532
   11.506601  42.437408
   11.505703  42.437859
   11.504457  42.43848
   11.500921  42.439934
   11.500479  42.440098
   11.499838  42.440163
   11.489845  42.440361
   11.48956  42.440208
   11.487659  42.438992
   11.486732  42.438362
   11.482873  42.435478
   11.482306  42.435024
   11.481994  42.434589
   11.481857  42.429001
   11.482234  42.426136
   11.48285  42.42234
   11.483012  42.421989
   11.483015  42.421978
   11.483076  42.421696
   11.483078  42.421684
   11.483114  42.421364
   11.483114  42.421085
   11.483047  42.420879
   11.477453  42.41441
   11.476852  42.413845
   11.476767  42.413784
   11.476543  42.41362
   11.475446  42.412903
   11.474824  42.41254
   11.464445  42.406593
   11.461094  42.403931
   11.460313  42.403919
   11.45932  42.403938
   11.459081  42.403828
   11.458441  42.403374
   11.458177  42.403069
   11.457662  42.402588
   11.456641  42.401848
   11.456109  42.400024
   11.455016  42.39838
   11.453015  42.396606
   11.450737  42.395023
   11.450585  42.394878
   11.45044  42.394741
   11.450238  42.394535
   11.449725  42.394108
   11.449553  42.393589
   11.449486  42.39328
   11.449504  42.392632
   11.449922  42.391842
   11.45024  42.39135
   11.450509  42.390961
   11.450779  42.390656
   11.451233  42.390377
   11.452728  42.389732
   11.454186  42.389072
   11.454818  42.388767
   11.455036  42.38847
   11.455043  42.388046
   11.454668  42.387379
   11.454325  42.386703
   11.354207  41.999783
   11.33847  41.977566
   11.036702  42.041073
   11.032735  42.041924
   11.023124  42.044178
   11.016476  42.045841
   11.00916  42.047756
   10.992633  42.052738
   10.976576  42.058517
   10.967811  42.062088
   10.849017  42.112545
   10.321334  42.109459
   10.313847  42.109478
   10.296023  42.110126
   10.278295  42.111641
   10.273009  42.112263
   10.253072  42.114758
   10.240797  42.116505
   10.23316  42.117813
   10.101868  42.14164
   9.999846  42.163692
   9.919832  42.190166
   9.867834  42.224873
   9.867834  42.224873
END
END
