POLY
1
   12.393736  43.657761
   12.443843  43.632969
   12.511279  43.562607
   12.633958  43.461571
   12.729752  43.492832
   12.799706  43.486519
   12.818729  43.410904
   12.801044  43.369942
   12.84231  43.285858
   12.892417  43.253521
   12.91305  43.161892
   12.942525  42.981869
   13.058951  42.955997
   13.163588  42.885929
   13.222845  42.891655
   13.28591  42.887005
   13.300862  42.767147
   13.175605  42.628807
   12.965196  42.589035
   12.927369  42.550991
   12.809162  42.509491
   12.783156  42.464527
   12.631851  42.378067
   12.532557  42.336563
   12.409621  42.390171
   12.35761  42.452423
   12.241767  42.471447
   12.17557  42.635727
   12.033722  42.616703
   11.913151  42.665123
   11.846954  42.848423
   11.897664  42.913059
   11.933126  43.031635
   11.895975  43.052635
   11.87296  43.147587
   12.01008  43.273823
   12.104358  43.276451
   12.104358  43.318691
   12.064843  43.352783
   12.008103  43.396507
   12.008103  43.434147
   12.066869  43.457863
   12.08308  43.479355
   12.072948  43.501591
   12.073931  43.547806
   12.18741  43.63728
   12.342136  43.670792
   12.393736  43.657761
   12.393736  43.657761
END
END
