POLY
1
   14.771223  42.109962
   15.034259  42.043304
   15.191628  41.940094
   15.153075  41.833237
   15.143896  41.767483
   15.183051  41.700199
   15.145492  41.662472
   15.019813  41.601025
   14.980809  41.611805
   14.967808  41.544971
   15.033747  41.505825
   15.01906  41.461987
   14.941955  41.43322
   14.858019  41.402676
   14.80794  41.408558
   14.705133  41.378422
   14.602327  41.345543
   14.494013  41.36198
   14.418744  41.404449
   14.211295  41.467468
   14.128683  41.453766
   14.145205  41.377052
   14.091967  41.356503
   14.013025  41.379791
   13.941428  41.493496
   13.983652  41.542812
   13.972637  41.61953
   13.913891  41.688026
   13.956115  41.720905
   14.020369  41.722275
   14.053414  41.755154
   14.141534  41.788029
   14.130519  41.842827
   14.185594  41.866116
   14.282892  41.937351
   14.337967  41.915436
   14.389371  41.897625
   14.466475  41.853786
   14.48667  41.797619
   14.549088  41.845566
   14.598655  41.909954
   14.642715  41.926395
   14.65373  41.956532
   14.74185  42.046947
   14.760208  42.100376
   14.771223  42.109962
END
END
