POLY
1
   13.887531  42.904182
   14.024354  42.916512
   14.092957  42.726521
   14.361648  42.504185
   14.733243  42.229301
   14.774277  42.146366
   14.846182  42.085728
   14.796509  41.989517
   14.653969  41.854122
   14.498471  41.730427
   14.43152  41.747223
   14.396965  41.826633
   14.28682  41.860233
   14.22203  41.820526
   14.228509  41.73959
   14.070851  41.67392
   13.923992  41.666286
   13.675627  41.762497
   13.539566  41.731953
   13.418623  41.78693
   13.317117  41.83427
   13.323596  41.899937
   13.120584  41.979347
   12.975885  42.02058
   12.969406  42.124428
   13.079551  42.214527
   13.183216  42.196201
   13.273923  42.167187
   13.308478  42.194675
   13.181056  42.293938
   13.105467  42.374878
   13.08171  42.471085
   13.116265  42.556606
   13.176737  42.631435
   13.304159  42.617691
   13.323596  42.729172
   13.420782  42.736809
   13.520128  42.845234
   13.634592  42.842182
   13.720981  42.877304
   13.887531  42.904182
END
END
