POLY
1
   15.509647  42.202885
   16.103432  42.000404
   16.237513  41.915691
   16.253929  41.771065
   16.114378  41.638832
   15.958406  41.576847
   16.051441  41.471474
   16.869604  41.188416
   17.216286  41.056183
   17.681463  40.822712
   17.957832  40.727669
   18.067286  40.638824
   18.414801  40.382626
   18.554354  40.20705
   18.568035  40.095482
   18.485945  39.963249
   18.444901  39.831017
   18.403854  39.762833
   18.321764  39.760769
   18.143904  39.824818
   18.045395  39.886803
   17.949623  39.977711
   17.916788  40.122341
   17.818279  40.235977
   17.514547  40.254574
   17.190619  40.359112
   17.05975  40.4604
   16.92561  40.368996
   16.843819  40.3727
   16.699863  40.457928
   16.673689  40.509808
   16.678596  40.604916
   16.667147  40.713612
   16.557545  40.704964
   16.50029  40.71114
   16.438543  40.693016
   16.384411  40.696159
   16.240427  40.800209
   16.205687  40.869965
   16.192125  40.897991
   16.157146  40.900684
   16.115746  40.879124
   15.948413  40.946857
   15.949841  40.981533
   15.995525  41.008484
   15.959834  41.074238
   15.857043  41.091488
   15.804814  41.043293
   15.547321  41.017467
   15.395187  41.059464
   15.203049  41.070648
   15.144902  41.231152
   14.999311  41.315144
   15.004219  41.412724
   14.886437  41.526363
   14.91618  41.656147
   15.025633  41.67371
   15.062573  41.735691
   15.066678  41.844162
   15.10586  41.96973
   15.430294  42.16156
   15.509647  42.202885
   15.509647  42.202885
END
END
