POLY
1
   15.933117  41.153683
   16.074833  41.075729
   16.071257  40.980553
   16.216373  40.955849
   16.275299  40.902199
   16.313059  40.819553
   16.41555  40.757568
   16.563892  40.798893
   16.74847  40.753281
   16.787169  40.50914
   16.916162  40.395504
   16.683388  40.096298
   16.449001  40.105057
   16.426134  40.017471
   16.387289  39.876724
   16.068031  39.856964
   16.01573  39.88937
   15.966185  39.963818
   15.849944  39.978416
   15.781343  39.909805
   15.714647  39.920025
   15.603713  40.061016
   15.743964  40.263763
   15.506617  40.488972
   15.487737  40.557156
   15.423005  40.586079
   15.431097  40.654263
   15.347486  40.720379
   15.304331  40.825752
   15.331303  40.908398
   15.444582  40.91666
   15.510135  40.963261
   15.48756  41.071957
   15.561092  41.120975
   15.777796  41.128777
   15.884978  41.17841
   15.933117  41.153683
   15.933117  41.153683
END
END
