POLY
1
   14.226632  41.543102
   14.531975  41.466747
   14.77284  41.497402
   15.043792  41.533897
   15.13821  41.457989
   15.16326  41.358727
   15.303925  41.297417
   15.330901  41.224426
   15.317413  41.148518
   15.558277  41.104725
   15.629573  41.0186
   15.589108  40.890141
   15.486981  40.844887
   15.438808  40.770439
   15.542862  40.679935
   15.523593  40.621544
   15.60645  40.520821
   15.731699  40.427395
   15.829972  40.312077
   15.849241  40.209557
   15.772164  40.154083
   15.710504  40.018326
   15.535154  40.019787
   15.414411  39.939857
   15.195276  39.993465
   15.065166  40.109325
   14.847721  40.241222
   14.924353  40.389442
   14.779242  40.605598
   14.546085  40.574718
   14.35043  40.52037
   14.167817  40.503078
   14.167817  40.574718
   14.236297  40.647594
   14.392821  40.695766
   14.309668  40.778526
   14.210209  40.762466
   13.89879  40.657478
   13.817267  40.701942
   13.814007  40.783466
   13.960038  40.792583
   14.011292  40.856342
   13.884116  41.013187
   13.737374  41.202171
   13.739005  41.254047
   13.83206  41.322006
   13.843473  41.457878
   14.104347  41.535694
   14.226632  41.543102
   14.226632  41.543102
END
END
