POLY
1
   9.579345  41.288879
   9.837538  40.907097
   9.948193  40.570229
   9.896553  40.188442
   9.734261  39.172226
   9.092465  38.902729
   8.826895  38.784824
   8.45067  38.762367
   8.207231  38.925186
   8.081822  39.172226
   8.170346  39.368732
   8.192477  39.57085
   8.310509  39.840347
   8.214608  40.081768
   8.244116  40.384949
   8.074446  40.519699
   8.008053  40.82288
   8.052315  41.086758
   8.273623  41.227119
   8.576078  41.165359
   8.850206  41.161545
   9.018991  41.243065
   9.129575  41.282928
   9.288298  41.274776
   9.474285  41.319244
   9.579345  41.288879
   9.579345  41.288879
END
END
