Relation 178009
1
   70.9676125   40.228512  
   70.9702769   40.2379955 
   70.9698324   40.2446141 
   70.9697116   40.2448922 
   70.9631568   40.2599117 
   70.9661493   40.2643697 
   70.9759907   40.2690966 
   71.0206982   40.2840796 
   71.0321736   40.2868032 
   71.0630422   40.2898071 
   71.0804526   40.2977795 
   71.1182087   40.3193196 
   71.1314391   40.3227885 
   71.1526784   40.3224306 
   71.1826786   40.330166  
   71.2004924   40.3319597 
   71.2157215   40.3308976 
   71.2221077   40.3304555 
   71.2439646   40.3248443 
   71.2544327   40.3247599 
   71.2712869   40.3276521 
   71.2773197   40.3267245 
   71.2777414   40.3100435 
   71.2797014   40.307361  
   71.2809983   40.3055833 
   71.2867736   40.3039628 
   71.3031013   40.3056858 
   71.3116298   40.3088265 
   71.3285228   40.3150485 
   71.3362194   40.3162337 
   71.3430409   40.312129  
   71.3412085   40.3062055 
   71.3410421   40.3056516 
   71.344634    40.300519  
   71.3580171   40.3014444 
   71.3658209   40.3040243 
   71.3688589   40.3050272 
   71.3782353   40.3029212 
   71.3794478   40.30265   
   71.388382    40.2981579 
   71.411987    40.2777072 
   71.4256049   40.2694863 
   71.4386666   40.2655867 
   71.4455336   40.2655936 
   71.4588233   40.2628449 
   71.475739    40.2625919 
   71.486909    40.2624256 
   71.490722    40.2584371 
   71.4921875   40.2536851 
   71.4886024   40.2340594 
   71.4881056   40.2313655 
   71.4927983   40.2223789 
   71.5311288   40.2092602 
   71.5450133   40.2010302 
   71.5510553   40.1996308 
   71.5595246   40.2018894 
   71.5628043   40.2027669 
   71.5845723   40.2027965 
   71.6021581   40.1869132 
   71.608444    40.1864323 
   71.6109464   40.1897166 
   71.6092303   40.199036  
   71.6137316   40.2147301 
   71.6085214   40.2385721 
   71.6086878   40.2463485 
   71.6110376   40.2523723 
   71.6374824   40.2543757 
   71.654266    40.2530902 
   71.6653449   40.2470437 
   71.6801911   40.2319718 
   71.6841956   40.2186092 
   71.6805421   40.1871639 
   71.6827164   40.1831937 
   71.6838537   40.1810992 
   71.6916666   40.1744874 
   71.6967992   40.1732795 
   71.7061915   40.16489   
   71.7161947   40.1508026 
   71.7205045   40.1488494 
   71.721382    40.1484528 
   71.7290809   40.1493827 
   71.749053    40.1603043 
   71.7613534   40.1643452 
   71.7775809   40.1673651 
   71.8183364   40.185776  
   71.8313366   40.193721  
   71.8429875   40.1931604 
   71.8517759   40.1961756 
   71.8592537   40.2014313 
   71.8605186   40.2058141 
   71.8587956   40.2103359 
   71.8502352   40.2204211 
   71.84291     40.2290567 
   71.8417819   40.2335922 
   71.8446581   40.2414552 
   71.8498158   40.2454984 
   71.8550578   40.2479485 
   71.8625266   40.247716  
   71.8725593   40.2441332 
   71.8889167   40.2422142 
   71.8911662   40.2419521 
   71.8987192   40.2401197 
   71.9184429   40.2276756 
   71.9260415   40.2249292 
   71.939477    40.2246443 
   71.9538128   40.230096  
   71.9601146   40.235313  
   71.9622273   40.2391465 
   71.9642558   40.2428318 
   71.9683992   40.2503621 
   71.9699627   40.2532042 
   71.9941717   40.2703752 
   71.9955597   40.278416  
   71.9899143   40.2839702 
   71.9743113   40.2931665 
   71.9532863   40.2970206 
   71.94925     40.3016244 
   71.9485936   40.305328  
   71.9512168   40.3096538 
   71.9600599   40.3174143 
   71.9714214   40.3238984 
   71.9970617   40.3324201 
   72.014358    40.3512116 
   72.025405    40.3574746 
   72.0380246   40.3683552 
   72.0438774   40.376984  
   72.0479365   40.3796164 
   72.0645218   40.3824129 
   72.0707712   40.3834659 
   72.077506    40.3863991 
   72.0806809   40.3897404 
   72.0837623   40.392979  
   72.0854032   40.4023964 
   72.0869439   40.4037206 
   72.0991897   40.4142183 
   72.1022119   40.419793  
   72.1017378   40.4217599 
   72.098465    40.4354621 
   72.0924754   40.4480999 
   72.102417    40.4653005 
   72.1217418   40.4555504 
   72.1344753   40.4522434 
   72.1425024   40.4533807 
   72.1524896   40.4573167 
   72.1534582   40.4580301 
   72.1660915   40.4672925 
   72.1726531   40.4754062 
   72.1835109   40.4982568 
   72.1919642   40.4995263 
   72.2150792   40.495376  
   72.2257547   40.4960484 
   72.2404642   40.4969714 
   72.2502508   40.4924314 
   72.2516411   40.488354  
   72.2444071   40.4696377 
   72.244537    40.4669005 
   72.246292    40.4651342 
   72.2482976   40.4631126 
   72.2540752   40.4612072 
   72.2735208   40.4614944 
   72.2799617   40.4580073 
   72.2852561   40.4521568 
   72.2906713   40.4461718 
   72.297707    40.4426961 
   72.3148415   40.4477147 
   72.3211981   40.4460532 
   72.3353036   40.4384159 
   72.3621974   40.4187583 
   72.3687659   40.4120668 
   72.3785411   40.4075176 
   72.3864201   40.4049718 
   72.3990169   40.4041491 
   72.4105083   40.4012386 
   72.417038    40.4023166 
   72.4208145   40.4049262 
   72.4221569   40.4154786 
   72.4161765   40.429272  
   72.4262457   40.4503927 
   72.4409256   40.4733322 
   72.4355993   40.4857717 
   72.4282308   40.4901614 
   72.4250491   40.4944256 
   72.4248281   40.495025  
   72.4219974   40.5028106 
   72.4201125   40.5187691 
   72.4144603   40.5247997 
   72.4087533   40.5251119 
   72.4016561   40.5228761 
   72.3911675   40.5230675 
   72.3881454   40.5305362 
   72.391678    40.5388596 
   72.3975377   40.5419798 
   72.4140159   40.5419388 
   72.419937    40.5436869 
   72.4274445   40.5502736 
   72.4290764   40.5542028 
   72.4282536   40.5594402 
   72.4241033   40.5652839 
   72.419463    40.5685955 
   72.3967446   40.5739697 
   72.3933099   40.5770876 
   72.3867118   40.590865  
   72.3798904   40.5959543 
   72.3694451   40.5986414 
   72.3556221   40.6021968 
   72.3524177   40.6069146 
   72.3557657   40.6124871 
   72.3610237   40.6158261 
   72.3691625   40.6148871 
   72.3847198   40.6159696 
   72.3911744   40.6193359 
   72.4060526   40.6229711 
   72.4145515   40.6199217 
   72.4447865   40.6005513 
   72.4482507   40.5957378 
   72.456581    40.5841529 
   72.4763183   40.5640601 
   72.486228    40.5565252 
   72.4907452   40.5559509 
   72.5055391   40.5606527 
   72.5164562   40.5577172 
   72.5362322   40.5433313 
   72.5511697   40.5370569 
   72.5605552   40.5373873 
   72.5706175   40.5377474 
   72.5829773   40.5359811 
   72.6130824   40.5174791 
   72.6220941   40.5167725 
   72.6366646   40.5193981 
   72.6490927   40.5370477 
   72.6536328   40.5602539 
   72.6567757   40.5642128 
   72.6755603   40.5744711 
   72.6765677   40.5870656 
   72.6835259   40.5931692 
   72.713631    40.5879317 
   72.7161335   40.5874987 
   72.7253344   40.5822134 
   72.7368326   40.5714946 
   72.7481166   40.5664873 
   72.7506017   40.5711062 
   72.7508828   40.5711999 
   72.7516172   40.5717833 
   72.7518471   40.5720176 
   72.7519536   40.5723199 
   72.7522564   40.5725584 
   72.7525142   40.5726648 
   72.7527105   40.5727415 
   72.7528562   40.5730055 
   72.7529291   40.5733377 
   72.7529964   40.5735463 
   72.7532094   40.5737252 
   72.7535346   40.5740616 
   72.7540279   40.5741042 
   72.7545998   40.5732269 
   72.7551716   40.5727287 
   72.7558668   40.5725073 
   72.7568199   40.5724732 
   72.7584793   40.5720814 
   72.759613    40.572987  
   72.7602734   40.5735506 
   72.7603664   40.5759175 
   72.7635031   40.5876263 
   72.7597265   40.6325845 
   72.7597038   40.632817  
   72.7618484   40.6397205 
   72.7762822   40.6486274 
   72.7779779   40.6496735 
   72.7779004   40.6501954 
   72.7771688   40.6553736 
   72.7690733   40.6629723 
   72.766099    40.6702222 
   72.7671041   40.6755029 
   72.7737888   40.6813649 
   72.790839    40.6831061 
   72.7993311   40.6810002 
   72.8152622   40.6806561 
   72.8304755   40.6832657 
   72.8485946   40.6889065 
   72.8656152   40.7000082 
   72.8702464   40.7046782 
   72.8883427   40.7112284 
   72.899253    40.7169376 
   72.9180672   40.7202948 
   72.9191361   40.7239756 
   72.927537    40.7243722 
   72.9367675   40.7268496 
   72.9669797   40.7395717 
   72.992073    40.7528728 
   73.0257013   40.7653115 
   73.0545731   40.7641914 
   73.0596671   40.7693067 
   73.0648404   40.7691827 
   73.0891167   40.7741203 
   73.1352174   40.783586  
   73.1397362   40.7852523 
   73.1369938   40.8056317 
   73.1375472   40.8276592 
   73.1354114   40.833371  
   73.127716    40.8389584 
   73.125683    40.8402999 
   73.1220929   40.8401257 
   73.1155705   40.8354834 
   73.1071978   40.833613  
   73.0931818   40.8391272 
   73.0907874   40.8452635 
   73.0897355   40.8495176 
   73.0846544   40.8511058 
   73.0830006   40.8500504 
   73.0803352   40.8492599 
   73.0747205   40.8515439 
   73.0697414   40.8506272 
   73.0649575   40.8493964 
   73.0583095   40.8478946 
   73.0441875   40.859782  
   73.0279999   40.8600847 
   72.9979555   40.8453601 
   72.9990016   40.8388326 
   72.9913323   40.8353843 
   72.9824911   40.8279049 
   72.9705901   40.823678  
   72.9563225   40.8216708 
   72.952277    40.8167888 
   72.9388279   40.8142317 
   72.9382854   40.8126226 
   72.9271701   40.8119388 
   72.9129323   40.8146237 
   72.9092401   40.8170623 
   72.9010991   40.8342744 
   72.8822392   40.8482933 
   72.868202    40.861722  
   72.8596028   40.8663441 
   72.8539118   40.8680808 
   72.8504635   40.8691292 
   72.8347922   40.8694847 
   72.8285678   40.8682791 
   72.7869417   40.8602337 
   72.7723552   40.8638029 
   72.7522966   40.8606257 
   72.7320715   40.8540071 
   72.7075115   40.8582646 
   72.6927336   40.8588526 
   72.6808092   40.8556094 
   72.6467065   40.865127  
   72.6216816   40.8732453 
   72.6179666   40.8756749 
   72.5921257   40.8814821 
   72.5817101   40.8858102 
   72.5754926   40.8904687 
   72.5728693   40.9029858 
   72.5734482   40.9183198 
   72.5711372   40.9232974 
   72.5586088   40.9346657 
   72.5556801   40.9398576 
   72.5399016   40.9568668 
   72.5299304   40.9717245 
   72.5209119   40.9781425 
   72.5107948   40.9820171 
   72.5054616   40.9816387 
   72.5005729   40.9806974 
   72.4905857   40.9689212 
   72.4874337   40.9685633 
   72.4833677   40.9721826 
   72.4831853   40.9759181 
   72.5009307   41.0007744 
   72.5032281   41.0113404 
   72.5021979   41.0173642 
   72.5007226   41.0230019 
   72.4913039   41.0239707 
   72.4767359   41.0271219 
   72.4580566   41.0320541 
   72.4451338   41.0345573 
   72.4323609   41.035996  
   72.423228    41.0359069 
   72.4136721   41.0390331 
   72.4056693   41.0400738 
   72.3955604   41.038655  
   72.3822501   41.0399015 
   72.3575328   41.0497126 
   72.3552641   41.0577896 
   72.354447    41.0609114 
   72.3516929   41.0647702 
   72.3436042   41.0631953 
   72.3350985   41.0574838 
   72.3191377   41.0428928 
   72.2929299   41.0278049 
   72.2764586   41.0248557 
   72.2645798   41.0208786 
   72.2327425   41.0102077 
   72.2231291   41.0051503 
   72.2197492   41.0041725 
   72.2147989   41.0027458 
   72.2003469   41.0025566 
   72.1950388   41.0050044 
   72.1859815   41.0091866 
   72.1781549   41.0151511 
   72.1761698   41.0187567 
   72.1765595   41.0193721 
   72.1795429   41.0241081 
   72.2068014   41.0289604 
   72.2077951   41.0293684 
   72.2121346   41.0311621 
   72.21827     41.0356702 
   72.2257      41.0447913 
   72.2105115   41.0543083 
   72.2063473   41.0615021 
   72.192232    41.0849444 
   72.1883467   41.1039463 
   72.1859344   41.1135742 
   72.1876709   41.1402632 
   72.1879791   41.1471476 
   72.1881828   41.1514049 
   72.1875335   41.154585  
   72.1870617   41.1568124 
   72.1828158   41.1596301 
   72.1730793   41.16074   
   72.1632767   41.1568108 
   72.1406016   41.1626021 
   72.1242283   41.163067  
   72.1029207   41.1530981 
   72.0835412   41.1408911 
   72.0760428   41.1395372 
   72.0612786   41.1443872 
   72.0237435   41.162773  
   71.9989784   41.1677849 
   71.9809869   41.1702463 
   71.9725268   41.1700025 
   71.9531176   41.1586843 
   71.9474403   41.1571458 
   71.9375762   41.1607469 
   71.9254216   41.1615377 
   71.8903571   41.1721722 
   71.8833533   41.1788295 
   71.8851629   41.1905511 
   71.8838114   41.1932565 
   71.8716431   41.1942684 
   71.8636023   41.1974592 
   71.8620069   41.2008483 
   71.8690494   41.2207337 
   71.8759529   41.2335242 
   71.8880005   41.2466954 
   71.8908927   41.2515249 
   71.8958133   41.2597434 
   71.91272     41.2728279 
   71.922951    41.2861677 
   71.9351649   41.3082662 
   71.9340436   41.3123504 
   71.9327399   41.3141441 
   71.9269646   41.3142011 
   71.9107964   41.3217382 
   71.8923194   41.3385856 
   71.8863002   41.349163  
   71.8855891   41.3569212 
   71.8891446   41.3702997 
   71.8860928   41.3763896 
   71.8779609   41.3809501 
   71.8690494   41.3770255 
   71.8616331   41.3678816 
   71.8587409   41.3674166 
   71.8441613   41.3650714 
   71.8388509   41.3678861 
   71.837472    41.3710473 
   71.8416588   41.38704   
   71.8430263   41.3922683 
   71.82965     41.4094895 
   71.8165883   41.4207644 
   71.8072894   41.4265146 
   71.7992942   41.4314581 
   71.7896489   41.4467738 
   71.7766806   41.4673841 
   71.7706683   41.4685783 
   71.7686854   41.4689704 
   71.7657476   41.4670536 
   71.7632839   41.4395102 
   71.7595598   41.4352802 
   71.7529298   41.4341588 
   71.7483054   41.4408846 
   71.7461767   41.4520295 
   71.7395558   41.4564055 
   71.7313167   41.4568362 
   71.7232668   41.4538392 
   71.7177285   41.4495476 
   71.7150414   41.4430589 
   71.7238389   41.4323424 
   71.7225193   41.4231483 
   71.71663     41.4197615 
   71.7075727   41.4240577 
   71.6987228   41.4356813 
   71.6964801   41.4431637 
   71.6985314   41.4500923 
   71.7167052   41.4680564 
   71.726608    41.4816355 
   71.7280188   41.4892341 
   71.724534    41.4973638 
   71.7228019   41.5121873 
   71.7255779   41.5170829 
   71.7251813   41.5208252 
   71.7243038   41.5291714 
   71.7335503   41.5438764 
   71.7307652   41.550201  
   71.7260063   41.5537155 
   71.7192464   41.5546499 
   71.7012777   41.5545496 
   71.6964345   41.5535514 
   71.6934443   41.5529337 
   71.676736    41.5411916 
   71.6603011   41.5191569 
   71.6507037   41.5110751 
   71.6447529   41.5085954 
   71.6296764   41.5060587 
   71.6233974   41.5040235 
   71.6199035   41.5011677 
   71.6187137   41.4991689 
   71.6182328   41.4983666 
   71.6192311   41.4915315 
   71.6207809   41.4906586 
   71.6261528   41.4876319 
   71.650902    41.4858998 
   71.6632845   41.4821734 
   71.6699897   41.4764322 
   71.6740352   41.4694672 
   71.6767816   41.4583405 
   71.6693721   41.4384231 
   71.6597678   41.4252998 
   71.65892     41.4186356 
   71.6761548   41.3985815 
   71.6697618   41.3878514 
   71.6555263   41.3761867 
   71.6476588   41.3647227 
   71.6418766   41.3487482 
   71.6370243   41.3485955 
   71.6292046   41.3526911 
   71.6280286   41.3518296 
   71.6236572   41.3486252 
   71.6167286   41.3369605 
   71.6038219   41.3289904 
   71.600173    41.3236116 
   71.6001046   41.3194887 
   71.5964967   41.3189166 
   71.5944683   41.3131914 
   71.591004    41.3034025 
   71.5878451   41.300328  
   71.5828105   41.2981036 
   71.5764244   41.2983543 
   71.5709066   41.300312  
   71.5699243   41.3006585 
   71.5568307   41.311906  
   71.5481266   41.3155139 
   71.5359196   41.316715  
   71.5289842   41.3157988 
   71.520875    41.3106228 
   71.5199132   41.3100098 
   71.5054772   41.307701  
   71.4876931   41.3160358 
   71.4807736   41.3148917 
   71.4719237   41.3054401 
   71.4570387   41.2953298 
   71.4496543   41.2868423 
   71.448533    41.2801668 
   71.4538274   41.2675244 
   71.44828     41.253608  
   71.4481888   41.2449062 
   71.4521864   41.238862  
   71.4644938   41.2358444 
   71.470734    41.2328451 
   71.4763042   41.2257091 
   71.4771794   41.2211599 
   71.4578865   41.1884726 
   71.4510195   41.1559721 
   71.4398495   41.1368251 
   71.4356308   41.1295934 
   71.4351339   41.1242374 
   71.4350747   41.123622  
   71.4273689   41.1158114 
   71.4128713   41.1052476 
   71.4014118   41.10463   
   71.3957983   41.1074105 
   71.3924936   41.1121033 
   71.3895033   41.1291695 
   71.3874293   41.1409959 
   71.3824016   41.149064  
   71.3652351   41.1626636 
   71.3568638   41.1658066 
   71.3452995   41.1656903 
   71.334191    41.1607355 
   71.3303233   41.1572872 
   71.3266835   41.1540417 
   71.3217469   41.1309426 
   71.313125    41.1185122 
   71.2957238   41.1062277 
   71.2846517   41.1042357 
   71.2763739   41.1060066 
   71.2733449   41.1109341 
   71.2781972   41.1500122 
   71.2725153   41.1733892 
   71.2669383   41.1802859 
   71.2574685   41.1863598 
   71.2463007   41.1905397 
   71.2398986   41.1912303 
   71.231835    41.1893386 
   71.2265634   41.1864054 
   71.2236415   41.1798939 
   71.224503    41.1709984 
   71.2177659   41.1673199 
   71.2116464   41.1682475 
   71.2024912   41.1853456 
   71.202384    41.1855393 
   71.195403    41.1857444 
   71.1878363   41.1808922 
   71.182494    41.1746815 
   71.1776736   41.1690817 
   71.1722949   41.1692458 
   71.1673583   41.1693962 
   71.1617584   41.1669051 
   71.1550829   41.1615263 
   71.143906    41.1525192 
   71.1330026   41.1477695 
   71.1242598   41.1472202 
   71.098068    41.1542696 
   71.0891953   41.1603503 
   71.0793449   41.1714087 
   71.0760037   41.1769903 
   71.0586777   41.1801332 
   71.0463704   41.1847804 
   71.0340881   41.1920212 
   71.0320733   41.1932109 
   71.0297623   41.1931106 
   71.0192874   41.1926662 
   70.9616777   41.1630898 
   70.9494638   41.1664356 
   70.9376829   41.1865854 
   70.9178157   41.2005702 
   70.8991861   41.2094383 
   70.886726    41.2233274 
   70.8753577   41.2314411 
   70.8695459   41.2321317 
   70.8611746   41.2304315 
   70.8541344   41.2269467 
   70.8439854   41.2157903 
   70.8328176   41.1974934 
   70.826003    41.1821138 
   70.8195257   41.1749915 
   70.8124308   41.1724206 
   70.7938763   41.1781686 
   70.7831575   41.1882014 
   70.7784876   41.2028995 
   70.7790597   41.2207793 
   70.7949589   41.2362934 
   70.7988289   41.246064  
   70.7966158   41.2517003 
   70.7831416   41.2665056 
   70.77774     41.2786557 
   70.7762996   41.3079061 
   70.7769173   41.3089294 
   70.7852703   41.3229188 
   70.7906263   41.3419085 
   70.780083    41.3753776 
   70.7686075   41.391637  
   70.7408135   41.423595  
   70.7249074   41.4418714 
   70.7159413   41.4609751 
   70.7118001   41.4635574 
   70.6855239   41.4691344 
   70.6788643   41.4686353 
   70.6542884   41.4548101 
   70.6443035   41.4539463 
   70.6390159   41.4555622 
   70.6366501   41.454548  
   70.6284863   41.4556853 
   70.6277387   41.4557878 
   70.5948189   41.4480183 
   70.5836557   41.4425164 
   70.5736093   41.4343115 
   70.5732583   41.4338352 
   70.5647594   41.422264  
   70.5477069   41.4101026 
   70.5284049   41.3996732 
   70.5193635   41.3986043 
   70.4833988   41.3996049 
   70.4767369   41.4032173 
   70.4726868   41.4083978 
   70.4656375   41.4174049 
   70.4620364   41.4248075 
   70.458244    41.4267083 
   70.4516071   41.4339833 
   70.4450067   41.4380083 
   70.4410775   41.4404037 
   70.4332738   41.4430475 
   70.4308556   41.445003  
   70.4222496   41.4519657 
   70.4132242   41.4625705 
   70.4071275   41.4666639 
   70.394492    41.4686353 
   70.381706    41.4685396 
   70.37101     41.4770134 
   70.3623357   41.4947314 
   70.3572919   41.5009238 
   70.3490529   41.5051949 
   70.3487247   41.5053636 
   70.3202902   41.5144277 
   70.2972116   41.5173063 
   70.2762527   41.5163832 
   70.2710198   41.5148539 
   70.2670222   41.5136824 
   70.2650371   41.5117611 
   70.2566066   41.5104711 
   70.253197    41.5112392 
   70.2471914   41.5100518 
   70.2267681   41.5139537 
   70.1997603   41.5125132 
   70.186179    41.5185461 
   70.1826486   41.5245744 
   70.1805199   41.5360567 
   70.1788949   41.5447926 
   70.1807478   41.5522089 
   70.1806566   41.5740089 
   70.1806498   41.5768168 
   70.1866302   41.5889121 
   70.1955576   41.5983113 
   70.2229916   41.6069994 
   70.2285686   41.6077264 
   70.2380065   41.6089594 
   70.2516244   41.6085287 
   70.2597198   41.6065982 
   70.2657778   41.6070928 
   70.29808     41.6295423 
   70.301681    41.6320448 
   70.3077093   41.6329997 
   70.3157797   41.6312904 
   70.3298329   41.6312175 
   70.3482597   41.6377495 
   70.3809425   41.6613841 
   70.3926231   41.6748082 
   70.393578    41.6759022 
   70.4000166   41.6796149 
   70.413598    41.6851692 
   70.4447173   41.6978913 
   70.4564434   41.7004804 
   70.475807    41.7091252 
   70.4923786   41.7188571 
   70.5069742   41.7405134 
   70.5093012   41.7543569 
   70.5077582   41.7627646 
   70.5080043   41.7657047 
   70.5088795   41.77633   
   70.5120931   41.7812575 
   70.5140987   41.7843366 
   70.5174627   41.7867274 
   70.5274659   41.793827  
   70.5387043   41.7991077 
   70.5543369   41.802964  
   70.574334    41.8134731 
   70.5785299   41.815677  
   70.5837332   41.8184097 
   70.6011959   41.8275764 
   70.6083364   41.8471109 
   70.6167989   41.8529546 
   70.6325158   41.8600131 
   70.6406022   41.8667525 
   70.6497802   41.8809355 
   70.6565857   41.8914537 
   70.6792381   41.908864  
   70.7049399   41.9181401 
   70.7189862   41.9189333 
   70.7380603   41.9137391 
   70.7469489   41.9138599 
   70.7507095   41.9169892 
   70.7543721   41.9301876 
   70.7590557   41.9333534 
   70.77369     41.9259143 
   70.7961737   41.9201549 
   70.8151999   41.9199839 
   70.8245398   41.9224089 
   70.8437643   41.936902  
   70.8502507   41.9451684 
   70.8527441   41.9663279 
   70.8531498   41.9697352 
   70.8537219   41.9746217 
   70.851739    41.9783207 
   70.849273    41.9828995 
   70.8491362   41.9831456 
   70.8356483   41.9961367 
   70.8341372   42.0002027 
   70.8414145   42.014682  
   70.851739    42.0208084 
   70.8554153   42.0253028 
   70.8579793   42.0370837 
   70.8616419   42.041806  
   70.8745349   42.0464258 
   70.891747    42.0463985 
   70.8956374   42.0454093 
   70.8980032   42.0448077 
   70.918716    42.0339157 
   70.9322199   42.0296172 
   70.9496393   42.0263831 
   70.9524609   42.0263717 
   70.9662314   42.0263216 
   70.971772    42.0289266 
   70.9805216   42.0330428 
   70.9890068   42.0347339 
   71.0012959   42.043896  
   71.0169991   42.0524975 
   71.0317315   42.0573953 
   71.0475396   42.0694952 
   71.0697566   42.0865067 
   71.0872581   42.0915003 
   71.1279383   42.1205023 
   71.1451481   42.1327595 
   71.1562498   42.1370511 
   71.1684112   42.1393166 
   71.186225    42.1397245 
   71.207756    42.1358067 
   71.2136225   42.1347378 
   71.2140509   42.1350022 
   71.2169044   42.1367571 
   71.2171779   42.1369258 
   71.2196644   42.1407365 
   71.2222216   42.1446611 
   71.2326806   42.1496661 
   71.2349233   42.1507373 
   71.2356571   42.1510883 
   71.2362816   42.1519475 
   71.2370155   42.1529618 
   71.2373574   42.1534381 
   71.2378246   42.1535748 
   71.2456352   42.1558836 
   71.2470255   42.1562961 
   71.2503895   42.1597946 
   71.2513513   42.1607974 
   71.2520145   42.1643757 
   71.2536464   42.1732438 
   71.2523336   42.1793815 
   71.2534481   42.1860616 
   71.2611379   42.1959485 
   71.2610102   42.1962061 
   71.260812    42.1965753 
   71.2579881   42.2020224 
   71.2439122   42.2102319 
   71.2268984   42.2162784 
   71.1945187   42.2379484 
   71.1576925   42.2625996 
   71.1547615   42.2645596 
   71.1510465   42.2661482 
   71.1344612   42.2732249 
   71.1285013   42.2734118 
   71.1140744   42.2738653 
   71.0966185   42.2766687 
   71.0702831   42.2878456 
   71.060387    42.2881738 
   71.0418007   42.2847414 
   71.0346533   42.2810446 
   71.0170516   42.2767257 
   70.9899367   42.2580823 
   70.9751816   42.2575331 
   70.9746551   42.2576744 
   70.9547651   42.2629506 
   70.9455574   42.2623739 
   70.9402151   42.2591968 
   70.939659    42.2586293 
   70.9375758   42.2590145 
   70.888367    42.2556277 
   70.8795012   42.258953  
   70.8754648   42.2638349 
   70.8803103   42.2784532 
   70.8725361   42.2882353 
   70.8711162   42.2952801 
   70.8718638   42.3200497 
   70.8747332   42.3231403 
   70.8751913   42.3263196 
   70.8753577   42.3275139 
   70.8844993   42.3381734 
   70.8847341   42.3386566 
   70.8849483   42.3390988 
   70.8936842   42.3570743 
   70.8999564   42.3646479 
   70.91465     42.3709292 
   70.9265904   42.3814611 
   70.9350209   42.3936886 
   70.9509885   42.4268181 
   70.956757    42.4600183 
   70.9648366   42.4731484 
   70.9782789   42.4846466 
   70.9946066   42.4948731 
   71.0024947   42.4926441 
   71.015953    42.4858136 
   71.0282831   42.4773375 
   71.0365974   42.4687087 
   71.0457755   42.4656067 
   71.0589056   42.4635692 
   71.0684438   42.4643737 
   71.0765621   42.4678768 
   71.0814143   42.4740099 
   71.0855327   42.4865269 
   71.0928419   42.4929769 
   71.0957729   42.5001835 
   71.094688    42.5072443 
   71.0915907   42.5119439 
   71.0773461   42.5212746 
   71.0756231   42.5239595 
   71.0496819   42.5367591 
   71.0363536   42.5415384 
   71.0254069   42.5477833 
   71.0178538   42.5541466 
   71.0069276   42.5690909 
   71.0097264   42.57813   
   71.0312187   42.5949523 
   71.0409004   42.5985145 
   71.0537639   42.6008187 
   71.1310585   42.603401  
   71.1372828   42.6036039 
   71.1582189   42.6059536 
   71.1654278   42.6094179 
   71.1771768   42.6338844 
   71.1758275   42.649868  
   71.1727439   42.6591532 
   71.1746971   42.6720463 
   71.1893474   42.6804814 
   71.2070312   42.683483  
   71.2273634   42.6929027 
   71.2307502   42.6968775 
   71.2445913   42.7131004 
   71.2585077   42.7360376 
   71.2610786   42.743602  
   71.2703547   42.7554467 
   71.2691126   42.7726223 
   71.2741312   42.7774882 
   71.2771306   42.7803987 
   71.2957921   42.781128  
   71.3662493   42.7769663 
   71.3904036   42.7971914 
   71.4409708   42.8010477 
   71.4699477   42.7992631 
   71.4846048   42.8015331 
   71.4996563   42.8095557 
   71.517625    42.8090748 
   71.5400995   42.7995731 
   71.557168    42.7892919 
   71.5706103   42.7748604 
   71.583321    42.7713095 
   71.6011895   42.7719613 
   71.6208652   42.7650191 
   71.6274041   42.7647661 
   71.6372158   42.7671364 
   71.6649483   42.7821924 
   71.6753845   42.7898434 
   71.7053004   42.7941966 
   71.715324    42.7983925 
   71.7292404   42.7997326 
   71.7605216   42.8075477 
   71.7735673   42.8134348 
   71.7910848   42.8171611 
   71.7983848   42.8201286 
   71.8064348   42.8265489 
   71.8145599   42.8298445 
   71.8180014   42.8312416 
   71.8285674   42.831326  
   71.834573    42.829669  
   71.8636388   42.8328097 
   71.9047703   42.8198004 
   71.9263469   42.8176717 
   71.9389642   42.8141413 
   71.9479531   42.8029485 
   71.9540794   42.7987708 
   71.9846791   42.7840658 
   72.0209721   42.7733995 
   72.0377283   42.7738598 
   72.05693     42.7688936 
   72.0886145   42.7443473 
   72.1203697   42.7365025 
   72.1283422   42.7385492 
   72.1450573   42.7396819 
   72.1660755   42.7544325 
   72.1744536   42.7546536 
   72.182091    42.7509659 
   72.1911164   42.7505147 
   72.2119295   42.7570125 
   72.2255564   42.7578238 
   72.2319631   42.7602762 
   72.2614528   42.7608072 
   72.2820197   42.7592688 
   72.2840048   42.7568005 
   72.300957    42.752885  
   72.3297038   42.742385  
   72.3800499   42.7278373 
   72.4018316   42.7199013 
   72.404464    42.7165305 
   72.4156112   42.7101626 
   72.4591063   42.6971122 
   72.4989387   42.6851377 
   72.5220264   42.6822477 
   72.5274211   42.6793942 
   72.5398333   42.6792256 
   72.5495378   42.677163  
   72.5594703   42.6769305 
   72.5880279   42.6839912 
   72.6067418   42.6814386 
   72.6262216   42.6754696 
   72.6672985   42.656922  
   72.7086716   42.6456949 
   72.7319712   42.6443639 
   72.7442786   42.6389054 
   72.7728498   42.6134178 
   72.7890932   42.5938446 
   72.790855    42.5881604 
   72.7973482   42.5805139 
   72.8142389   42.5678214 
   72.8230888   42.5629691 
   72.8390883   42.5573465 
   72.8795088   42.5524441 
   72.8897239   42.543952  
   72.901115    42.5373152 
   72.9107899   42.5349882 
   72.9516685   42.5339626 
   72.9608375   42.5284197 
   72.9754103   42.5275582 
   73.0066982   42.5352526 
   73.0127038   42.5352184 
   73.0133738   42.5352138 
   73.0159834   42.5351979 
   73.035347    42.5300675 
   73.0723715   42.5330418 
   73.0911334   42.5363625 
   73.1069415   42.5355078 
   73.1157298   42.5317723 
   73.1346125   42.5314259 
   73.1885687   42.5177306 
   73.208167    42.5141797 
   73.2218008   42.5134959 
   73.240517    42.50832   
   73.298104    42.5060774 
   73.3068764   42.5023305 
   73.3101424   42.4964343 
   73.3123463   42.4847993 
   73.3077082   42.4536025 
   73.3096934   42.4492881 
   73.3201227   42.4412154 
   73.3461755   42.4272193 
   73.376488    42.4256398 
   73.394067    42.4263714 
   73.4077236   42.4240695 
   73.4208445   42.4185494 
   73.4387517   42.4188184 
   73.4445658   42.4205095 
   73.451385    42.4196958 
   73.4561461   42.4149621 
   73.4754937   42.4074706 
   73.4911946   42.4090773 
   73.496056    42.41212   
   73.511071    42.4162293 
   73.5143119   42.4219978 
   73.5138857   42.4384645 
   73.5127416   42.4401351 
   73.512206    42.4409146 
   73.509063    42.4454911 
   73.503739    42.4481577 
   73.4948116   42.4585528 
   73.4696568   42.4766651 
   73.4593574   42.4896083 
   73.457901    42.4907228 
   73.4432758   42.5019293 
   73.4385443   42.5100431 
   73.4326391   42.5301655 
   73.4246302   42.5469628 
   73.4215556   42.5704265 
   73.4265743   42.595146  
   73.4230804   42.6098487 
   73.4239578   42.626279  
   73.4278871   42.6405783 
   73.439889    42.6572296 
   73.4516288   42.7017753 
   73.4619442   42.7244072 
   73.4875024   42.7571834 
   73.5036706   42.7832111 
   73.5067064   42.8024129 
   73.5027612   42.8451694 
   73.4981984   42.8645558 
   73.5001744   42.9069181 
   73.5143962   42.9338985 
   73.5414427   42.9594544 
   73.5615014   42.9910888 
   73.5640723   43.0032685 
   73.5614923   43.003444  
   73.5542993   43.0163872 
   73.5581807   43.0228509 
   73.5712971   43.0342443 
   73.6381761   43.0545992 
   73.6430899   43.0576396 
   73.6860812   43.0737599 
   73.6919865   43.0747491 
   73.7015383   43.0799067 
   73.7783042   43.1087674 
   73.8197708   43.1122317 
   73.8706502   43.0981626 
   73.8778614   43.0968703 
   73.8909687   43.0972441 
   73.8971246   43.1016588 
   73.9056327   43.1287532 
   73.9054116   43.1314859 
   73.9052201   43.1337809 
   73.9132222   43.1395905 
   73.9341971   43.1691007 
   73.9543834   43.1919673 
   73.9832691   43.1858569 
   73.9959343   43.1775176 
   74.0032799   43.1691235 
   74.0233227   43.1672637 
   74.0299527   43.1634371 
   74.0382236   43.1606679 
   74.041909    43.1594349 
   74.0519258   43.1581563 
   74.0992726   43.1675236 
   74.111703    43.1722117 
   74.1181871   43.1766173 
   74.1241152   43.1775814 
   74.1337582   43.1819345 
   74.1365273   43.1831858 
   74.1411973   43.1845966 
   74.1462319   43.1847105 
   74.1580743   43.1849749 
   74.1739188   43.1910556 
   74.1772395   43.1988639 
   74.1758196   43.201804  
   74.1720659   43.2095759 
   74.157737    43.2254706 
   74.1557541   43.2316334 
   74.1591272   43.2362372 
   74.1694267   43.2376981 
   74.2166752   43.2589416 
   74.2895804   43.2379876 
   74.2943028   43.238236  
   74.3032301   43.2213431 
   74.3084266   43.2163244 
   74.3213356   43.2127644 
   74.3338936   43.2127188 
   74.3423378   43.2051954 
   74.3489906   43.2064466 
   74.3702459   43.1998531 
   74.3755494   43.2018656 
   74.3859719   43.2015944 
   74.406181    43.1936105 
   74.4161978   43.2001722 
   74.4226067   43.2004365 
   74.4277257   43.198146  
   74.4318919   43.1903764 
   74.4370268   43.1875047 
   74.4527597   43.1888426 
   74.4857091   43.1841134 
   74.4941328   43.1773945 
   74.4977567   43.1720385 
   74.4962456   43.1669971 
   74.504455    43.1588059 
   74.5097267   43.1624958 
   74.5140981   43.1629744 
   74.5250698   43.1602896 
   74.5341955   43.1534727 
   74.5460356   43.1576549 
   74.5501016   43.1567569 
   74.5589446   43.1474239 
   74.5680384   43.1435767 
   74.5799856   43.1411129 
   74.5830146   43.1359142 
   74.5911032   43.1295349 
   74.612641    43.1220548 
   74.6173406   43.1174897 
   74.6179651   43.1146658 
   74.6210032   43.0993888 
   74.6257164   43.0932853 
   74.6307602   43.0927155 
   74.6481317   43.0827283 
   74.6658178   43.0782772 
   74.68486     43.0676837 
   74.6942136   43.0597729 
   74.7024298   43.0489137 
   74.7041743   43.0269526 
   74.7053086   43.0244929 
   74.7092209   43.0199915 
   74.7165277   43.0161286 
   74.7279613   43.002859  
   74.7343739   42.9997925 
   74.7413371   42.9955813 
   74.7498885   42.9897031 
   74.7518795   42.989824  
   74.7550524   42.992167  
   74.7628444   42.9939546 
   74.7653672   42.9928043 
   74.7733192   42.9925394 
   74.773693    42.9908342 
   74.7758446   42.9908825 
   74.7756532   42.9939097 
   74.7787271   42.9945593 
   74.7785111   42.9963599 
   74.7837067   42.9998465 
   74.7926631   43.0002308 
   74.8003912   42.9961946 
   74.8137557   43.0006063 
   74.8256949   42.9985689 
   74.8339263   43.001001  
   74.8402122   43.0010466 
   74.8469356   42.9995582 
   74.8713982   42.9928506 
   74.872982    42.9877798 
   74.8955933   42.9793227 
   74.905325    42.972822  
   74.9143286   42.9700135 
   74.9203108   42.9696426 
   74.9225811   42.9679718 
   74.9194366   42.9653595 
   74.9214252   42.9624577 
   74.9287056   42.9614288 
   74.9294966   42.9639192 
   74.9378731   42.9629866 
   74.9508538   42.9526824 
   74.9606869   42.9501067 
   74.964012    42.9447335 
   74.9703104   42.9418154 
   74.9810613   42.9443697 
   74.9894513   42.9424474 
   74.9912781   42.9368969 
   75.0052081   42.9305101 
   75.0109474   42.9316262 
   75.0261483   42.9242625 
   75.0365197   42.9194938 
   75.0410964   42.9184286 
   75.0420209   42.9210708 
   75.050998    42.9214697 
   75.0622671   42.9182094 
   75.0663504   42.9147393 
   75.0894131   42.9113748 
   75.1002607   42.9044181 
   75.1084484   42.9000882 
   75.1332335   42.8881373 
   75.1363857   42.8857848 
   75.1628588   42.8786301 
   75.1934244   42.8734692 
   75.1983454   42.863704  
   75.2092785   42.8606256 
   75.2164319   42.8586114 
   75.2210491   42.8532446 
   75.2299226   42.8525923 
   75.2516535   42.8565152 
   75.2594912   42.8595446 
   75.2640354   42.8601474 
   75.2702935   42.8590246 
   75.2823288   42.858407  
   75.291508    42.8580219 
   75.2974412   42.8605393 
   75.3075096   42.8546284 
   75.3197701   42.8524812 
   75.3249584   42.8544412 
   75.3387973   42.8532202 
   75.3461874   42.8482306 
   75.3631352   42.8465741 
   75.373589    42.8494091 
   75.3816019   42.8451911 
   75.4013829   42.8406646 
   75.4113338   42.8412435 
   75.4188252   42.8376597 
   75.4342874   42.8397236 
   75.4608392   42.831696  
   75.4788292   42.8388407 
   75.4960309   42.8388293 
   75.5506983   42.8298533 
   75.5575178   42.8305728 
   75.5808862   42.8201217 
   75.6139611   42.8208009 
   75.6415249   42.8161196 
   75.6595757   42.8130427 
   75.6809608   42.8069871 
   75.6992121   42.7986614 
   75.7106853   42.7965395 
   75.7162851   42.7971959 
   75.7343746   42.8046487 
   75.7587819   42.8207599 
   75.7710733   42.8367047 
   75.7734299   42.8543088 
   75.7804565   42.8748028 
   75.7891696   42.9002083 
   75.8011943   42.9177508 
   75.809226    42.9269745 
   75.8138048   42.9322279 
   75.815072    42.9336842 
   75.8534709   42.9470286 
   75.862282    42.9500849 
   75.8958286   42.9429968 
   75.9180821   42.9540529 
   75.9271234   42.9544449 
   75.933015    42.9525714 
   75.9425577   42.9442663 
   75.960784    42.9338347 
   75.9840699   42.9288525 
   75.9987407   42.9312547 
   76.0071256   42.9300467 
   76.0227651   42.9139059 
   76.035469    42.9099128 
   76.0525807   42.9097715 
   76.0828317   42.9131766 
   76.112832    42.9206954 
   76.1343607   42.9234805 
   76.1825325   42.9189177 
   76.2130661   42.919998  
   76.2404248   42.9181246 
   76.2684627   42.9192163 
   76.2786778   42.9163674 
   76.2996367   42.9056212 
   76.3054052   42.8980112 
   76.3103259   42.8791969 
   76.3154517   42.8709032 
   76.3231346   42.8660167 
   76.347077    42.865529  
   76.378251    42.8693009 
   76.4448701   42.8859249 
   76.4597939   42.8855215 
   76.4853817   42.8888741 
   76.4963376   42.8978653 
   76.4964834   42.8979839 
   76.501869    42.9024008 
   76.5090642   42.9174158 
   76.5140761   42.9187285 
   76.5314864   42.9178237 
   76.5664666   42.9095983 
   76.5792229   42.9092063 
   76.6073223   42.9127276 
   76.6365272   42.9105077 
   76.6563716   42.9072599 
   76.6750719   42.908379  
   76.685891    42.9054799 
   76.704842    42.9040714 
   76.7232369   42.9051814 
   76.7288892   42.9071619 
   76.7390587   42.9147948 
   76.7484966   42.9302222 
   76.7516167   42.9420783 
   76.7554548   42.9459118 
   76.762397    42.9490137 
   76.7770929   42.9510877 
   76.8025964   42.9509578 
   76.8145208   42.9587866 
   76.8290777   42.9720489 
   76.8462077   42.9825443 
   76.8596796   42.985081  
   76.8994893   42.9823985 
   76.9291295   42.9832987 
   76.9468383   42.9814116 
   76.9604881   42.9793581 
   76.9728159   42.9748067 
   76.9904633   42.9708524 
   77.007256    42.969886  
   77.042815    42.9610453 
   77.0627894   42.9620731 
   77.0869209   42.9664605 
   77.0933754   42.9659796 
   77.1758185   42.959835  
   77.1855322   42.9565098 
   77.1878273   42.9557235 
   77.1942362   42.9517145 
   77.2013768   42.9419712 
   77.2094563   42.934605  
   77.2102973   42.9338415 
   77.2234183   42.921876  
   77.2437505   42.9155423 
   77.2598731   42.9136347 
   77.2763444   42.9126319 
   77.3440096   42.9154329 
   77.3618325   42.9175958 
   77.3826455   42.9245039 
   77.4011088   42.9268765 
   77.4221954   42.9328546 
   77.439118    42.9354825 
   77.4503404   42.9357081 
   77.4811703   42.9275101 
   77.5092082   42.9278337 
   77.5296019   42.9315191 
   77.5602335   42.926505  
   77.582275    42.917099  
   77.6420431   42.9164585 
   77.681381    42.911449  
   77.7032857   42.9065967 
   77.727187    42.9048987 
   77.7359845   42.9067562 
   77.7534336   42.9070366 
   77.7691642   42.9107858 
   77.785346    42.9106285 
   77.7930381   42.9083858 
   77.8012476   42.8969719 
   77.8153691   42.885419  
   77.833176    42.8799559 
   77.8677824   42.8811729 
   77.9048457   42.8681249 
   77.913887    42.8685876 
   77.928788    42.8743971 
   77.9359809   42.8751287 
   77.9448536   42.8719333 
   77.9492113   42.8651803 
   77.9629294   42.8524741 
   77.968094    42.8498234 
   77.9772105   42.8518838 
   77.996925    42.8607633 
   77.9969866   42.8621376 
   78.0056085   42.8667232 
   78.0106044   42.8670491 
   78.0215146   42.8674548 
   78.0300978   42.8647153 
   78.0394742   42.8592066 
   78.0590064   42.8383206 
   78.0647589   42.8416026 
   78.0833134   42.8585138 
   78.1075588   42.86428   
   78.1336823   42.8576272 
   78.144515    42.8564215 
   78.1573329   42.8576773 
   78.1627663   42.860508  
   78.1720037   42.8771981 
   78.1781163   42.8811524 
   78.188361    42.8806465 
   78.2045292   42.8740187 
   78.2276009   42.8747549 
   78.249549    42.8718558 
   78.2651907   42.8672976 
   78.3178319   42.8564215 
   78.3311694   42.8555828 
   78.3396227   42.8564831 
   78.3557521   42.8612852 
   78.3602899   42.8648179 
   78.3681712   42.8840515 
   78.372636    42.8859865 
   78.3813013   42.8850475 
   78.3952632   42.8784562 
   78.4048379   42.877034  
   78.4155202   42.8787799 
   78.4542017   42.8916045 
   78.4759219   42.8957663 
   78.4916228   42.903766  
   78.5141977   42.8953013 
   78.5245427   42.8965913 
   78.5302724   42.8932113 
   78.5363623   42.8852389 
   78.5410527   42.8745612 
   78.5530615   42.8666389 
   78.5788271   42.8653877 
   78.6118313   42.8547486 
   78.6339867   42.8503909 
   78.6508022   42.8505482 
   78.6560146   42.84924   
   78.6634605   42.8435102 
   78.6737599   42.8280668 
   78.6839294   42.8211018 
   78.6922984   42.8206072 
   78.7146841   42.8308838 
   78.7212138   42.8309066 
   78.7356727   42.8228795 
   78.7536095   42.8211565 
   78.7662199   42.8239507 
   78.7840268   42.8148957 
   78.7961814   42.8048789 
   78.8224325   42.8069916 
   78.8479155   42.7965281 
   78.8653646   42.7970888 
   78.8733758   42.7959059 
   78.8873674   42.7908554 
   78.9006342   42.7892645 
   78.9048757   42.7875164 
   78.9152002   42.778466  
   78.9280545   42.7752797 
   78.9370343   42.7747419 
   78.9561243   42.7816499 
   78.9647987   42.7811234 
   78.9851446   42.7735522 
   79.0056454   42.7781104 
   79.024209    42.7767749 
   79.0420683   42.7692788 
   79.0576484   42.7506377 
   79.0685723   42.7417765 
   79.0728229   42.740254  
   79.0781242   42.7405252 
   79.0827782   42.7451701 
   79.0937431   42.7656253 
   79.0990375   42.770473  
   79.1527477   42.7834436 
   79.1646425   42.7846151 
   79.1770318   42.7839405 
   79.1832744   42.7795896 
   79.1709739   42.7676652 
   79.1665114   42.754943  
   79.1662971   42.7488213 
   79.1768655   42.7075051 
   79.1868526   42.6880527 
   79.1938314   42.6805429 
   79.2034311   42.6756815 
   79.2054663   42.6683245 
   79.2182318   42.6542462 
   79.2328114   42.6501392 
   79.2401115   42.6405669 
   79.2515117   42.6322207 
   79.2659683   42.6262858 
   79.2781822   42.6240682 
   79.2906103   42.6254881 
   79.2990727   42.6224774 
   79.301263    42.6178484 
   79.3378841   42.6013635 
   79.3574984   42.5891655 
   79.3702251   42.5804364 
   79.379508    42.5580895 
   79.3941195   42.5410347 
   79.408004    42.5359181 
   79.4714802   42.4922225 
   79.4841545   42.4876027 
   79.4928745   42.4796986 
   79.5038918   42.4607089 
   79.5094529   42.4563671 
   79.5726328   42.4572947 
   79.6040507   42.4512208 
   79.615533    42.4516744 
   79.6253424   42.4547148 
   79.656562    42.475211  
   79.6638188   42.4769774 
   79.7304926   42.470573  
   79.7441856   42.4674825 
   79.7530674   42.4540515 
   79.7578285   42.451565  
   79.7633828   42.4513325 
   79.774758    42.454521  
   79.7821652   42.4542111 
   79.7900396   42.4479252 
   79.797661    42.4464597 
   79.8098612   42.4482375 
   79.8227999   42.4435652 
   79.8423161   42.4438866 
   79.8495797   42.4417465 
   79.8494566   42.4282312 
   79.8516081   42.4240102 
   79.8572308   42.4207944 
   79.8631064   42.4207716 
   79.8704224   42.4234382 
   79.8728018   42.4341091 
   79.8799583   42.4386149 
   79.9085387   42.4362401 
   79.9315329   42.4375415 
   79.9394232   42.4355974 
   79.9516303   42.4295645 
   79.9658977   42.4106135 
   79.9728764   42.393349  
   79.9724958   42.3885537 
   79.9825673   42.3752823 
   80.0094383   42.3562812 
   80.0226368   42.3469344 
   80.0331504   42.3432627 
   80.0615917   42.3397096 
   80.0703345   42.3370293 
   80.0847614   42.3283618 
   80.1014014   42.2936984 
   80.1180961   42.2789683 
   80.1200333   42.2724614 
   80.1116552   42.2226486 
   80.1182852   42.2056189 
   80.1263124   42.2020498 
   80.1335213   42.2035563 
   80.1530147   42.215736  
   80.1641392   42.2122535 
   80.1685721   42.2136529 
   80.1971661   42.2313731 
   80.2094735   42.2310381 
   80.2273715   42.2201279 
   80.2456274   42.2208891 
   80.2473367   42.2170305 
   80.2487407   42.2138717 
   80.263024    42.2040395 
   80.2657613   42.1963497 
   80.2634343   42.1915065 
   80.2586663   42.1815535 
   80.256157    42.1699801 
   80.2579803   42.1623313 
   80.2682797   42.1455796 
   80.2700962   42.1342614 
   80.2658319   42.1273602 
   80.2543041   42.1182596 
   80.2524557   42.1146859 
   80.2534334   42.1079898 
   80.2492603   42.0985611 
   80.2494427   42.0932803 
   80.2522346   42.0899437 
   80.2654354   42.0858913 
   80.2710192   42.0823108 
   80.2750624   42.0797126 
   80.280938    42.0727932 
   80.2831807   42.0665027 
   80.2826086   42.0596494 
   80.2787637   42.0577691 
   80.2480159   42.0578238 
   80.2290809   42.0557202 
   80.2171792   42.0530581 
   80.1974328   42.0411337 
   80.1740489   42.0408328 
   80.1556175   42.0377993 
   80.1532677   42.0374141 
   80.1456918   42.0361674 
   80.1265175   42.0347407 
   80.0978095   42.04081   
   80.0851215   42.0434903 
   80.0625467   42.0469204 
   80.031669    42.0516086 
   80.0154256   42.0484315 
   80.0000072   42.0431143 
   79.9966956   42.0419724 
   79.9936211   42.0409126 
   79.9926069   42.0408055 
   79.9827724   42.0397799 
   79.9738154   42.0401423 
   79.9551402   42.0408944 
   79.9413218   42.0414505 
   79.9400865   42.0415006 
   79.9365151   42.0416442 
   79.936433    42.0416488 
   79.9187401   42.0423621 
   79.8967966   42.0407895 
   79.8815241   42.038009  
   79.8625411   42.031028  
   79.8445884   42.0173691 
   79.8413019   42.0101899 
   79.8401646   42.0077056 
   79.8342662   42.000679  
   79.8398592   41.991681  
   79.839768    41.9825212 
   79.8362285   41.9723585 
   79.8337944   41.9695278 
   79.8288122   41.9637411 
   79.8084937   41.9456675 
   79.7968679   41.9353225 
   79.7901011   41.9227782 
   79.7856978   41.9092105 
   79.776955    41.9009737 
   79.7675399   41.8921124 
   79.7671206   41.8908999 
   79.764413    41.8830802 
   79.765548    41.8697404 
   79.762535    41.8623127 
   79.7543027   41.8587641 
   79.7405937   41.8556759 
   79.7357186   41.8519814 
   79.7316823   41.8471154 
   79.7321313   41.8367841 
   79.7271195   41.8271456 
   79.6922601   41.8043452 
   79.6704943   41.790096  
   79.6583625   41.7873907 
   79.6177369   41.7842477 
   79.6037225   41.7809293 
   79.5523371   41.7811732 
   79.5397654   41.7851138 
   79.5337827   41.7854033 
   79.5114061   41.786479  
   79.5098791   41.7861394 
   79.4843596   41.780453  
   79.4799426   41.7813373 
   79.4786299   41.7816017 
   79.4605495   41.794219  
   79.4616161   41.7968787 
   79.4643625   41.7981117 
   79.4743565   41.7974964 
   79.4769296   41.7973414 
   79.4798879   41.7987248 
   79.4799267   41.7992786 
   79.4800042   41.8005458 
   79.474083    41.805054  
   79.4762117   41.8071325 
   79.480827    41.8066403 
   79.4869692   41.8092453 
   79.486755    41.8128919 
   79.4836189   41.8159779 
   79.4867094   41.8193578 
   79.4939343   41.8215868 
   79.4943855   41.8252152 
   79.4855584   41.8279525 
   79.4763484   41.8308105 
   79.474083    41.8370097 
   79.4769365   41.8402302 
   79.4771416   41.8435326 
   79.4740602   41.845593  
   79.4713982   41.8473707 
   79.4520187   41.8492008 
   79.4114751   41.841258  
   79.398247    41.8358223 
   79.3892832   41.8302156 
   79.3635244   41.8033834 
   79.3625717   41.8023874 
   79.3525458   41.79911   
   79.3449016   41.7991784 
   79.3437119   41.7995863 
   79.3239746   41.8063895 
   79.3218162   41.8064237 
   79.313584    41.8065536 
   79.3093949   41.8051839 
   79.3079454   41.8047075 
   79.2897579   41.7891388 
   79.2687534   41.7862693 
   79.2637028   41.7839401 
   79.2587275   41.7781716 
   79.2535105   41.7641708 
   79.2455677   41.7553096 
   79.2387007   41.7493086 
   79.2254566   41.7377397 
   79.2195514   41.7363517 
   79.2175913   41.7343666 
   79.2011109   41.7301707 
   79.1604625   41.7303006 
   79.1538234   41.7292796 
   79.1471866   41.7282608 
   79.136527    41.7240763 
   79.1305762   41.7191579 
   79.1171567   41.7080699 
   79.1152194   41.7068551 
   79.1050567   41.7004895 
   79.0960473   41.6974172 
   79.0825731   41.6928293 
   79.0779715   41.6920977 
   79.0739739   41.6914641 
   79.0402905   41.6861104 
   79.0327534   41.6827077 
   79.0289085   41.6798702 
   79.0199652   41.6639299 
   79.0126423   41.6592599 
   79.0101011   41.6576395 
   79.0006017   41.6570583 
   78.9924925   41.6591802 
   78.9872892   41.6589021 
   78.9769374   41.6544601 
   78.9544378   41.6494369 
   78.9536218   41.6492545 
   78.9370115   41.6455464 
   78.9287861   41.6408012 
   78.9187784   41.6269486 
   78.9118271   41.6230695 
   78.8981317   41.6184999 
   78.892067    41.6141331 
   78.8808604   41.6003238 
   78.8713678   41.5946966 
   78.8670512   41.5939399 
   78.8650273   41.5927274 
   78.8539347   41.5860632 
   78.8363717   41.5755108 
   78.8277657   41.5724363 
   78.8217305   41.5702825 
   78.8168942   41.5709047 
   78.8112648   41.5685731 
   78.7983557   41.5667179 
   78.7976674   41.5665401 
   78.7895127   41.5643932 
   78.7632137   41.5574646 
   78.7435676   41.5522887 
   78.722146    41.5513155 
   78.7084347   41.5506933 
   78.7024679   41.5476826 
   78.7014378   41.5463858 
   78.6927406   41.5354413 
   78.6913002   41.5336272 
   78.6857755   41.5238656 
   78.6801142   41.5138465 
   78.6548226   41.4867408 
   78.643958    41.472209  
   78.6410452   41.4703606 
   78.6398464   41.4696017 
   78.6270058   41.4739001 
   78.6192316   41.4737998 
   78.6166448   41.4737702 
   78.6062246   41.4695059 
   78.6026372   41.4680405 
   78.5768511   41.4693145 
   78.5628663   41.4651824 
   78.5414971   41.4588738 
   78.5320045   41.4560704 
   78.5238954   41.4469379 
   78.4999394   41.4296803 
   78.49952     41.4293795 
   78.4976124   41.4286684 
   78.482994    41.4232258 
   78.47625     41.4207142 
   78.4702308   41.419757  
   78.4376073   41.4145697 
   78.4217377   41.4132204 
   78.4175577   41.4137948 
   78.4153971   41.4140933 
   78.4080059   41.4122586 
   78.4050362   41.4134894 
   78.3924098   41.4104308 
   78.3867188   41.4062577 
   78.384957    41.4017222 
   78.3837582   41.3928837 
   78.3814312   41.3757902 
   78.3794643   41.3612789 
   78.380417    41.3556403 
   78.3930981   41.3483995 
   78.3986592   41.3329014 
   78.4078372   41.3227798 
   78.408676    41.3156666 
   78.4081198   41.3144997 
   78.4045781   41.3070902 
   78.3881068   41.2940786 
   78.3846516   41.2862931 
   78.3863837   41.2777098 
   78.3855131   41.2710684 
   78.3796922   41.2652817 
   78.3632961   41.2590414 
   78.3422688   41.2610015 
   78.3335579   41.2540593 
   78.3277598   41.2530792 
   78.3020853   41.236968  
   78.2967522   41.23362   
   78.2723768   41.2132787 
   78.2596364   41.1948815 
   78.2600854   41.1916702 
   78.2410729   41.1687512 
   78.2159568   41.138482  
   78.2132651   41.1324765 
   78.2064369   41.1172382 
   78.1978764   41.1032899 
   78.1957865   41.0914566 
   78.1900339   41.0790285 
   78.180947    41.0731916 
   78.173362    41.0760428 
   78.1650386   41.0766787 
   78.1566924   41.0719107 
   78.1458962   41.0703495 
   78.1274716   41.071831  
   78.1178355   41.069488  
   78.1089331   41.065479  
   78.1073833   41.0642506 
   78.0939022   41.0535614 
   78.0880289   41.0507512 
   78.0777888   41.0514828 
   78.0709468   41.0473211 
   78.0667714   41.0357659 
   78.0593802   41.0327483 
   78.0469817   41.0388222 
   78.0379176   41.045238  
   78.0267111   41.0576525 
   78.0103081   41.0688521 
   78.0054399   41.0682915 
   78.0046923   41.0717421 
   77.9880911   41.0764234 
   77.9832069   41.0778    
   77.9529263   41.0699005 
   77.9419705   41.0683507 
   77.9373097   41.065732  
   77.9229671   41.0622107 
   77.9129571   41.0613219 
   77.903656    41.0631589 
   77.8859334   41.0720748 
   77.8775188   41.073203  
   77.8517988   41.0656158 
   77.8342813   41.0586051 
   77.8269585   41.0556764 
   77.8108974   41.049247  
   77.8042674   41.0477223 
   77.7974779   41.0461611 
   77.7841654   41.0400689 
   77.774682    41.0357295 
   77.7682571   41.0267291 
   77.7593456   41.0230643 
   77.7551885   41.0227019 
   77.751159    41.0223509 
   77.7329259   41.0271485 
   77.7272577   41.0286413 
   77.7218014   41.0280807 
   77.706848    41.0243224 
   77.6981964   41.0194929 
   77.6925123   41.0134555 
   77.6865546   41.0081063 
   77.684745    41.0073474 
   77.6638271   40.9985704 
   77.643226    41.0081793 
   77.6348798   41.010308  
   77.6252664   41.0127603 
   77.6166763   41.0123205 
   77.5990449   41.0045851 
   77.5976478   41.003972  
   77.5926588   41.0025111 
   77.5722195   40.9965169 
   77.5701523   40.9959107 
   77.5492025   40.992729  
   77.5331733   40.9919404 
   77.5226665   40.9935495 
   77.5081256   40.9988736 
   77.5054089   40.9998695 
   77.4820637   41.0006786 
   77.4698407   41.0011025 
   77.467614    41.0025361 
   77.4668961   41.0029942 
   77.4610068   41.01524   
   77.4485468   41.0209994 
   77.4469901   41.0212433 
   77.440139    41.0223236 
   77.4286112   41.021633  
   77.4231868   41.0213094 
   77.3761067   41.0303006 
   77.3715744   41.0323067 
   77.3679123   41.0344276 
   77.360817    41.0358925 
   77.3526993   41.0342216 
   77.3417587   41.0274849 
   77.3338089   41.0248833 
   77.3271561   41.0228691 
   77.3119202   41.0157738 
   77.3029861   41.012558  
   77.2949829   41.0094948 
   77.2891693   41.0069542 
   77.283371    41.0067101 
   77.2740479   41.0074196 
   77.2676544   41.0095177 
   77.259758    41.0140228 
   77.2506561   41.0186195 
   77.2390289   41.0224876 
   77.2329559   41.0247879 
   77.2246933   41.0265617 
   77.2130508   41.0258408 
   77.191246    41.019455  
   77.1887207   41.0187263 
   77.1785202   41.0151367 
   77.1662827   41.0121574 
   77.1588898   41.0136337 
   77.1514053   41.0190163 
   77.1471405   41.0211754 
   77.1393814   41.0245132 
   77.1301193   41.0256691 
   77.1189041   41.0281181 
   77.1140289   41.0303192 
   77.1107788   41.0356102 
   77.1083755   41.042675  
   77.1034393   41.0513115 
   77.0960083   41.0571442 
   77.0843582   41.060997  
   77.0722351   41.0612144 
   77.0604706   41.0618591 
   77.0437469   41.059433  
   77.0325623   41.0575104 
   77.0263367   41.056366  
   77.0202255   41.0584221 
   77.01474     41.0652542 
   77.0106659   41.0690002 
   77.005127    41.0707855 
   76.9919205   41.0696945 
   76.981369    41.0656509 
   76.9769135   41.0641441 
   76.9663696   41.0578079 
   76.9579697   41.0492477 
   76.9542007   41.0412598 
   76.9524918   41.0374832 
   76.9488907   41.0354538 
   76.9444199   41.0337181 
   76.9384079   41.0318642 
   76.9293747   41.0254097 
   76.9202118   41.0226402 
   76.9115601   41.0214348 
   76.9033203   41.021122  
   76.8937149   41.0243454 
   76.8904953   41.0252686 
   76.8830948   41.0267296 
   76.8749237   41.0245705 
   76.8626556   41.0165138 
   76.8561478   41.00597   
   76.8566055   40.9953804 
   76.8562775   40.98806   
   76.8539581   40.9818039 
   76.8500366   40.9724503 
   76.8405838   40.969696  
   76.832283    40.9712181 
   76.8229294   40.9739571 
   76.8154144   40.9745026 
   76.805336    40.9715576 
   76.7937317   40.9662018 
   76.7856674   40.9624214 
   76.7769547   40.9582329 
   76.7710114   40.9568253 
   76.7584915   40.9513016 
   76.7486572   40.943058  
   76.7450027   40.9357491 
   76.741951    40.9235764 
   76.7402573   40.914978  
   76.738205    40.9082451 
   76.7402267   40.9002991 
   76.7415237   40.8937798 
   76.7405624   40.8885727 
   76.7365875   40.8810539 
   76.7322769   40.8756294 
   76.7294693   40.8677979 
   76.7298126   40.8608932 
   76.7290649   40.8549805 
   76.7261505   40.846241  
   76.7189789   40.8421669 
   76.7141418   40.8397598 
   76.7116852   40.8346596 
   76.7127151   40.828392  
   76.7136993   40.8241882 
   76.7136841   40.8168488 
   76.711319    40.8027916 
   76.7032394   40.7914429 
   76.6980743   40.7888298 
   76.6829605   40.7816467 
   76.6688385   40.7750854 
   76.6572266   40.7692566 
   76.6459045   40.7608871 
   76.641716    40.7490234 
   76.6443481   40.7362213 
   76.6479721   40.7240334 
   76.650177    40.717453  
   76.6569824   40.7085075 
   76.6571884   40.7082367 
   76.658432    40.7060814 
   76.6616211   40.7026443 
   76.664711    40.6982918 
   76.6645432   40.692112  
   76.6632767   40.6844025 
   76.661438    40.6744385 
   76.6611557   40.6721649 
   76.6608582   40.6673698 
   76.6590729   40.6578636 
   76.6588669   40.6489296 
   76.6595154   40.6419983 
   76.6598587   40.6399117 
   76.657402    40.6274681 
   76.6530991   40.6195183 
   76.6437759   40.6149025 
   76.6393662   40.6133842 
   76.6330643   40.6136017 
   76.6254883   40.6157455 
   76.6124496   40.6127701 
   76.6046829   40.601162  
   76.6055527   40.5935326 
   76.6046448   40.5910721 
   76.6024246   40.5852661 
   76.5947418   40.5791588 
   76.5852127   40.5752449 
   76.5774918   40.5737267 
   76.5743332   40.5725708 
   76.5678101   40.5636253 
   76.5572128   40.5460243 
   76.5543518   40.5423279 
   76.5533981   40.5394096 
   76.549675    40.5311852 
   76.5458832   40.5248032 
   76.5401154   40.519474  
   76.5367279   40.5139771 
   76.5373383   40.5091171 
   76.538681    40.5028305 
   76.5385437   40.4918327 
   76.5355835   40.4824028 
   76.5357361   40.4787254 
   76.5337372   40.4722137 
   76.5306168   40.4639435 
   76.529007    40.4580956 
   76.5256805   40.4530525 
   76.5211487   40.4503899 
   76.5158768   40.4466324 
   76.5125046   40.4436569 
   76.5081329   40.4398346 
   76.5029602   40.431942  
   76.5017395   40.4292755 
   76.497879    40.4247284 
   76.4922333   40.4228287 
   76.4826355   40.4205208 
   76.4654388   40.4175911 
   76.4580612   40.4137535 
   76.4542847   40.4098854 
   76.4461212   40.4019699 
   76.442215    40.3994904 
   76.4331055   40.3936996 
   76.4239426   40.3899803 
   76.419548    40.3884506 
   76.4136429   40.386795  
   76.4041595   40.3853874 
   76.3954315   40.3853073 
   76.3850021   40.3860245 
   76.3775024   40.3860855 
   76.3696442   40.3857117 
   76.3611603   40.3826256 
   76.3543625   40.3759842 
   76.3494644   40.3650856 
   76.3469696   40.3567734 
   76.3445892   40.3518944 
   76.3367615   40.3441734 
   76.3296433   40.3448944 
   76.3234406   40.3508224 
   76.3193741   40.3570633 
   76.3202133   40.3615913 
   76.3204269   40.3659325 
   76.3209076   40.3750725 
   76.3222885   40.3791046 
   76.3230438   40.3854752 
   76.3206863   40.3909111 
   76.3163528   40.3948746 
   76.3084869   40.3995438 
   76.2988358   40.4043274 
   76.2890244   40.4077492 
   76.277977    40.4211159 
   76.2746887   40.4289055 
   76.2736816   40.4356232 
   76.269661    40.4397964 
   76.266304    40.4368134 
   76.2624588   40.4297371 
   76.2573166   40.4243546 
   76.2490616   40.4180336 
   76.2398834   40.4115486 
   76.2333832   40.407402  
   76.2246399   40.4020348 
   76.2108383   40.3944817 
   76.2023392   40.3911591 
   76.1928406   40.386982  
   76.1806335   40.3827591 
   76.1742935   40.3824997 
   76.1617661   40.3858643 
   76.1471787   40.3895912 
   76.1424637   40.3903656 
   76.1326981   40.3942261 
   76.1253204   40.3954086 
   76.1111526   40.3949776 
   76.1014023   40.393795  
   76.0911331   40.3933296 
   76.0788574   40.3936882 
   76.0614014   40.3907166 
   76.0571442   40.3903084 
   76.0503235   40.3884697 
   76.0430145   40.3823013 
   76.0430985   40.3751907 
   76.0450516   40.3686447 
   76.0464783   40.3600655 
   76.0408478   40.3528748 
   76.0319901   40.3488731 
   76.0238876   40.3489456 
   76.0174789   40.3532677 
   76.010498    40.3578529 
   75.9989777   40.3647995 
   75.9876633   40.3735657 
   75.9799728   40.3772774 
   75.9647675   40.378273  
   75.9581223   40.375267  
   75.9546738   40.3686142 
   75.9523544   40.3614311 
   75.95121     40.3539391 
   75.9505844   40.3510056 
   75.9438553   40.3445663 
   75.9382095   40.342411  
   75.9298172   40.3372269 
   75.9215775   40.330658  
   75.9185944   40.3228264 
   75.9242172   40.3167343 
   75.9279175   40.3096161 
   75.9281082   40.3006668 
   75.9242096   40.2951279 
   75.9186859   40.2910767 
   75.9100189   40.2881546 
   75.9046173   40.2904816 
   75.9006882   40.2941933 
   75.8967056   40.2988052 
   75.8907394   40.3044662 
   75.8811493   40.3098984 
   75.8682785   40.3127899 
   75.8607254   40.3123627 
   75.855072    40.3127251 
   75.8479309   40.315937  
   75.835556    40.3233757 
   75.8195724   40.3253174 
   75.8139038   40.3229332 
   75.8062973   40.3165436 
   75.8027878   40.3119545 
   75.7961044   40.3057365 
   75.7861481   40.2997246 
   75.7742538   40.2979622 
   75.7628937   40.3009758 
   75.7469864   40.2980919 
   75.7410507   40.2986984 
   75.7363129   40.3019753 
   75.7324448   40.3049698 
   75.7272568   40.301403  
   75.7242203   40.2956352 
   75.7164841   40.2878761 
   75.706604    40.2825394 
   75.6979446   40.282856  
   75.6958847   40.2859688 
   75.6935043   40.2916183 
   75.6942749   40.2986717 
   75.6985855   40.3080254 
   75.6966019   40.3200645 
   75.6947861   40.3227005 
   75.6893005   40.332901  
   75.6807022   40.3421478 
   75.6733475   40.3462791 
   75.6678543   40.350975  
   75.6639786   40.35672   
   75.6632767   40.3668442 
   75.6653824   40.3779411 
   75.6671143   40.3856239 
   75.6698227   40.3939362 
   75.6734467   40.4024162 
   75.6764526   40.4107056 
   75.6791306   40.4160385 
   75.685318    40.423214  
   75.6933517   40.4279785 
   75.7006836   40.4346237 
   75.7068481   40.4415665 
   75.7139893   40.4491386 
   75.7154083   40.4538612 
   75.7169495   40.456974  
   75.7223282   40.4621353 
   75.7224503   40.4660225 
   75.72258     40.4726601 
   75.7204895   40.4782944 
   75.7103348   40.4844322 
   75.6970749   40.4868736 
   75.6910019   40.4890862 
   75.6887589   40.493351  
   75.6849976   40.5002327 
   75.676506    40.5023689 
   75.6667709   40.5013733 
   75.6585083   40.5028076 
   75.6506653   40.5053597 
   75.6431351   40.5163689 
   75.6360779   40.526207  
   75.6334534   40.5298042 
   75.6297913   40.5375977 
   75.6248398   40.5502777 
   75.6236572   40.5615807 
   75.6234512   40.5652618 
   75.624733    40.5770988 
   75.6242142   40.5890427 
   75.6260834   40.5951157 
   75.6267471   40.5985146 
   75.6267929   40.6044693 
   75.6278763   40.6117325 
   75.6238022   40.6213837 
   75.6156845   40.6299057 
   75.6136017   40.6357651 
   75.6131287   40.6396904 
   75.6096802   40.6440277 
   75.6031113   40.6474152 
   75.6001587   40.6535568 
   75.5948563   40.6575508 
   75.5804596   40.6582069 
   75.5640717   40.6544037 
   75.5479965   40.6478271 
   75.531929    40.6385002 
   75.5185242   40.6315308 
   75.5086899   40.6268616 
   75.4938889   40.6208878 
   75.476387    40.6120987 
   75.462616    40.6014786 
   75.4552231   40.5913849 
   75.4443741   40.5798988 
   75.4366989   40.5727997 
   75.4291306   40.5666122 
   75.4205856   40.5597954 
   75.4140091   40.5544624 
   75.3917694   40.5461769 
   75.3856049   40.5447159 
   75.3813705   40.5445099 
   75.3731308   40.5433998 
   75.3638687   40.5412025 
   75.3520355   40.5373268 
   75.3439331   40.5346069 
   75.3288498   40.5284004 
   75.3182068   40.5214729 
   75.3110504   40.5104408 
   75.3069687   40.5058746 
   75.3011551   40.4961395 
   75.2900543   40.4846535 
   75.2769394   40.4799309 
   75.2691193   40.4769554 
   75.2593308   40.4752426 
   75.2484512   40.4717598 
   75.2396164   40.4617386 
   75.2346039   40.4537888 
   75.224205    40.4461517 
   75.2154999   40.4432259 
   75.2081223   40.4415932 
   75.1987305   40.4437485 
   75.1881409   40.4459686 
   75.174202    40.4476967 
   75.1647568   40.4523659 
   75.1554947   40.455883  
   75.1428375   40.4584503 
   75.1339264   40.4564438 
   75.124855    40.4498672 
   75.1182632   40.4440613 
   75.1121597   40.4400635 
   75.1068344   40.437851  
   75.0977554   40.4342499 
   75.0859299   40.433094  
   75.0748367   40.4362488 
   75.0617828   40.4408913 
   75.0580826   40.4429359 
   75.0484924   40.4492073 
   75.0340958   40.4555244 
   75.0216827   40.4605827 
   75.0153351   40.4632301 
   75.0114517   40.4634514 
   75.0068359   40.4623413 
   75.0024261   40.4603004 
   74.9925613   40.4546738 
   74.9807587   40.4537354 
   74.97155     40.4579201 
   74.9562378   40.4640503 
   74.9491196   40.4681129 
   74.9331284   40.4797745 
   74.9267502   40.4851685 
   74.9156113   40.4942627 
   74.9035187   40.4997444 
   74.8859329   40.5043907 
   74.8751144   40.5075073 
   74.865303    40.5117149 
   74.8523712   40.5179253 
   74.836586    40.5194817 
   74.8286972   40.5155678 
   74.818406    40.5060036 
   74.8180322   40.5048413 
   74.8210384   40.5011901 
   74.8212891   40.5004836 
   74.8252867   40.4893181 
   74.8236685   40.479438  
   74.8215102   40.4662327 
   74.8120039   40.4538661 
   74.7931737   40.4529453 
   74.7919703   40.4528884 
   74.7913276   40.4522274 
   74.7909538   40.4518422 
   74.7892923   40.450142  
   74.7892991   40.4484053 
   74.789306    40.4468464 
   74.789306    40.4464908 
   74.7908398   40.4448385 
   74.7940283   40.4413947 
   74.8049477   40.4296184 
   74.8267522   40.4129602 
   74.842713    40.40076   
   74.8499378   40.3952399 
   74.8532722   40.3894646 
   74.8575296   40.3820802 
   74.8592754   40.3790398 
   74.8703771   40.3685581 
   74.877937    40.3645445 
   74.9020913   40.3517198 
   74.9080877   40.3457918 
   74.8994589   40.33709   
   74.8976584   40.3364838 
   74.8899913   40.3339015 
   74.8853829   40.3323472 
   74.878288    40.3299609 
   74.8720318   40.3269775 
   74.8719702   40.3269114 
   74.8687977   40.3235657 
   74.8631203   40.3175898 
   74.8583455   40.3175784 
   74.8426355   40.3252477 
   74.8415916   40.3257605 
   74.8410788   40.3262938 
   74.8358915   40.3316839 
   74.8188322   40.3432916 
   74.8123617   40.3460949 
   74.8020623   40.3505597 
   74.7901219   40.3507489 
   74.7803353   40.3480231 
   74.7710273   40.3454294 
   74.7514108   40.3480367 
   74.7408515   40.3494407 
   74.72544     40.3468584 
   74.7241523   40.3466419 
   74.7220601   40.3465872 
   74.7067488   40.3461838 
   74.7035512   40.3460995 
   74.6954967   40.342307  
   74.6947948   40.3419765 
   74.6959389   40.3391162 
   74.7003855   40.3280419 
   74.6992642   40.3217127 
   74.6977987   40.3134121 
   74.6927869   40.3053895 
   74.6862184   40.2987254 
   74.68419     40.2966696 
   74.6838845   40.295024  
   74.6830435   40.2905    
   74.6873625   40.2699513 
   74.6847005   40.2660608 
   74.6802379   40.2642101 
   74.6730814   40.2653269 
   74.6635045   40.2691695 
   74.645317    40.2684106 
   74.6384659   40.2749289 
   74.6348034   40.2784114 
   74.6341173   40.278457  
   74.6276628   40.2788923 
   74.6252583   40.2790519 
   74.6233826   40.2788353 
   74.598319    40.2759522 
   74.5859227   40.2745255 
   74.5773167   40.2694544 
   74.5696269   40.2625623 
   74.559601    40.2494892 
   74.5561071   40.2403293 
   74.5425257   40.2263218 
   74.5316383   40.2109422 
   74.5251017   40.2054814 
   74.523659    40.2042803 
   74.5208808   40.2033435 
   74.5126713   40.2005653 
   74.5106816   40.2002758 
   74.4980917   40.1984297 
   74.4933465   40.1958816 
   74.489219    40.1924333 
   74.4863427   40.187009  
   74.4827873   40.1802855 
   74.4703592   40.1726686 
   74.4621657   40.1652455 
   74.4594489   40.162784  
   74.4559163   40.1569221 
   74.4521329   40.1506317 
   74.4403224   40.142559  
   74.4228437   40.1342242 
   74.4160155   40.1321866 
   74.411872    40.1309513 
   74.4043349   40.1261743 
   74.4021538   40.1247908 
   74.3962166   40.1210257 
   74.3832483   40.1099696 
   74.3687895   40.1032781 
   74.3637161   40.1009283 
   74.3484505   40.0897263 
   74.3404393   40.0838507 
   74.3335563   40.0870028 
   74.3149039   40.103996  
   74.3065577   40.1055299 
   74.2901753   40.0979928 
   74.2858586   40.0960054 
   74.2777631   40.102722  
   74.2756891   40.1044473 
   74.2741324   40.1057395 
   74.2686078   40.1182588 
   74.2628621   40.1248387 
   74.2557216   40.1274004 
   74.2553865   40.1275212 
   74.2509308   40.126801  
   74.2503747   40.1264045 
   74.2417983   40.1203192 
   74.2290192   40.1240843 
   74.2288733   40.1240843 
   74.2073059   40.1186645 
   74.1960059   40.1181107 
   74.1791905   40.1085999 
   74.1643533   40.1061817 
   74.1495982   40.0987403 
   74.1456074   40.0990867 
   74.1424485   40.0993625 
   74.1304922   40.1029089 
   74.123673    40.1017009 
   74.116088    40.0920305 
   74.1132961   40.0810428 
   74.1103583   40.0785016 
   74.1059117   40.07777   
   74.0987324   40.0804525 
   74.083077    40.0739023 
   74.0756448   40.0738294 
   74.0453801   40.0876888 
   74.0388185   40.0887714 
   74.0284963   40.083641  
   74.0210868   40.0737154 
   74.0162961   40.0672905 
   74.0108558   40.0549011 
   73.9924016   40.0403101 
   73.9562978   40.0291173 
   73.9504405   40.0273008 
   73.9469374   40.0246661 
   73.944893    40.0231277 
   73.9431541   40.0199096 
   73.945611    40.0155974 
   73.9504086   40.0126802 
   73.9604117   40.0097355 
   73.9724341   40.006196  
   73.972817    40.0060798 
   73.9768898   40.003224  
   73.9814914   39.999999  
   73.9721538   39.9897999 
   73.9608219   39.9712797 
   73.9263842   39.9349935 
   73.9119709   39.916667  
   73.9109886   39.9115595 
   73.9105989   39.9095493 
   73.9139469   39.8978801 
   73.9142523   39.8968203 
   73.9195263   39.8816002 
   73.9184186   39.871098  
   73.9126592   39.863766  
   73.8947065   39.8591188 
   73.8785634   39.85387   
   73.8619462   39.8380824 
   73.8524467   39.824729  
   73.8454361   39.8112296 
   73.8409508   39.7980494 
   73.8355948   39.7860338 
   73.8328165   39.7798117 
   73.8312986   39.7712513 
   73.835082    39.7594796 
   73.8458031   39.7487289 
   73.8528821   39.7449296 
   73.8786773   39.7414083 
   73.8914177   39.7382084 
   73.9015416   39.733739  
   73.9101339   39.7264709 
   73.9151161   39.7146262 
   73.9222567   39.6877392 
   73.9387439   39.6194153 
   73.9413672   39.6029098 
   73.9379417   39.5939893 
   73.9351885   39.5907939 
   73.92733     39.5816683 
   73.9160164   39.5704572 
   73.9099949   39.5644881 
   73.9057466   39.5604632 
   73.8900001   39.5455394 
   73.8846965   39.5372775 
   73.884072    39.5362998 
   73.8802864   39.5297997 
   73.8734353   39.5069878 
   73.8715368   39.5006632 
   73.8707961   39.4981835 
   73.8694537   39.494464  
   73.8655085   39.4835515 
   73.863831    39.4789043 
   73.8542108   39.4698858 
   73.8487773   39.4671257 
   73.8424071   39.4638894 
   73.8214254   39.4589391 
   73.7903061   39.4579773 
   73.765541    39.4585425 
   73.7208016   39.4579203 
   73.6649787   39.4641993 
   73.6582416   39.4650836 
   73.6472311   39.4667132 
   73.6447673   39.4666699 
   73.6395344   39.4665833 
   73.634803    39.4665035 
   73.6213219   39.4620296 
   73.6130213   39.4596433 
   73.6001378   39.4579678 
   73.5979311   39.4576673 
   73.5944896   39.4577266 
   73.5867839   39.4578542 
   73.5864032   39.4577152 
   73.5777653   39.4545517 
   73.5668938   39.4526828 
   73.5632472   39.4520561 
   73.5438996   39.4570588 
   73.5119256   39.4668841 
   73.5089787   39.467789  
   73.4917074   39.4688146 
   73.4616251   39.4657856 
   73.4489896   39.4578975 
   73.4398183   39.4521723 
   73.4365318   39.4505769 
   73.4322972   39.4485211 
   73.4274449   39.4461668 
   73.4172982   39.4438831 
   73.4032678   39.4489223 
   73.4029169   39.4490476 
   73.3901058   39.4512402 
   73.3889549   39.4504744 
   73.3834758   39.4468232 
   73.3778008   39.4394639 
   73.3644017   39.409965  
   73.3553627   39.4057084 
   73.3433816   39.4004149 
   73.320953    39.3999042 
   73.2959625   39.4126834 
   73.272781    39.4318943 
   73.2543062   39.4374936 
   73.2429707   39.4371328 
   73.2368379   39.4239641 
   73.2387781   39.4056894 
   73.2337343   39.398289  
   73.2268673   39.3847418 
   73.2214498   39.3689542 
   73.2183      39.3597602 
   73.2130124   39.3562162 
   73.2013547   39.3573648 
   73.1907886   39.357007  
   73.1769634   39.3549079 
   73.1438293   39.3582264 
   73.1258401   39.3645282 
   73.1127328   39.370071  
   73.095703    39.3734327 
   73.0798038   39.3690386 
   73.0662156   39.3648267 
   73.0606089   39.3630877 
   73.0574797   39.3621168 
   73.0426015   39.3552589 
   73.0294417   39.3535883 
   73.0159766   39.3552977 
   72.995339    39.3598058 
   72.9802398   39.357276  
   72.9573595   39.3508533 
   72.9509278   39.3522254 
   72.9497609   39.3524738 
   72.945214    39.3534424 
   72.9323961   39.3623128 
   72.9234163   39.3656882 
   72.9070886   39.3632199 
   72.8975368   39.3603779 
   72.8814848   39.3540464 
   72.8708048   39.3520362 
   72.8676299   39.3514368 
   72.8578411   39.3522231 
   72.8491826   39.352916  
   72.8355876   39.3531712 
   72.8223731   39.3577318 
   72.8148041   39.3562162 
   72.785752    39.3428832 
   72.7781078   39.3404126 
   72.7728111   39.3435783 
   72.7710721   39.3518379 
   72.7088767   39.376774  
   72.6909719   39.3844501 
   72.6786417   39.3851019 
   72.664208    39.38298   
   72.6566458   39.3814553 
   72.6438667   39.384049  
   72.625       39.3879212 
   72.615341    39.3836205 
   72.6046838   39.3678466 
   72.5951      39.3572965 
   72.5784145   39.3504796 
   72.5617289   39.3508693 
   72.550903    39.3560338 
   72.5504312   39.3562595 
   72.5435255   39.3695833 
   72.5358425   39.3738248 
   72.5325241   39.3747866 
   72.5237585   39.3773301 
   72.5168527   39.3762429 
   72.5111845   39.3750942 
   72.5019768   39.3760492 
   72.4964294   39.3763341 
   72.4892798   39.3723798 
   72.4852138   39.3682637 
   72.4813165   39.3588554 
   72.4771274   39.3533057 
   72.4693305   39.3489047 
   72.4561001   39.3462153 
   72.4379422   39.3437812 
   72.4220954   39.3393027 
   72.4035409   39.3320778 
   72.3876121   39.3266375 
   72.3776705   39.3261794 
   72.3601006   39.328789  
   72.3581155   39.329083  
   72.3495254   39.3299947 
   72.3425148   39.3274649 
   72.3394767   39.3253931 
   72.3221826   39.313594  
   72.3078993   39.2979774 
   72.286309    39.246216  
   72.2717363   39.2267658 
   72.2630163   39.2108643 
   72.2628089   39.2007859 
   72.2613981   39.1835625 
   72.2570039   39.1751365 
   72.2450795   39.1728437 
   72.232934    39.1753645 
   72.2279518   39.178578  
   72.2200318   39.1836856 
   72.2159658   39.1944545 
   72.2167817   39.2045032 
   72.2146758   39.2166145 
   72.208611    39.2255601 
   72.1902685   39.2355838 
   72.1815417   39.2422571 
   72.1755066   39.251679  
   72.1682749   39.2616389 
   72.1604688   39.2642394 
   72.1598444   39.264449  
   72.1284402   39.2659761 
   72.1178217   39.2645721 
   72.1066972   39.2646291 
   72.096726    39.2713548 
   72.0854807   39.2853442 
   72.0819617   39.295598  
   72.077759    39.3049242 
   72.065536    39.3223186 
   72.0632181   39.3320345 
   72.0586097   39.3519451 
   72.0505894   39.3600132 
   72.0429156   39.3647014 
   72.040306    39.3653418 
   72.0364314   39.3662899 
   72.0356292   39.3664905 
   72.0303507   39.36242   
   72.019265    39.3552635 
   72.0121085   39.3507986 
   71.9951631   39.3477628 
   71.9783773   39.3389517 
   71.9712208   39.3344869 
   71.9634558   39.3325997 
   71.9627538   39.3324288 
   71.9579859   39.331271  
   71.9445732   39.3179745 
   71.9381095   39.3097081 
   71.9338612   39.3042792 
   71.9315251   39.3013004 
   71.918762    39.280289  
   71.9111109   39.2772828 
   71.8998406   39.2754094 
   71.8796702   39.2810548 
   71.8792645   39.2811688 
   71.8460393   39.2831881 
   71.8360362   39.2817317 
   71.8284694   39.2788167 
   71.8182065   39.274867  
   71.8123172   39.2744362 
   71.8020406   39.2736887 
   71.7906267   39.2780532 
   71.7863168   39.2814035 
   71.7801199   39.2862171 
   71.7700187   39.2990691 
   71.7609409   39.3106198 
   71.7526699   39.3239595 
   71.7548442   39.3368731 
   71.7556077   39.3414268 
   71.7571553   39.3506437 
   71.7732232   39.3667184 
   71.7905127   39.3731684 
   71.7961513   39.3752743 
   71.8002925   39.3808445 
   71.8005227   39.3822735 
   71.8038183   39.4027721 
   71.7997273   39.4200183 
   71.7977216   39.4284944 
   71.7864695   39.4434136 
   71.783142    39.4452164 
   71.7709965   39.4517985 
   71.760827    39.4565802 
   71.7490917   39.4571112 
   71.7384185   39.4551967 
   71.7303162   39.4546019 
   71.7174231   39.4561426 
   71.7068867   39.456138  
   71.6861876   39.4527467 
   71.6748967   39.4508504 
   71.6615      39.4456905 
   71.6406322   39.4398992 
   71.6263967   39.4400519 
   71.6131276   39.4449589 
   71.5928957   39.4477736 
   71.5768734   39.4489587 
   71.5624396   39.4548731 
   71.5545584   39.4690356 
   71.5525823   39.4725843 
   71.5437917   39.505128  
   71.5436322   39.5121204 
   71.5434954   39.5181009 
   71.5476685   39.5327945 
   71.5578836   39.5453115 
   71.5612636   39.5576393 
   71.5607827   39.5640688 
   71.5600123   39.5744935 
   71.5510257   39.5873638 
   71.5260464   39.6023719 
   71.5072184   39.6101848 
   71.4989315   39.6136217 
   71.4876862   39.6126668 
   71.4786449   39.6077803 
   71.4600836   39.5912999 
   71.4355168   39.5774769 
   71.4145898   39.5711706 
   71.3923181   39.5721164 
   71.3609777   39.5763214 
   71.3547215   39.5756263 
   71.3471752   39.5729095 
   71.3356246   39.5687478 
   71.3351984   39.5626101 
   71.3344577   39.552003  
   71.3289034   39.5435976 
   71.3131933   39.5286442 
   71.3076482   39.523368  
   71.2955027   39.5181191 
   71.2868192   39.5179983 
   71.2778781   39.5231697 
   71.2671821   39.5375624 
   71.2642671   39.5414894 
   71.2585761   39.5489239 
   71.2532042   39.5520258 
   71.2502368   39.5498128 
   71.2440557   39.5452044 
   71.2396844   39.5357847 
   71.2055133   39.5165556 
   71.1933746   39.5112954 
   71.1695554   39.5074664 
   71.1276238   39.5106048 
   71.1127251   39.5102424 
   71.1013955   39.5070106 
   71.099456    39.5064591 
   71.0896762   39.4991727 
   71.0809107   39.480853  
   71.0778429   39.4703758 
   71.0795591   39.4496698 
   71.0796047   39.4490203 
   71.0808788   39.4323393 
   71.07261     39.4197129 
   71.0667504   39.4147945 
   71.0660553   39.4142156 
   71.0622856   39.4128755 
   71.0514756   39.4090397 
   71.0313417   39.4040803 
   71.0083475   39.4025874 
   70.9935309   39.4031709 
   70.9845511   39.4078454 
   70.9744955   39.414954  
   70.9607934   39.4290004 
   70.9594031   39.4304248 
   70.9510045   39.4345888 
   70.9410333   39.4335358 
   70.9356317   39.426548  
   70.9349753   39.4068996 
   70.9221347   39.3901206 
   70.9177473   39.3870437 
   70.9124142   39.3833014 
   70.8918997   39.3816901 
   70.8799821   39.3888693 
   70.8779901   39.3895804 
   70.8678821   39.3931723 
   70.8604727   39.393455  
   70.8379821   39.3899952 
   70.8156056   39.3884477 
   70.7884451   39.3894733 
   70.7845      39.3907473 
   70.7732843   39.3943643 
   70.7680286   39.3993579 
   70.7671193   39.4046706 
   70.766137    39.4186257 
   70.7629097   39.4264226 
   70.7627251   39.4532959 
   70.7614442   39.4624626 
   70.7543333   39.4776029 
   70.7537681   39.4782183 
   70.7456293   39.4870408 
   70.7328866   39.4929848 
   70.7221451   39.4979943 
   70.7131129   39.5023794 
   70.7028955   39.5073388 
   70.6606221   39.5659832 
   70.6485677   39.5718794 
   70.6416551   39.5752593 
   70.6341249   39.5789447 
   70.6199714   39.5808933 
   70.6145471   39.5808911 
   70.5939255   39.5808797 
   70.5699626   39.5846175 
   70.556183    39.5927859 
   70.5499427   39.6025998 
   70.5460853   39.6065324 
   70.5440899   39.6085666 
   70.5400535   39.6099842 
   70.5288994   39.6139021 
   70.5099029   39.6179361 
   70.4956058   39.6174803 
   70.4847708   39.6125824 
   70.4761648   39.594338  
   70.4734276   39.5885193 
   70.4661412   39.5806199 
   70.4516595   39.5768091 
   70.4436415   39.5790586 
   70.4332054   39.5819851 
   70.4321296   39.5822859 
   70.4317399   39.5825001 
   70.4170987   39.5904839 
   70.3981021   39.5944975 
   70.3894118   39.5943175 
   70.3893047   39.5942947 
   70.3749552   39.5909762 
   70.3639379   39.5827212 
   70.3462974   39.5643195 
   70.3296574   39.5469547 
   70.3173592   39.5377812 
   70.3045277   39.5300595 
   70.2861943   39.5260049 
   70.2838217   39.5254784 
   70.2727747   39.5272904 
   70.2626804   39.5353015 
   70.2625118   39.535477  
   70.2581336   39.5399851 
   70.2491994   39.5491837 
   70.2410127   39.558086  
   70.2264787   39.564324  
   70.2187889   39.5726862 
   70.218292    39.5732263 
   70.2115412   39.5969544 
   70.205971    39.5971367 
   70.1981194   39.5897227 
   70.1955257   39.5763784 
   70.1919019   39.5669063 
   70.1823113   39.5579561 
   70.1794897   39.5553214 
   70.1695641   39.5551642 
   70.1529629   39.5576257 
   70.1397097   39.5647707 
   70.1369542   39.5710953 
   70.134217    39.582409  
   70.1339116   39.5836648 
   70.1254263   39.5872954 
   70.108506    39.5840044 
   70.0860816   39.5697894 
   70.0789798   39.5652881 
   70.0708616   39.5525979 
   70.0663443   39.5258818 
   70.0605006   39.5207948 
   70.0573417   39.5314452 
   70.0599604   39.5572633 
   70.0567856   39.5627172 
   70.0559765   39.564103  
   70.0499642   39.5676493 
   70.0411758   39.5655297 
   70.0355463   39.552762  
   70.0314485   39.5456921 
   70.0131538   39.5395589 
   69.9993218   39.5413367 
   69.9983828   39.5414575 
   69.9881905   39.5480123 
   69.9866475   39.551137  
   69.9814602   39.5616483 
   69.9652487   39.5717472 
   69.932044    39.5770872 
   69.9101802   39.573926  
   69.9037485   39.5693245 
   69.899131    39.5517204 
   69.8954775   39.5478937 
   69.8879997   39.540074  
   69.8826072   39.5362132 
   69.8764262   39.5317916 
   69.8743431   39.5298795 
   69.8673256   39.5234341 
   69.8623799   39.5235822 
   69.8588632   39.5275274 
   69.8565134   39.5337745 
   69.8544918   39.5391692 
   69.8472601   39.5432238 
   69.8352194   39.5503005 
   69.8111791   39.5654021 
   69.792946    39.5726634 
   69.7894658   39.5732423 
   69.7720327   39.5761573 
   69.7585151   39.5784729 
   69.7501758   39.5854311 
   69.7380827   39.588745  
   69.7305912   39.5907985 
   69.7121119   39.5932531 
   69.6958685   39.5908463 
   69.6903143   39.5874322 
   69.6869275   39.5853491 
   69.67408     39.57613   
   69.6579369   39.5756331 
   69.640832    39.5809184 
   69.626152    39.5851713 
   69.5946111   39.5735933 
   69.5926829   39.5708538 
   69.585319    39.560429  
   69.5811391   39.5550776 
   69.5787278   39.5519825 
   69.5638655   39.552395  
   69.5608366   39.5508452 
   69.5460974   39.5433013 
   69.544739    39.5434882 
   69.5374754   39.5444978 
   69.5210337   39.5372821 
   69.5048131   39.534848  
   69.4832913   39.5248881 
   69.479713    39.5278579 
   69.471221    39.5319284 
   69.4651266   39.5340115 
   69.448776    39.5286989 
   69.4279561   39.5340548 
   69.4246673   39.5357961 
   69.4150631   39.5408945 
   69.4146346   39.5411224 
   69.4101561   39.5517888 
   69.4027261   39.5519871 
   69.398888    39.5492134 
   69.3841238   39.5237121 
   69.3757548   39.5176542 
   69.3738928   39.5163072 
   69.3652275   39.5165374 
   69.3495789   39.5301849 
   69.3425524   39.5363112 
   69.3402026   39.539249  
   69.3569041   39.5851508 
   69.35852     39.5895928 
   69.3524096   39.5916714 
   69.3426663   39.5957601 
   69.3419575   39.5994911 
   69.3406516   39.6063604 
   69.3410481   39.615657  
   69.3410641   39.6159396 
   69.3388829   39.6227064 
   69.3328934   39.6276544 
   69.3313299   39.6487934 
   69.3241415   39.6547328 
   69.3212196   39.661422  
   69.3207547   39.6624864 
   69.3269266   39.6901323 
   69.3206795   39.7084087 
   69.3203126   39.7094799 
   69.3013752   39.731061  
   69.291657    39.7456749 
   69.2897038   39.7486149 
   69.2879032   39.7544678 
   69.2771913   39.789277  
   69.2766192   39.7911299 
   69.2769474   39.7923812 
   69.2795935   39.8025552 
   69.2808379   39.8042532 
   69.2967759   39.8260805 
   69.3024054   39.8412732 
   69.3031529   39.858508  
   69.3063437   39.8747218 
   69.3079596   39.883305  
   69.3285607   39.8990698 
   69.332711    39.9085464 
   69.3439631   39.9379655 
   69.3556893   39.9779165 
   69.3553155   39.980729  
   69.3528814   39.9990737 
   69.3530273   39.999999  
   69.370727    39.999999  
   69.3818971   39.999999  
   69.3929896   39.9759792 
   69.415528    39.9504666 
   69.4205467   39.9234953 
   69.4259938   39.9060964 
   69.4321452   39.9037671 
   69.4378202   39.9016156 
   69.4504785   39.8968157 
   69.459962    39.8965605 
   69.4658969   39.8964009 
   69.4666445   39.8963804 
   69.4780584   39.900868  
   69.5050958   39.9202612 
   69.5228662   39.927445  
   69.5330881   39.932915  
   69.5348202   39.9434127 
   69.5280375   39.9636377 
   69.5260615   39.9695316 
   69.5263054   39.9706985 
   69.5276569   39.977153  
   69.5309457   39.9943172 
   69.5276957   39.999999  
   69.5153655   40.0180589 
   69.5084529   40.0281897 
   69.5070581   40.0338442 
   69.5107503   40.0459396 
   69.5152197   40.0525855 
   69.5133508   40.0568384 
   69.5174874   40.0774304 
   69.5184401   40.080154  
   69.5201039   40.0848968 
   69.5259088   40.0900067 
   69.5625459   40.1038205 
   69.5821533   40.1046068 
   69.6147997   40.1097212 
   69.6475531   40.1171215 
   69.6722954   40.1153028 
   69.6769563   40.1149586 
   69.6911849   40.114888  
   69.693366    40.1148766 
   69.7012792   40.1164219 
   69.728271    40.1288112 
   69.7477644   40.1377591 
   69.7531956   40.1393203 
   69.7661046   40.1430285 
   69.7717364   40.1469737 
   69.8020626   40.1587819 
   69.8114549   40.1607579 
   69.8237463   40.1633493 
   69.8290339   40.1644638 
   69.8481285   40.1715861 
   69.8621816   40.1747928 
   69.9020072   40.1874967 
   69.9059296   40.1906624 
   69.9073404   40.1910818 
   69.9280691   40.1972309 
   69.9418488   40.2038495 
   69.9588398   40.2078699 
   69.9692144   40.2134811 
   69.9771959   40.2177955 
   69.996131    40.2219891 
   70.0103596   40.2171483 
   70.0269631   40.216656  
   70.0415108   40.2118607 
   70.0539618   40.2116806 
   70.0643159   40.2130618 
   70.0892724   40.2004673 
   70.1028128   40.1907741 
   70.1159292   40.1822501 
   70.1286923   40.1746674 
   70.141182    40.1678164 
   70.1534734   40.161469  
   70.1656417   40.1553996 
   70.1777576   40.1493918 
   70.1899031   40.1432108 
   70.1958083   40.1400405 
   70.1960841   40.1398309 
   70.2002868   40.1350105 
   70.2016452   40.1334493 
   70.2071311   40.1313775 
   70.2114409   40.1297502 
   70.2151559   40.1283463 
   70.21759     40.1281776 
   70.2211523   40.1279338 
   70.2411426   40.1281252 
   70.2464758   40.1281731 
   70.2675943   40.1315075 
   70.2688523   40.1317057 
   70.2798469   40.1283121 
   70.2867595   40.1270905 
   70.2994839   40.1248478 
   70.3258672   40.1150475 
   70.3355034   40.1097554 
   70.3499531   40.0959848 
   70.3645624   40.0918323 
   70.3817357   40.0903508 
   70.3891451   40.0897149 
   70.3922584   40.0856011 
   70.4020382   40.072667  
   70.4168617   40.0655401 
   70.4298619   40.0629055 
   70.4328544   40.0626229 
   70.5009162   40.0561569 
   70.5055383   40.0540647 
   70.5235891   40.0514118 
   70.5337745   40.0460741 
   70.5377584   40.0439864 
   70.5375966   40.0429699 
   70.5391624   40.0432502 
   70.5421526   40.0416822 
   70.5437617   40.0408184 
   70.5436546   40.0402212 
   70.5463553   40.036782  
   70.5418244   40.0307377 
   70.543258    40.0297099 
   70.5470277   40.0316745 
   70.553489    40.0301862 
   70.5540383   40.0251197 
   70.5643924   40.0246547 
   70.5650944   40.0206982 
   70.5497057   40.007233  
   70.5444865   39.999999  
   70.5198604   39.983628  
   70.5130161   39.9800452 
   70.4809031   39.9696957 
   70.4669958   39.9587102 
   70.4563979   39.947604  
   70.4624854   39.9384692 
   70.4815823   39.9250519 
   70.4932333   39.925918  
   70.4934224   39.9259727 
   70.4965289   39.9233175 
   70.5009618   39.919639  
   70.5055087   39.9159354 
   70.5101695   39.9121634 
   70.5149466   39.9082752 
   70.5197897   39.9042548 
   70.5245964   39.9000817 
   70.5293188   39.8957263 
   70.5333711   39.8973855 
   70.5332025   39.899806  
   70.5330589   39.9019803 
   70.5175858   39.9151423 
   70.512925    39.9225153 
   70.5164257   39.9317822 
   70.5188895   39.9333047 
   70.5245736   39.9368123 
   70.5245121   39.9383963 
   70.5244893   39.9390983 
   70.5258933   39.9392008 
   70.545471    39.9406504 
   70.5482561   39.9409398 
   70.5525364   39.9352693 
   70.5588906   39.9371678 
   70.5674123   39.9428133 
   70.575469    39.9434081 
   70.6247166   39.9709173 
   70.6383595   39.9726152 
   70.6394808   39.9735725 
   70.6444539   39.9778208 
   70.6442328   39.9830856 
   70.6441736   39.9846035 
   70.6453861   39.9867892 
   70.653771    39.999999  
   70.6541676   40.0020571 
   70.6543112   40.0027955 
   70.6600956   40.0131884 
   70.6647405   40.0182412 
   70.663177    40.0234992 
   70.6596899   40.0300836 
   70.6625138   40.0378692 
   70.6617115   40.0510107 
   70.6600569   40.0549741 
   70.660515    40.0602731 
   70.654824    40.0602412 
   70.6544114   40.0660963 
   70.6561732   40.0697634 
   70.6593389   40.076366  
   70.6669079   40.0830872 
   70.6721728   40.0848513 
   70.6817474   40.0880512 
   70.7202762   40.086433  
   70.7590488   40.0898517 
   70.7772751   40.0976828 
   70.7908405   40.1082945 
   70.8085927   40.1188469 
   70.8121573   40.1237219 
   70.8151315   40.1277993 
   70.816262    40.1317513 
   70.8238795   40.1583391 
   70.82428     40.1597368 
   70.8325419   40.1653298 
   70.8420094   40.1663942 
   70.8424538   40.1663281 
   70.8606801   40.1637048 
   70.8855591   40.1539    
   70.9102786   40.1441612 
   70.919778    40.1447606 
   70.9301458   40.1502009 
   70.9492883   40.1536903 
   70.9542705   40.1550259 
   70.9556357   40.1569107 
   70.9627078   40.1581004 
   70.9712227   40.1646051 
   70.9714119   40.1652842 
   70.9721822   40.1680716 
   70.9779507   40.184764  
   70.9810868   40.1869429 
   70.9814218   40.1999978 
   70.9843368   40.2101741 
   70.9836805   40.2156372 
   70.9821238   40.2181556 
   70.979676    40.222119  
   70.9676125   40.228512  
END
END
