Relation 28711

1
   6.1377071    50.1294977 
   6.1372035    50.1294736 
   6.1364248    50.129494  
   6.1341921    50.1294311 
   6.1307726    50.1289411 
   6.1273937    50.1293368 
   6.1243387    50.1307259 
   6.1201717    50.1315589 
   6.1168387    50.1329479 
   6.1148937    50.1348929 
   6.1132277    50.1373929 
   6.1137827    50.1404479 
   6.1154497    50.142948  
   6.1162827    50.146004  
   6.1220997    50.1485025 
   6.1250179    50.1502075 
   6.1246317    50.1505925 
   6.1240308    50.1508675 
   6.1231725    50.1513625 
   6.1219709    50.1515825 
   6.1212843    50.1518574 
   6.1201685    50.1521874 
   6.1193531    50.1525724 
   6.1187523    50.1530674 
   6.1184519    50.1535348 
   6.1179798    50.1540298 
   6.1172502    50.1547722 
   6.1166923    50.1549921 
   6.1160057    50.1550471 
   6.1157911    50.1556246 
   6.1171215    50.1570543 
   6.1222713    50.1600237 
   6.1220997    50.162663  
   6.1134501    50.165202  
   6.0990607    50.1690592 
   6.0948937    50.1698932 
   6.0928004    50.1701546 
   6.0904497    50.1704482 
   6.0851717    50.1707262 
   6.0829497    50.1685042 
   6.0818387    50.1657261 
   6.0812827    50.1626711 
   6.0801717    50.1601711 
   6.0785047    50.1576711 
   6.0768387    50.1551711 
   6.0740607    50.153504  
   6.0701717    50.152115  
   6.0660047    50.151559  
   6.0612827    50.152115  
   6.0573937    50.152948  
   6.0543387    50.154337  
   6.0525101    50.1559723 
   6.0522134    50.1561832 
   6.0514536    50.156133  
   6.051348     50.1564853 
   6.0477214    50.157369  
   6.0432277    50.1576711 
   6.0382277    50.1579481 
   6.0378994    50.1601582 
   6.0356609    50.1613451 
   6.0321495    50.1616441 
   6.0298937    50.1629481 
   6.0287827    50.1657261 
   6.0285047    50.1687822 
   6.0285047    50.1721152 
   6.0279497    50.1751712 
   6.0273937    50.1782262 
   6.0264574    50.180568  
   6.0265607    50.1810043 
   6.0247108    50.1826719 
   6.0185047    50.1815593 
   6.0140607    50.1810043 
   6.0104497    50.1798933 
   6.0071157    50.1785042 
   6.0048937    50.1765592 
   6.0023937    50.1748932 
   5.9990607    50.1735042 
   5.9951515    50.1730677 
   5.9946157    50.1729482 
   5.9898937    50.1723932 
   5.9846157    50.1726712 
   5.9801717    50.1718372 
   5.9765607    50.1710042 
   5.9732277    50.1696152 
   5.9698937    50.1682262 
   5.9679497    50.1662821 
   5.9662827    50.1637821 
   5.9651717    50.1610041 
   5.9643387    50.1579481 
   5.9643387    50.154615  
   5.9645232    50.1535989 
   5.9648937    50.151559  
   5.9648937    50.147948  
   5.9637827    50.145448  
   5.9615607    50.143226  
   5.9593387    50.1412819 
   5.9582277    50.1385039 
   5.9582277    50.1351709 
   5.9573937    50.1321149 
   5.9557277    50.1296148 
   5.9532277    50.1279478 
   5.9493387    50.1268368 
   5.9457277    50.1260038 
   5.9418387    50.1248928 
   5.9379497    50.1240588 
   5.9343387    50.1229478 
   5.9310047    50.1215588 
   5.9279497    50.1201708 
   5.9246157    50.1187818 
   5.9207277    50.1179478 
   5.9176717    50.1165587 
   5.9137827    50.1154477 
   5.9107277    50.1143367 
   5.9068387    50.1132257 
   5.9035047    50.1118367 
   5.9004497    50.1104477 
   5.8971157    50.1090587 
   5.8943387    50.1073927 
   5.8918387    50.1057257 
   5.8896157    50.1037816 
   5.8879497    50.1012816 
   5.8868387    50.0985036 
   5.8862827    50.0954476 
   5.8857277    50.0923925 
   5.8848937    50.0893365 
   5.8843387    50.0862815 
   5.8837827    50.0832255 
   5.8832277    50.0801704 
   5.8832277    50.0768364 
   5.8815607    50.0743364 
   5.8787827    50.0726704 
   5.8757277    50.0712814 
   5.8723937    50.0698924 
   5.8690607    50.0685034 
   5.8654497    50.0676703 
   5.8621157    50.0662813 
   5.8593387    50.0646143 
   5.8568387    50.0629473 
   5.8560625    50.0617833 
   5.8551717    50.0604473 
   5.8546157    50.0573923 
   5.8548937    50.0543362 
   5.8565607    50.0518362 
   5.8585047    50.0498922 
   5.8601717    50.0473922 
   5.8607277    50.0443362 
   5.8607277    50.0415581 
   5.8590607    50.0390581 
   5.8568387    50.0371141 
   5.8562827    50.0340581 
   5.8562827    50.0307251 
   5.8551717    50.027947  
   5.8535047    50.025447  
   5.8507277    50.023781  
   5.8479497    50.022114  
   5.8448937    50.020725  
   5.8415607    50.019336  
   5.8382277    50.018225  
   5.8351717    50.0168359 
   5.8318387    50.0154469 
   5.8285047    50.0140579 
   5.8254497    50.0126699 
   5.8221157    50.0112809 
   5.8198937    50.0093359 
   5.8187827    50.0065579 
   5.8187827    50.0037808 
   5.8187827    50.0004468 
   5.8198937    49.9976698 
   5.8212827    49.9951698 
   5.8223937    49.9923917 
   5.8248937    49.9907247 
   5.8287827    49.9896137 
   5.8323937    49.9887807 
   5.8346157    49.9865577 
   5.8354497    49.9837807 
   5.8348937    49.9807247 
   5.8332277    49.9785026 
   5.8307277    49.9765576 
   5.8279497    49.9748916 
   5.8246157    49.9735026 
   5.8221157    49.9718356 
   5.8187827    49.9707246 
   5.8146157    49.9698916 
   5.8112827    49.9685026 
   5.8090607    49.9665575 
   5.8085047    49.9635025 
   5.8085047    49.9607245 
   5.8062827    49.9587805 
   5.8021157    49.9587805 
   5.7987827    49.9601695 
   5.7962827    49.9618355 
   5.7915607    49.9621135 
   5.7887827    49.9604465 
   5.7865607    49.9585025 
   5.7823937    49.9579465 
   5.7776717    49.9573915 
   5.7748937    49.9557244 
   5.7726717    49.9537804 
   5.7710047    49.9512804 
   5.7698937    49.9487804 
   5.7687827    49.9460024 
   5.7687827    49.9442774 
   5.7687827    49.9423913 
   5.769682     49.9401427 
   5.7698937    49.9396133 
   5.7707277    49.9371133 
   5.7696157    49.9343353 
   5.7676717    49.9321133 
   5.7654497    49.9301692 
   5.7632277    49.9282242 
   5.7598937    49.9268352 
   5.7573937    49.9251692 
   5.7568387    49.9221132 
   5.7562827    49.9190572 
   5.7551717    49.9162801 
   5.7540607    49.9135021 
   5.7523937    49.9110021 
   5.7501717    49.9090571 
   5.7491035    49.9081225 
   5.7479497    49.9071131 
   5.7446157    49.905724  
   5.7421157    49.904057  
   5.7393387    49.902113  
   5.7371157    49.900169  
   5.7361256    49.8994773 
   5.7368981    49.8992561 
   5.7377564    49.8993114 
   5.7387864    49.8993114 
   5.7396447    49.8987032 
   5.7414471    49.8978186 
   5.7441937    49.8967129 
   5.7469403    49.8953306 
   5.7491719    49.8934507 
   5.7524335    49.892013  
   5.7543217    49.8904095 
   5.7557809    49.8899118 
   5.766338     49.8870916 
   5.7800709    49.8852666 
   5.78256      49.8791277 
   5.7828175    49.8755877 
   5.7792126    49.8770258 
   5.7783442    49.875791  
   5.7785407    49.8754285 
   5.7788679    49.875159  
   5.7791224    49.8749972 
   5.7796793    49.8748525 
   5.7801682    49.8746894 
   5.7808174    49.8743821 
   5.7812337    49.8740573 
   5.7822807    49.8740578 
   5.782841     49.8738045 
   5.7835446    49.873588  
   5.7841613    49.8733883 
   5.784394     49.8731905 
   5.784394     49.8728654 
   5.7841981    49.8724857 
   5.7838523    49.8722153 
   5.7834966    49.8720734 
   5.7829854    49.8719444 
   5.7822984    49.8717987 
   5.781649     49.8717458 
   5.7811795    49.8717819 
   5.7806558    49.8717999 
   5.7801863    49.8718541 
   5.7795361    49.8719444 
   5.7789582    49.8719444 
   5.7783986    49.8719249 
   5.7779469    49.8715832 
   5.7776556    49.8712379 
   5.7772787    49.8706261 
   5.7771162    49.870301  
   5.7764119    49.8694703 
   5.7760675    49.8687855 
   5.7758159    49.8683145 
   5.7757256    49.8679895 
   5.7754186    49.8677005 
   5.7749491    49.8676283 
   5.7744434    49.8673935 
   5.7741545    49.8674657 
   5.7739197    49.8677005 
   5.7736871    49.8681528 
   5.7734502    49.8689466 
   5.7730896    49.8699053 
   5.7727987    49.8705908 
   5.7725292    49.8711318 
   5.7721499    49.8716013 
   5.7716984    49.872125  
   5.7710845    49.8723961 
   5.7705246    49.8725946 
   5.7699286    49.8726848 
   5.769441     49.8725584 
   5.7692785    49.8721792 
   5.7692785    49.8718541 
   5.7687909    49.8711137 
   5.7680836    49.8704071 
   5.7673269    49.8698687 
   5.7665639    49.8695791 
   5.7655613    49.8694117 
   5.7644944    49.8693925 
   5.7637819    49.8694603 
   5.7630355    49.8695791 
   5.7624779    49.8699007 
   5.7617633    49.8704103 
   5.760933     49.8711037 
   5.7601687    49.8715638 
   5.7592683    49.8720734 
   5.7584215    49.872395  
   5.757268     49.8726833 
   5.756525     49.8727013 
   5.7556057    49.8725307 
   5.7549441    49.8720896 
   5.7544321    49.8715638 
   5.754111     49.8710532 
   5.7539602    49.8704612 
   5.7539093    49.8697148 
   5.753964     49.8690443 
   5.7541784    49.8684206 
   5.7546005    49.8678226 
   5.7551985    49.8674005 
   5.7558668    49.8669081 
   5.7565011    49.8663427 
   5.7568869    49.8659232 
   5.757097     49.8650773 
   5.7567104    49.864376  
   5.7560075    49.8637072 
   5.7551974    49.8628279 
   5.7547789    49.8623309 
   5.7547421    49.8619826 
   5.7551281    49.861667  
   5.7550226    49.8610339 
   5.7554447    49.8605766 
   5.7561834    49.8606118 
   5.7566432    49.8603307 
   5.7571331    49.8598028 
   5.7574145    49.8590993 
   5.7576959    49.8588179 
   5.7581882    49.8588544 
   5.7583991    49.85857   
   5.7591732    49.8582199 
   5.7597712    49.8575868 
   5.760334     49.857235  
   5.7607913    49.8568129 
   5.7608579    49.856426  
   5.7605099    49.8561094 
   5.7599807    49.8561096 
   5.759453     49.8559923 
   5.7586104    49.8557928 
   5.7579069    49.8557577 
   5.757277     49.855894  
   5.7567813    49.8562149 
   5.755902     49.8564612 
   5.7551599    49.8564888 
   5.7545376    49.8564267 
   5.7539642    49.856023  
   5.7531987    49.8556447 
   5.7526295    49.8552642 
   5.7516317    49.8548354 
   5.751228     49.8543596 
   5.7505861    49.8541749 
   5.7499485    49.8540879 
   5.7490789    49.8538873 
   5.7478343    49.8533136 
   5.7475011    49.8529258 
   5.7474679    49.8525032 
   5.7478015    49.8520888 
   5.7486261    49.8519287 
   5.7491432    49.8516049 
   5.7496045    49.8514735 
   5.750186     49.8518699 
   5.7504505    49.8519781 
   5.7509022    49.8518467 
   5.7514284    49.8515288 
   5.7523404    49.8515496 
   5.752975     49.8518304 
   5.7537566    49.8519093 
   5.754742     49.8517703 
   5.7554839    49.8512867 
   5.7564259    49.8505389 
   5.7577263    49.849751  
   5.7582616    49.8491837 
   5.7583834    49.8487863 
   5.7583373    49.847945  
   5.7583147    49.846983  
   5.7581334    49.8463607 
   5.7577799    49.8459944 
   5.7572638    49.8455928 
   5.7566078    49.8453711 
   5.7554839    49.8451227 
   5.7543553    49.844838  
   5.7530699    49.8451711 
   5.7525533    49.8454752 
   5.7520829    49.8461674 
   5.7513614    49.8472875 
   5.750752     49.8473234 
   5.7497713    49.8470788 
   5.7488615    49.8467923 
   5.748255     49.8460456 
   5.7480308    49.8452647 
   5.7481568    49.844308  
   5.7486326    49.843404  
   5.7491868    49.8429424 
   5.7498149    49.8424507 
   5.7505009    49.8418867 
   5.7513304    49.8406522 
   5.7512944    49.8397357 
   5.7503556    49.8389355 
   5.7494993    49.8388899 
   5.7485168    49.8384662 
   5.7472181    49.8384611 
   5.7462654    49.8387486 
   5.7455024    49.8391749 
   5.7450383    49.8394457 
   5.7444147    49.8397185 
   5.7436352    49.8399329 
   5.7429122    49.8398506 
   5.7422711    49.8395236 
   5.741667     49.8390754 
   5.7411577    49.8385843 
   5.7410823    49.8378866 
   5.7412187    49.8371461 
   5.7411181    49.8367368 
   5.7410042    49.8360921 
   5.7408294    49.835556  
   5.740672     49.835092  
   5.7404766    49.8345668 
   5.7395197    49.8336058 
   5.7401318    49.8331948 
   5.7436681    49.8315394 
   5.74408      49.8310633 
   5.7443375    49.8305263 
   5.744698     49.8296238 
   5.7449907    49.8293101 
   5.7458143    49.827958  
   5.7462091    49.8263855 
   5.7468361    49.825761  
   5.7474623    49.8248573 
   5.7477283    49.8241762 
   5.747591     49.8236058 
   5.7472648    49.8231462 
   5.746604     49.8227088 
   5.7456169    49.8222215 
   5.7447332    49.8210709 
   5.7418387    49.8187794 
   5.7418387    49.8154453 
   5.7421157    49.8123903 
   5.7432277    49.8096123 
   5.7448937    49.8071123 
   5.7457277    49.8046122 
   5.7462827    49.8012792 
   5.7468387    49.7982232 
   5.7468387    49.7948902 
   5.7482277    49.7923901 
   5.7510047    49.7907231 
   5.7551717    49.7901681 
   5.7598937    49.7896121 
   5.7651717    49.7896121 
   5.7690607    49.7907231 
   5.7721157    49.7921121 
   5.7748937    49.7937792 
   5.7773937    49.7954452 
   5.7823937    49.7957232 
   5.7854497    49.7943342 
   5.7876717    49.7921121 
   5.7885047    49.7893341 
   5.7890607    49.7862791 
   5.7896157    49.7832231 
   5.7904497    49.780445  
   5.7921157    49.778223  
   5.7937827    49.775723  
   5.7951717    49.773223  
   5.7979497    49.771556  
   5.7998937    49.769612  
   5.8021157    49.7673899 
   5.8046157    49.7657229 
   5.8062827    49.7632229 
   5.8076717    49.7610009 
   5.8098937    49.7587789 
   5.8112827    49.7562789 
   5.8129497    49.7540558 
   5.8154497    49.7523898 
   5.8182277    49.7504448 
   5.8207277    49.7487788 
   5.8223937    49.7462788 
   5.8237827    49.7440558 
   5.8248937    49.7412787 
   5.8248937    49.7376677 
   5.8243387    49.7346117 
   5.8237827    49.7315557 
   5.8226717    49.7287786 
   5.8223937    49.7254446 
   5.8250039    49.723669  
   5.82528      49.7234812 
   5.8268249    49.7232593 
   5.8299148    49.7234257 
   5.8355797    49.7236477 
   5.8372104    49.7222605 
   5.8367126    49.7217167 
   5.838927     49.7208178 
   5.8426178    49.7205403 
   5.8457077    49.7207623 
   5.8486259    49.7223715 
   5.8520591    49.7231483 
   5.8554497    49.7232226 
   5.8601717    49.7235006 
   5.8643387    49.7226676 
   5.8673937    49.7212786 
   5.8696157    49.7193336 
   5.8723498    49.7183714 
   5.8755255    49.7173725 
   5.8787012    49.7139872 
   5.8861685    49.7097691 
   5.8835936    49.7079375 
   5.881877     49.7059947 
   5.8782721    49.7033858 
   5.8762121    49.7009433 
   5.8722639    49.6992223 
   5.8680582    49.6960024 
   5.8669424    49.693615  
   5.8644533    49.6902836 
   5.86308      49.6881735 
   5.8593387    49.6868333 
   5.8577613    49.6844677 
   5.8576717    49.6843333 
   5.8588558    49.6822688 
   5.8613878    49.6806027 
   5.8630615    49.6782979 
   5.8637052    49.6771593 
   5.8658939    49.6758263 
   5.8709579    49.6749654 
   5.8739399    49.6733866 
   5.8747344    49.6729658 
   5.8776527    49.6736879 
   5.8802276    49.6720216 
   5.882588     49.6703274 
   5.886107     49.6681609 
   5.8877378    49.667911  
   5.889669     49.6698552 
   5.8910423    49.6675499 
   5.8925872    49.6660222 
   5.8957201    49.6676332 
   5.9005327    49.6684501 
   5.9108324    49.6653392 
   5.9115191    49.6626725 
   5.9065409    49.6617836 
   5.9037943    49.6587833 
   5.9036226    49.6553384 
   5.9032793    49.6532269 
   5.902936     49.6495593 
   5.903451     49.6458914 
   5.9044809    49.6423344 
   5.9077425    49.6394441 
   5.9073891    49.6388948 
   5.9068842    49.6381101 
   5.9051676    49.6373319 
   5.903451     49.6364425 
   5.8998461    49.6346637 
   5.8948679    49.636109  
   5.8892031    49.6356643 
   5.8830233    49.6326624 
   5.8825083    49.6305499 
   5.8861132    49.627659  
   5.8850832    49.6268806 
   5.8825083    49.6256574 
   5.88062      49.623767  
   5.8778734    49.6222101 
   5.8749552    49.6193187 
   5.8740969    49.6164271 
   5.8737536    49.6127567 
   5.8727236    49.6085298 
   5.8703203    49.6079736 
   5.8672304    49.6070837 
   5.8658571    49.6066388 
   5.8641405    49.6048588 
   5.8596773    49.6030789 
   5.8565874    49.6011876 
   5.8507509    49.5989624 
   5.847661     49.5961809 
   5.8471157    49.5923885 
   5.8471157    49.5896105 
   5.8496157    49.5879435 
   5.8543387    49.5882215 
   5.8582277    49.5890545 
   5.8629497    49.5887775 
   5.8660047    49.5873885 
   5.8676717    49.5848885 
   5.8665607    49.5821105 
   5.8643387    49.5801664 
   5.8639748    49.5781662 
   5.8637827    49.5771104 
   5.8643387    49.5740544 
   5.8621968    49.5709127 
   5.8604497    49.5696104 
   5.8573937    49.5682213 
   5.8546157    49.5665543 
   5.8523937    49.5646103 
   5.8501717    49.5623883 
   5.8482277    49.5604433 
   5.8460047    49.5584993 
   5.8437827    49.5562773 
   5.8415607    49.5543322 
   5.8401717    49.5518322 
   5.8377585    49.551542  
   5.8329949    49.551013  
   5.8286175    49.5504562 
   5.8250984    49.5486742 
   5.8218369    49.5474769 
   5.8188328    49.5464467 
   5.8185285    49.546386  
   5.8181048    49.5459159 
   5.8179016    49.5457655 
   5.8146606    49.5446694 
   5.8139782    49.544455  
   5.8106317    49.5435232 
   5.8105267    49.5435107 
   5.8105227    49.5434313 
   5.8104636    49.5433383 
   5.8104642    49.5432205 
   5.8104292    49.5431902 
   5.808359     49.5426188 
   5.808288     49.5426098 
   5.8082217    49.5426284 
   5.8080788    49.5425894 
   5.8085054    49.5409339 
   5.8118546    49.5420281 
   5.8118877    49.5420193 
   5.8120883    49.5418558 
   5.8123342    49.5419094 
   5.8124432    49.5419108 
   5.8126521    49.5418454 
   5.8128394    49.5417391 
   5.8130311    49.5415533 
   5.8131533    49.5415409 
   5.8132664    49.5415014 
   5.8139901    49.5405674 
   5.8141729    49.5401431 
   5.8142214    49.5400829 
   5.8146035    49.5397761 
   5.8146673    49.5397499 
   5.8153537    49.5391764 
   5.8153347    49.5390003 
   5.8153017    49.5389597 
   5.8153223    49.5387722 
   5.8153977    49.5386018 
   5.8153888    49.5385348 
   5.8159372    49.5375581 
   5.8159674    49.5375332 
   5.8171564    49.5377349 
   5.8171325    49.5370415 
   5.817164     49.5370619 
   5.8186718    49.5373305 
   5.8204852    49.5378062 
   5.8215123    49.5380424 
   5.8219515    49.5382581 
   5.8224894    49.5385767 
   5.8224968    49.5384546 
   5.8226483    49.5382063 
   5.8226933    49.5380717 
   5.8235665    49.538525  
   5.8237521    49.5386405 
   5.824449     49.53918   
   5.8278075    49.5400484 
   5.8279627    49.5400987 
   5.8279996    49.5401736 
   5.8279545    49.5402563 
   5.8279519    49.5403172 
   5.8280843    49.5403854 
   5.8287904    49.5406403 
   5.8292228    49.5407746 
   5.8304108    49.5409852 
   5.8306708    49.5410142 
   5.8317946    49.5412284 
   5.8321253    49.5413517 
   5.8334935    49.541729  
   5.8335699    49.5416969 
   5.8337601    49.5417708 
   5.8339234    49.5417967 
   5.8341194    49.5419073 
   5.8348895    49.5422183 
   5.8353487    49.5423448 
   5.8364214    49.542579  
   5.8366886    49.5426165 
   5.836982     49.5426314 
   5.8376207    49.5411257 
   5.8391327    49.5373404 
   5.8422608    49.5340846 
   5.8434686    49.5329382 
   5.8458806    49.5299011 
   5.8457545    49.5298802 
   5.8449627    49.5298117 
   5.8443036    49.529702  
   5.8436515    49.5295568 
   5.8432315    49.5295117 
   5.8411398    49.5288302 
   5.8401934    49.5284402 
   5.8400596    49.5283583 
   5.8399334    49.5283282 
   5.8396853    49.528208  
   5.8392433    49.5280412 
   5.8389872    49.527963  
   5.838743     49.5278346 
   5.838607     49.5277932 
   5.8381608    49.5277091 
   5.8377913    49.5277096 
   5.8376595    49.5276463 
   5.83616      49.5274234 
   5.8360871    49.5274246 
   5.8358497    49.5273762 
   5.8354514    49.5272113 
   5.8348108    49.5270402 
   5.8343483    49.526627  
   5.8342345    49.5264329 
   5.834213     49.5263451 
   5.8342197    49.5262364 
   5.8343245    49.5259127 
   5.8343819    49.5255484 
   5.8344123    49.5243872 
   5.8343641    49.5243466 
   5.8343713    49.5237106 
   5.8346094    49.5237682 
   5.834728     49.5228888 
   5.8352533    49.5229553 
   5.8357138    49.5226534 
   5.8357017    49.5223491 
   5.8357318    49.5222225 
   5.8357032    49.5221473 
   5.8357704    49.5219252 
   5.8359352    49.5218547 
   5.8360021    49.5217612 
   5.836038     49.5215736 
   5.8359881    49.5214435 
   5.8360203    49.5213981 
   5.8361618    49.5212953 
   5.8361103    49.5212134 
   5.8360253    49.5211873 
   5.8359565    49.5211052 
   5.8358338    49.5210673 
   5.8357718    49.5210108 
   5.8357614    49.5209553 
   5.8357876    49.5209338 
   5.8357419    49.5208591 
   5.8357755    49.5208236 
   5.8358875    49.5207925 
   5.835911     49.5207702 
   5.8358819    49.5206723 
   5.8359884    49.5203962 
   5.8359558    49.5203213 
   5.8360105    49.5202106 
   5.8359905    49.5201475 
   5.8359592    49.5200097 
   5.8360116    49.5199243 
   5.8360461    49.5199156 
   5.836271     49.5196978 
   5.8363612    49.5196596 
   5.8371821    49.5194843 
   5.8374504    49.5194072 
   5.8375428    49.5193965 
   5.8376406    49.5194064 
   5.8379009    49.5195475 
   5.8380031    49.5195688 
   5.8381621    49.5195347 
   5.8384605    49.5193649 
   5.8385495    49.5192231 
   5.8386498    49.519193  
   5.8387898    49.5190753 
   5.838975     49.5189729 
   5.8390865    49.5188046 
   5.8393778    49.5187123 
   5.8394693    49.5186631 
   5.8395646    49.5185634 
   5.8396166    49.5184655 
   5.8397152    49.5181665 
   5.8396273    49.518032  
   5.8396687    49.5179679 
   5.8397533    49.5179326 
   5.839915     49.5179094 
   5.8399498    49.5178809 
   5.8398984    49.5177648 
   5.8400765    49.5175971 
   5.8401939    49.5175211 
   5.8411403    49.5170376 
   5.841268     49.5169404 
   5.8414067    49.5169031 
   5.8415403    49.516891  
   5.8417533    49.5169276 
   5.842046     49.5168925 
   5.8421161    49.5168709 
   5.842199     49.5168124 
   5.8423298    49.5166747 
   5.8427249    49.5165313 
   5.84283      49.5165198 
   5.843045     49.5165849 
   5.8430938    49.5165868 
   5.8433137    49.5165142 
   5.8434591    49.5164226 
   5.8434496    49.5162964 
   5.8434706    49.5162432 
   5.8435194    49.516207  
   5.8438216    49.5160866 
   5.8440379    49.5159563 
   5.8445481    49.5158905 
   5.8447183    49.5158419 
   5.8449924    49.5157334 
   5.8450739    49.5157146 
   5.8451595    49.5157215 
   5.845361     49.5157832 
   5.8454446    49.5157921 
   5.8456977    49.5157421 
   5.8462315    49.5156017 
   5.8464731    49.5154626 
   5.8466311    49.5153153 
   5.8467577    49.5152585 
   5.8468849    49.5152509 
   5.8470562    49.515262  
   5.8471672    49.5152522 
   5.8473206    49.5151374 
   5.8474807    49.5151059 
   5.8477408    49.5150915 
   5.8478111    49.5150711 
   5.8479007    49.5149838 
   5.8479635    49.5147869 
   5.848017     49.5147483 
   5.848246     49.5146934 
   5.8484679    49.5145605 
   5.8485238    49.5145013 
   5.8485338    49.5143673 
   5.8487523    49.514145  
   5.8488537    49.51386   
   5.8488418    49.5138261 
   5.8487365    49.5138282 
   5.8487407    49.5137747 
   5.8488703    49.5136755 
   5.8490415    49.5134361 
   5.8490225    49.5131566 
   5.8490797    49.513044  
   5.8490891    49.5128841 
   5.8492299    49.5127579 
   5.8490854    49.5126625 
   5.8490869    49.5125147 
   5.8490416    49.5123446 
   5.8490808    49.5121678 
   5.8489802    49.5119998 
   5.8490618    49.5117417 
   5.8490018    49.5115649 
   5.849059     49.5114058 
   5.8489801    49.5110733 
   5.849034     49.5109734 
   5.8490157    49.5108559 
   5.8490363    49.5106139 
   5.8489712    49.5105483 
   5.8489851    49.5105167 
   5.8490668    49.5104696 
   5.8492519    49.5103084 
   5.8493718    49.5102451 
   5.8494225    49.5101763 
   5.8494872    49.509973  
   5.8495521    49.5099007 
   5.8495533    49.5098392 
   5.8495114    49.5097241 
   5.849536     49.5096653 
   5.8496508    49.5096346 
   5.8497126    49.5095319 
   5.8497878    49.5094656 
   5.8497981    49.5094238 
   5.8497025    49.5091633 
   5.8498386    49.5089854 
   5.8501496    49.5087038 
   5.8505854    49.5083754 
   5.8506079    49.5083223 
   5.850712     49.5082429 
   5.8508371    49.5081942 
   5.8512925    49.5080769 
   5.8513764    49.508077  
   5.8515109    49.5081379 
   5.8515778    49.5081488 
   5.8516947    49.5081291 
   5.8521159    49.5079645 
   5.8521752    49.5078921 
   5.8523143    49.5078244 
   5.8523942    49.5077131 
   5.8524778    49.507675  
   5.8526993    49.5076505 
   5.8528027    49.5075946 
   5.8529039    49.5074766 
   5.8529951    49.5074449 
   5.8532675    49.5072854 
   5.8533072    49.5072773 
   5.8533476    49.5073033 
   5.8533804    49.5074105 
   5.8537701    49.5074016 
   5.8538557    49.5073551 
   5.8538984    49.5073043 
   5.8539206    49.5072269 
   5.853954     49.5072017 
   5.8542222    49.5071786 
   5.8542634    49.5071393 
   5.8542997    49.5070516 
   5.8543581    49.5070305 
   5.8544442    49.5070305 
   5.8546225    49.5070605 
   5.8547061    49.5070573 
   5.8547795    49.5070121 
   5.8548636    49.5068632 
   5.854953     49.5067832 
   5.8550171    49.5067592 
   5.8550791    49.5067565 
   5.8551164    49.5067769 
   5.8551794    49.5069207 
   5.8552166    49.5069358 
   5.8552777    49.5069109 
   5.8552978    49.5068363 
   5.8553253    49.5068148 
   5.8554403    49.5067867 
   5.8555609    49.5067792 
   5.8557613    49.5068052 
   5.8558261    49.506775  
   5.8559304    49.5066467 
   5.855983     49.5066308 
   5.8560349    49.5066662 
   5.8561357    49.5066514 
   5.8561782    49.5066591 
   5.8562245    49.5067392 
   5.8563137    49.506729  
   5.8563704    49.5066831 
   5.8564083    49.5065582 
   5.856453     49.5065083 
   5.8565786    49.5064808 
   5.8566599    49.506486  
   5.8568387    49.5065545 
   5.8569301    49.5065555 
   5.8569697    49.5064844 
   5.8571973    49.5064027 
   5.8573452    49.5063892 
   5.8573643    49.506507  
   5.8574515    49.5065224 
   5.8575939    49.5064893 
   5.8577124    49.5064147 
   5.8578388    49.5063006 
   5.8582953    49.5062293 
   5.8585167    49.5061586 
   5.8587575    49.506051  
   5.8590162    49.5060689 
   5.8590706    49.50603   
   5.8590597    49.5059963 
   5.8590036    49.5059525 
   5.8589872    49.5058813 
   5.8589173    49.5057987 
   5.8590066    49.5056872 
   5.8590281    49.5056252 
   5.8592215    49.505555  
   5.8592468    49.5055195 
   5.8591962    49.5054639 
   5.8591879    49.5054229 
   5.8592301    49.5052926 
   5.8593885    49.5052236 
   5.8594397    49.5051775 
   5.8595029    49.5050546 
   5.8595184    49.504944  
   5.8594642    49.5048524 
   5.8594798    49.5047792 
   5.8596481    49.5046124 
   5.8597197    49.5044095 
   5.8597658    49.5043632 
   5.8600728    49.5042157 
   5.8602356    49.5040887 
   5.8602215    49.5040354 
   5.8604689    49.5038944 
   5.8605669    49.5038703 
   5.8606089    49.5038389 
   5.8606635    49.5037472 
   5.8607955    49.5036721 
   5.8610633    49.5036975 
   5.8611487    49.5036835 
   5.8611708    49.5036609 
   5.8611512    49.5035761 
   5.8611671    49.5035419 
   5.8612433    49.5035254 
   5.8613356    49.5034399 
   5.8613952    49.50342   
   5.8615292    49.5034155 
   5.8616128    49.5033807 
   5.8617801    49.503417  
   5.8618292    49.5034156 
   5.8619203    49.5033819 
   5.8619893    49.5033334 
   5.8620889    49.5030977 
   5.8621099    49.5029868 
   5.8620855    49.5028282 
   5.8621203    49.5027762 
   5.8621416    49.5026414 
   5.8621731    49.5025769 
   5.8622153    49.5023097 
   5.862292     49.5022685 
   5.8623003    49.5021582 
   5.8623597    49.5020632 
   5.8625985    49.501862  
   5.8633846    49.5013822 
   5.8636846    49.5012326 
   5.8638892    49.5010993 
   5.8642319    49.5009456 
   5.8643946    49.5010425 
   5.8650944    49.5006624 
   5.865365     49.5004816 
   5.8657103    49.5001671 
   5.8659206    49.5000153 
   5.8660026    49.4999823 
   5.8661453    49.4999598 
   5.8665271    49.4999559 
   5.8666329    49.5000223 
   5.8668125    49.5000243 
   5.8669729    49.5000035 
   5.868235     49.499683  
   5.8686262    49.4995668 
   5.8694053    49.4992966 
   5.8694798    49.4992838 
   5.8700039    49.4994136 
   5.8719041    49.5002917 
   5.8724548    49.4996454 
   5.8723426    49.4993068 
   5.8724605    49.4990595 
   5.8725517    49.4989606 
   5.872969     49.4986232 
   5.8736359    49.4984295 
   5.8738127    49.4984228 
   5.874363     49.4984525 
   5.8749381    49.4983972 
   5.8754714    49.4983942 
   5.8755144    49.498382  
   5.8755669    49.4982591 
   5.8771099    49.4984835 
   5.8773433    49.4985322 
   5.8778864    49.498721  
   5.8784761    49.4989486 
   5.8786965    49.4990032 
   5.8787909    49.4989981 
   5.8788423    49.498981  
   5.8788961    49.4988348 
   5.8789233    49.4988144 
   5.8793897    49.4988896 
   5.8799152    49.4989488 
   5.8807318    49.4990776 
   5.8813156    49.4991421 
   5.881802     49.4992191 
   5.8819906    49.4991981 
   5.884291     49.4987883 
   5.8849813    49.4988221 
   5.8850967    49.4988154 
   5.8869667    49.4983276 
   5.8872177    49.4982071 
   5.8873856    49.4981027 
   5.8876866    49.497872  
   5.8883858    49.4972609 
   5.8887683    49.4969933 
   5.8891169    49.4968547 
   5.889359     49.4967985 
   5.8895539    49.4967746 
   5.8900748    49.4967463 
   5.8913241    49.4968406 
   5.8919211    49.496862  
   5.892906     49.4969878 
   5.8933286    49.4969084 
   5.8933256    49.4970335 
   5.8954259    49.4986031 
   5.896389     49.498611  
   5.901111     49.498333  
   5.9055476    49.4999157 
   5.9086976    49.5017217 
   5.9090627    49.5017725 
   5.9131735    49.5020758 
   5.9155201    49.5015855 
   5.9172895    49.500958  
   5.9187799    49.500576  
   5.9200005    49.5003608 
   5.9205794    49.501133  
   5.9225691    49.5005107 
   5.9237879    49.4995276 
   5.9258755    49.4989923 
   5.9276097    49.4985475 
   5.9291255    49.499695  
   5.9305143    49.5007467 
   5.9320815    49.5000033 
   5.9324531    49.4997308 
   5.9342068    49.5007029 
   5.9348405    49.5003861 
   5.9359248    49.5009614 
   5.9367838    49.5009834 
   5.9381269    49.5010226 
   5.9397517    49.5011683 
   5.9404574    49.5009938 
   5.9417297    49.5006758 
   5.9430885    49.5002892 
   5.9426672    49.4995868 
   5.9426828    49.4993363 
   5.9422088    49.4988395 
   5.9419365    49.4981466 
   5.9423218    49.4975493 
   5.9424275    49.4971531 
   5.9428329    49.4963232 
   5.9437752    49.4952965 
   5.9443971    49.4957664 
   5.9436384    49.4968729 
   5.9434238    49.4975324 
   5.9440669    49.4976108 
   5.9452283    49.4977393 
   5.9461784    49.4976997 
   5.9462643    49.4970989 
   5.9490777    49.4965799 
   5.9488776    49.4959716 
   5.951098     49.4953012 
   5.9520149    49.4942665 
   5.9544699    49.4942105 
   5.9551646    49.4931982 
   5.9569041    49.4936649 
   5.9583659    49.4933323 
   5.9589749    49.4934436 
   5.9603516    49.4932275 
   5.9619129    49.4930947 
   5.9636519    49.4930418 
   5.9646768    49.4931069 
   5.9650366    49.4929434 
   5.9654474    49.4921207 
   5.9659446    49.492245  
   5.9660827    49.4914884 
   5.9678803    49.4916455 
   5.9678239    49.4918607 
   5.9690186    49.491674  
   5.9696922    49.49136   
   5.9705552    49.4914833 
   5.9722114    49.491491  
   5.9732336    49.4901005 
   5.9738128    49.4892446 
   5.9707233    49.4885024 
   5.9702086    49.4881663 
   5.968229     49.4870191 
   5.9691303    49.4852348 
   5.9705465    49.4826977 
   5.9739797    49.4811921 
   5.9754388    49.4783202 
   5.9740655    49.476201  
   5.969722     49.475556  
   5.9725635    49.4742769 
   5.9721275    49.4724199 
   5.9738375    49.4699506 
   5.9744947    49.4672491 
   5.9747522    49.4650458 
   5.9765975    49.4627029 
   5.9784429    49.4617824 
   5.980417     49.461113  
   5.9813611    49.4633723 
   5.9871976    49.4623682 
   5.9874122    49.4603877 
   5.9863822    49.4574588 
   5.981073     49.4562157 
   5.981111     49.453611  
   5.978333     49.451667  
   5.9783142    49.4496753 
   5.9812753    49.4493126 
   5.9842365    49.4503449 
   5.9876697    49.4516004 
   5.9903304    49.4527721 
   5.9932487    49.454167  
   5.9975831    49.4565103 
   6.0008876    49.4565382 
   6.00372      49.4550318 
   6.0056717    49.454092  
   6.0090984    49.4524601 
   6.0120232    49.4530877 
   6.0127676    49.4526693 
   6.0152847    49.453562  
   6.0216791    49.4543152 
   6.0265286    49.4543431 
   6.0277529    49.455223  
   6.0288031    49.45465   
   6.0280319    49.4541294 
   6.0270662    49.4535492 
   6.0259278    49.4519439 
   6.0259295    49.4507395 
   6.0267449    49.4501676 
   6.0290623    49.4498746 
   6.0325492    49.449477  
   6.0340405    49.449198  
   6.0376132    49.4477611 
   6.040556     49.447222  
   6.0415975    49.4477968 
   6.0421152    49.4484219 
   6.0423943    49.4488046 
   6.0429171    49.4496851 
   6.0436703    49.4508118 
   6.043701     49.4508339 
   6.0437104    49.4508489 
   6.0440888    49.4514199 
   6.0446192    49.4523062 
   6.0447716    49.4524497 
   6.0451639    49.4527609 
   6.0456556    49.4532837 
   6.0458129    49.4535349 
   6.0460877    49.4540494 
   6.0465012    49.4545834 
   6.0468436    49.4550729 
   6.0468735    49.4555043 
   6.0469054    49.4555772 
   6.0491063    49.4583197 
   6.0496052    49.4591039 
   6.0498935    49.4597475 
   6.0500633    49.4601084 
   6.0524454    49.4631394 
   6.0530236    49.4639296 
   6.0531108    49.4639919 
   6.0544404    49.4645944 
   6.0559432    49.4649023 
   6.0564648    49.4651316 
   6.0569919    49.4653928 
   6.0571324    49.4654736 
   6.0572196    49.4655503 
   6.0579988    49.4664735 
   6.05891      49.4661541 
   6.0598185    49.4658618 
   6.060891     49.4655428 
   6.0618408    49.4652845 
   6.063672     49.4650257 
   6.0653022    49.4650065 
   6.0660159    49.4648749 
   6.0662792    49.464842  
   6.0678445    49.4648554 
   6.0695751    49.465009  
   6.0701852    49.4652257 
   6.0716651    49.4656214 
   6.0720011    49.4656756 
   6.0722569    49.4656586 
   6.0725889    49.4655108 
   6.0726968    49.4654445 
   6.0727697    49.4653577 
   6.0733131    49.4647111 
   6.0733633    49.4646514 
   6.0734318    49.4645301 
   6.0735961    49.4639997 
   6.0737087    49.463696  
   6.0737363    49.4636718 
   6.0758805    49.4638272 
   6.0763762    49.4638364 
   6.0776184    49.4638278 
   6.0783606    49.4639339 
   6.0789614    49.4634876 
   6.0791898    49.4631603 
   6.0790901    49.4629855 
   6.0790472    49.4626229 
   6.079133     49.4623719 
   6.0792618    49.4620372 
   6.0794334    49.4614514 
   6.079513     49.4604392 
   6.0794989    49.46035   
   6.0797768    49.4602241 
   6.0799484    49.4600289 
   6.0803259    49.4597279 
   6.0803744    49.4597161 
   6.0806298    49.4585778 
   6.0809876    49.4585623 
   6.080952     49.4584533 
   6.0809732    49.4584266 
   6.0816812    49.4582114 
   6.0823733    49.4579641 
   6.0829811    49.4576959 
   6.0830142    49.4576722 
   6.083021     49.4576295 
   6.083108     49.4575694 
   6.084064     49.4570154 
   6.0845641    49.4567442 
   6.0846266    49.4567387 
   6.0847227    49.456798  
   6.0847952    49.4567764 
   6.0855352    49.4563764 
   6.0859323    49.4561415 
   6.0859107    49.4560938 
   6.0855673    49.4557881 
   6.0855485    49.4557551 
   6.0855712    49.455727  
   6.0860082    49.4554915 
   6.0864416    49.4552902 
   6.0875816    49.4548414 
   6.0879619    49.4547251 
   6.0884288    49.4546499 
   6.0890246    49.4545874 
   6.0902621    49.4544911 
   6.0902842    49.4544691 
   6.0902908    49.4543371 
   6.0903247    49.4543115 
   6.0921051    49.4542716 
   6.094444     49.454167  
   6.0990617    49.4543108 
   6.1010358    49.4548688 
   6.1010358    49.4562915 
   6.1010787    49.4580768 
   6.1000917    49.4592484 
   6.09889      49.4613126 
   6.0991905    49.4619262 
   6.0987184    49.4633766 
   6.098889     49.465     
   6.100556     49.4675    
   6.103611     49.468889  
   6.108889     49.468889  
   6.114167     49.468611  
   6.118056     49.469722  
   6.12         49.471667  
   6.121111     49.474444  
   6.1233004    49.4773292 
   6.1258324    49.4806473 
   6.1271628    49.482376  
   6.1269911    49.487478  
   6.1269482    49.4890392 
   6.1268382    49.4901333 
   6.1281498    49.493583  
   6.1314972    49.4909348 
   6.1355312    49.4906561 
   6.138333     49.490833  
   6.1421442    49.4922108 
   6.142741     49.4903216 
   6.146389     49.491667  
   6.1531127    49.491739  
   6.1528111    49.4927557 
   6.1534943    49.492889  
   6.1550358    49.493312  
   6.1553231    49.4932505 
   6.1558458    49.4933968 
   6.1567669    49.4922944 
   6.1573605    49.4914789 
   6.1586903    49.4916296 
   6.1594224    49.4917732 
   6.1617793    49.4926925 
   6.1623909    49.4935017 
   6.1622733    49.4938259 
   6.1618441    49.4940243 
   6.161219     49.4944445 
   6.1611084    49.4943947 
   6.1606716    49.4949055 
   6.1603659    49.4953133 
   6.1595827    49.495866  
   6.1589874    49.4960873 
   6.1583745    49.4961672 
   6.1581137    49.4962852 
   6.1578462    49.4964946 
   6.157397     49.4967441 
   6.1567415    49.4973593 
   6.1562643    49.4979672 
   6.1557976    49.4986478 
   6.1548484    49.5000809 
   6.1545319    49.5005747 
   6.1544158    49.5008227 
   6.1538556    49.5016255 
   6.1548006    49.5020575 
   6.1546853    49.5021573 
   6.1555531    49.5028215 
   6.1560551    49.5035549 
   6.1559577    49.5036786 
   6.1565379    49.5040106 
   6.1570955    49.5042262 
   6.1573623    49.5039761 
   6.1583173    49.5042841 
   6.1585577    49.5040105 
   6.1615708    49.5048954 
   6.1616126    49.5049031 
   6.1616343    49.5049204 
   6.1617044    49.5049276 
   6.1617963    49.5046087 
   6.1619303    49.5042276 
   6.1619989    49.5041634 
   6.1634502    49.5044731 
   6.1639444    49.5046842 
   6.1643465    49.5048978 
   6.1652904    49.5055072 
   6.1655364    49.505586  
   6.1661726    49.5058098 
   6.1676166    49.5063179 
   6.1679348    49.5064298 
   6.1682874    49.5066031 
   6.1686339    49.5068011 
   6.1693355    49.5070933 
   6.1699382    49.5073067 
   6.170317     49.5074915 
   6.1709276    49.5076676 
   6.1713562    49.5078588 
   6.1721071    49.5081938 
   6.1733352    49.5092349 
   6.1736316    49.5094862 
   6.1743358    49.5099383 
   6.1748882    49.5102929 
   6.1750111    49.5103181 
   6.1751426    49.5103451 
   6.1760193    49.5102658 
   6.1763416    49.5102191 
   6.1768222    49.5099955 
   6.1768704    49.5088513 
   6.1766137    49.508628  
   6.17814      49.5072262 
   6.1782971    49.50695   
   6.1802114    49.5072563 
   6.1804385    49.5076215 
   6.1808297    49.5080686 
   6.1812284    49.5079732 
   6.1823019    49.5078475 
   6.1832254    49.5076899 
   6.1863964    49.5069942 
   6.1872406    49.5068448 
   6.1883192    49.5064215 
   6.1899927    49.5062264 
   6.1913153    49.5060326 
   6.1917186    49.5060299 
   6.1927813    49.5061906 
   6.1927996    49.506174  
   6.1931195    49.5062359 
   6.1939879    49.5063157 
   6.1940391    49.5062456 
   6.1952336    49.5064199 
   6.1957438    49.5053964 
   6.1995454    49.5062679 
   6.2024782    49.5070312 
   6.2029322    49.5070073 
   6.2053181    49.5066143 
   6.2055273    49.5066301 
   6.2076174    49.5062672 
   6.2093301    49.5062264 
   6.211498     49.5063313 
   6.2129882    49.506292  
   6.2144894    49.5063733 
   6.2167277    49.5067735 
   6.2172259    49.5069309 
   6.2170409    49.5078676 
   6.2173023    49.507891  
   6.2168199    49.5087808 
   6.2172237    49.5089527 
   6.2175698    49.5079105 
   6.2177653    49.5070243 
   6.2209734    49.5076474 
   6.225265     49.5087621 
   6.2295565    49.5095423 
   6.2344347    49.5092658 
   6.239722     49.507778  
   6.243889     49.506944  
   6.2475       49.506111  
   6.250556     49.504722  
   6.254444     49.503611  
   6.2596398    49.503382  
   6.2644129    49.503662  
   6.2662916    49.5037722 
   6.2717617    49.5044766 
   6.2773638    49.5028525 
   6.2789444    49.5019136 
   6.2792705    49.500927  
   6.2781792    49.4991736 
   6.2780861    49.4964006 
   6.2788414    49.4945051 
   6.280556     49.493056  
   6.2828497    49.492671  
   6.2849525    49.4925427 
   6.2872528    49.4934905 
   6.2883858    49.4937302 
   6.2885145    49.4928772 
   6.2881369    49.4921991 
   6.2863087    49.4922807 
   6.284695     49.4918458 
   6.2841801    49.4909705 
   6.2849182    49.4898945 
   6.2854       49.4892538 
   6.2861885    49.4882051 
   6.287778     49.4875    
   6.289722     49.485278  
   6.293889     49.484444  
   6.298056     49.483889  
   6.299167     49.481111  
   6.3          49.478333  
   6.302778     49.476667  
   6.306389     49.475556  
   6.310556     49.474722  
   6.314722     49.474167  
   6.319444     49.473611  
   6.323056     49.4725    
   6.3289054    49.4729396 
   6.330622     49.4700951 
   6.3393159    49.4691806 
   6.3426383    49.469119  
   6.34384      49.4679755 
   6.3472732    49.4662743 
   6.3495906    49.4669715 
   6.3514789    49.46633   
   6.3558134    49.4639314 
   6.3592895    49.4623694 
   6.3644372    49.4608175 
   6.3686265    49.4606065 
   6.36697      49.4679531 
   6.3673728    49.4695997 
   6.3677838    49.4715915 
   6.3680007    49.475887  
   6.3679077    49.4809904 
   6.3680637    49.4822763 
   6.3686166    49.484787  
   6.3691576    49.4870218 
   6.3692875    49.4889976 
   6.3673898    49.493671  
   6.3670519    49.4957458 
   6.3670479    49.4964747 
   6.3671978    49.4984045 
   6.3670149    49.4998433 
   6.3670409    49.4999993 
   6.3670759    49.5001903 
   6.3672998    49.5007162 
   6.3675928    49.5012582 
   6.3676468    49.5013542 
   6.3678028    49.5019411 
   6.3678907    49.5022691 
   6.3679307    49.50317   
   6.3672887    49.5049743 
   6.3668299    49.5074195 
   6.366462     49.5082814 
   6.3656431    49.5099252 
   6.3609237    49.5194891 
   6.359173     49.5234407 
   6.3584181    49.5257184 
   6.3575622    49.5273472 
   6.3566664    49.529174  
   6.3565244    49.529769  
   6.3564834    49.5301819 
   6.3565434    49.5308839 
   6.3566244    49.5312538 
   6.3568283    49.5316618 
   6.3571533    49.5320617 
   6.3577442    49.5328936 
   6.3587811    49.5342215 
   6.3597179    49.5353584 
   6.3606538    49.5363652 
   6.3610307    49.5367122 
   6.3614277    49.5370292 
   6.3617736    49.5372421 
   6.3631029    49.5379297 
   6.365837     49.5393439 
   6.3670029    49.5399928 
   6.3676138    49.5404578 
   6.3681027    49.5408967 
   6.3684877    49.5413207 
   6.3698655    49.5430405 
   6.3701714    49.5433045 
   6.3739559    49.5461531 
   6.3758496    49.547386  
   6.3764595    49.547729  
   6.3775984    49.5483129 
   6.3778423    49.5484999 
   6.3784122    49.5489988 
   6.379993     49.5510636 
   6.3808779    49.5522835 
   6.3814228    49.5532523 
   6.3819677    49.5548172 
   6.3824667    49.556503  
   6.3825256    49.5568079 
   6.3824427    49.5570869 
   6.3822157    49.5574829 
   6.3814578    49.5582498 
   6.380394     49.5590127 
   6.3784102    49.5601766 
   6.3766275    49.5611835 
   6.3755636    49.5617864 
   6.3748977    49.5621643 
   6.3737515    49.5627611 
   6.366032     49.5667798 
   6.365785     49.5669058 
   6.3614767    49.5690266 
   6.359187     49.5702664 
   6.3584511    49.5707814 
   6.3577542    49.5714143 
   6.3575072    49.5717693 
   6.3573823    49.5721432 
   6.3573813    49.5724862 
   6.3575192    49.5730011 
   6.3577222    49.5734021 
   6.3580652    49.573837  
   6.358998     49.5746879 
   6.3598069    49.5753509 
   6.3606388    49.5759238 
   6.3614497    49.5764037 
   6.3626025    49.5769347 
   6.3643892    49.5775986 
   6.365935     49.5780946 
   6.3684547    49.5787505 
   6.3697385    49.5789525 
   6.3702864    49.5789795 
   6.3708973    49.5789565 
   6.3713063    49.5788765 
   6.3719582    49.5786015 
   6.3726941    49.5782465 
   6.3736399    49.5777046 
   6.3744928    49.5772856 
   6.3751927    49.5770227 
   6.3761046    49.5767167 
   6.3773674    49.5764427 
   6.3789232    49.5763428 
   6.3804289    49.5764037 
   6.3811009    49.5765257 
   6.3816838    49.5768277 
   6.3820937    49.5772127 
   6.3824507    49.5778346 
   6.3827726    49.5785405 
   6.3828206    49.5787155 
   6.3829166    49.5791124 
   6.3829496    49.5795854 
   6.3828846    49.5800893 
   6.3827606    49.5805123 
   6.3824367    49.5810012 
   6.3819397    49.5815162 
   6.3814478    49.5819391 
   6.3806909    49.5824391 
   6.3783402    49.5837549 
   6.3775434    49.5842429 
   6.3767655    49.5848388 
   6.3755986    49.5859757 
   6.3751057    49.5866886 
   6.3747138    49.5875205 
   6.3744638    49.5885154 
   6.3744008    49.5894843 
   6.3744318    49.5898162 
   6.3744598    49.5901222 
   6.3746388    49.5907171 
   6.3750007    49.5913921 
   6.3754647    49.592056  
   6.3761726    49.5928529 
   6.3772464    49.5939178 
   6.3790881    49.5955886 
   6.3801       49.5964655 
   6.3812968    49.5973434 
   6.3821897    49.5979573 
   6.3829196    49.5983693 
   6.3840734    49.5989302 
   6.3855102    49.5995751 
   6.3862691    49.5998261 
   6.386768     49.5999061 
   6.3876139    49.5999061 
   6.3906285    49.5998001 
   6.3917123    49.5998531 
   6.3924282    49.5999521 
   6.3926722    49.5999981 
   6.393927     49.6002421 
   6.3944709    49.6003531 
   6.3952528    49.600563  
   6.3961417    49.600841  
   6.3970986    49.601219  
   6.3980754    49.6016799 
   6.3996202    49.6025768 
   6.3999991    49.6028588 
   6.4021898    49.6044876 
   6.4026478    49.6049345 
   6.4034786    49.6061704 
   6.4040686    49.6072803 
   6.4042675    49.6076882 
   6.4045675    49.6080772 
   6.4053354    49.6088521 
   6.4059463    49.609428  
   6.4065292    49.609874  
   6.4070341    49.61021   
   6.407883     49.6107329 
   6.4085309    49.6112898 
   6.4094738    49.6122847 
   6.4100137    49.6127087 
   6.4127113    49.6145745 
   6.4136242    49.6150474 
   6.4141031    49.6152724 
   6.4181235    49.6167142 
   6.4189934    49.6171182 
   6.4193194    49.6173702 
   6.4209791    49.6197009 
   6.4224419    49.6215277 
   6.4225299    49.6217267 
   6.4226379    49.6223296 
   6.4229178    49.6244164 
   6.4230728    49.6248773 
   6.4233568    49.6254273 
   6.4240347    49.6264531 
   6.4252585    49.6281349 
   6.4258054    49.6292188 
   6.4260914    49.6299927 
   6.4266233    49.6319615 
   6.4267993    49.6324235 
   6.4270842    49.6329994 
   6.4271642    49.6331474 
   6.4281561    49.6349412 
   6.42855      49.6355851 
   6.4302308    49.6378059 
   6.4311037    49.6388587 
   6.4320605    49.6402736 
   6.4352741    49.645202  
   6.4363289    49.6469298 
   6.4370888    49.6480557 
   6.4379537    49.6492686 
   6.4387496    49.6503865 
   6.4391435    49.6510614 
   6.4395604    49.6519463 
   6.4397584    49.6524802 
   6.4399574    49.6532401 
   6.4402473    49.654869  
   6.4404053    49.6559668 
   6.4404753    49.6568787 
   6.4403753    49.6574437 
   6.4402254    49.6578976 
   6.4399884    49.6583056 
   6.4395354    49.6587445 
   6.4390165    49.6591105 
   6.4384116    49.6594504 
   6.4377407    49.6597474 
   6.4368318    49.6600724 
   6.435987     49.6602743 
   6.4351046    49.6604229 
   6.4342532    49.6604723 
   6.4329074    49.6603923 
   6.4322785    49.6602933 
   6.4305647    49.6601294 
   6.4296529    49.6600754 
   6.428893     49.6601174 
   6.4281361    49.6602363 
   6.4274652    49.6604193 
   6.4269243    49.6607013 
   6.4265563    49.6609833 
   6.4262114    49.6613342 
   6.4259534    49.6616892 
   6.4258464    49.6620821 
   6.4258494    49.6624331 
   6.4259384    49.662967  
   6.4261304    49.663498  
   6.4263564    49.6639902 
   6.4266393    49.6644169 
   6.4271632    49.6651608 
   6.4280381    49.6662137 
   6.428975     49.6672246 
   6.4313946    49.6695133 
   6.4318725    49.6698643 
   6.4321775    49.6700322 
   6.4333073    49.6704212 
   6.4339582    49.6705742 
   6.4351101    49.6707572 
   6.435782     49.6709781 
   6.4362179    49.6711731 
   6.4437868    49.6756016 
   6.4464804    49.6774474 
   6.4473363    49.6781653 
   6.4478982    49.6788513 
   6.4491901    49.6802971 
   6.449599     49.6807061 
   6.44968      49.680778  
   6.4515387    49.6824609 
   6.4529325    49.6835967 
   6.4543703    49.6849706 
   6.4552872    49.6860085 
   6.4559211    49.6869654 
   6.456534     49.6880602 
   6.4569269    49.6887352 
   6.4572989    49.6892961 
   6.4575609    49.6895941 
   6.4583457    49.690323  
   6.4595646    49.6911349 
   6.4600695    49.6914289 
   6.4607024    49.6917258 
   6.4613313    49.6919208 
   6.4614293    49.6919478 
   6.4619172    49.6920618 
   6.4631101    49.6922828 
   6.4641749    49.6924507 
   6.4675594    49.6928627 
   6.4687542    49.6930727 
   6.4695141    49.6932676 
   6.470143     49.6934616 
   6.4712949    49.6939126 
   6.4729466    49.6946255 
   6.4738815    49.6949765 
   6.4748584    49.6952814 
   6.4762282    49.6956444 
   6.477378     49.6959074 
   6.4785938    49.6962733 
   6.4792027    49.6964943 
   6.4796157    49.6966933 
   6.4804603    49.6971885 
   6.4813344    49.6977991 
   6.4819003    49.6980931 
   6.4825103    49.6984711 
   6.4830192    49.698913  
   6.484181     49.6999999 
   6.4857598    49.7014767 
   6.4861917    49.7018167 
   6.4874675    49.7026896 
   6.4898662    49.7044364 
   6.4906861    49.7051003 
   6.490988     49.7053673 
   6.491419     49.7058752 
   6.4920869    49.7065542 
   6.4932967    49.707569  
   6.4939016    49.708019  
   6.4953074    49.7089919 
   6.4962803    49.7095558 
   6.4993658    49.7115936 
   6.4999987    49.7119256 
   6.5004607    49.7121655 
   6.5011706    49.7124405 
   6.5022104    49.7127455 
   6.5033723    49.7129854 
   6.5041141    49.7130774 
   6.50483      49.7131154 
   6.505308     49.7130924 
   6.5058089    49.7130274 
   6.5063788    49.7128485 
   6.5071907    49.7125085 
   6.5068488    49.7129784 
   6.5066488    49.7133294 
   6.5065748    49.7136684 
   6.5065718    49.7138323 
   6.5065688    49.7143093 
   6.5066018    49.7157131 
   6.5065298    49.7159951 
   6.5064148    49.7162051 
   6.5061679    49.716468  
   6.5057919    49.716758  
   6.504954     49.717285  
   6.5027483    49.7184978 
   6.5000087    49.7201386 
   6.4992568    49.7206756 
   6.4967632    49.7226444 
   6.4958473    49.7234723 
   6.4954984    49.7238342 
   6.4953234    49.7241432 
   6.4952124    49.7244522 
   6.4952004    49.7246361 
   6.4952294    49.7251701 
   6.4953374    49.725395  
   6.4954724    49.725578  
   6.4957303    49.72578   
   6.4959663    49.725925  
   6.4964882    49.726246  
   6.4970302    49.7264589 
   6.4975071    49.7265849 
   6.498177     49.7266839 
   6.4993258    49.7268139 
   6.4999987    49.7268249 
   6.5002727    49.7268289 
   6.5021234    49.7267109 
   6.5028223    49.7265769 
   6.5035242    49.7263749 
   6.505009     49.72604   
   6.50534      49.725818  
   6.5065722    49.7246588 
   6.5099413    49.7217065 
   6.5103852    49.7213895 
   6.5107152    49.7212405 
   6.5111501    49.7211715 
   6.512258     49.7211875 
   6.5144887    49.7214505 
   6.5149416    49.7215955 
   6.5153915    49.7218244 
   6.5162034    49.7223394 
   6.5166283    49.7226784 
   6.5171803    49.7231783 
   6.5173062    49.7234033 
   6.5174327    49.7237796 
   6.5172541    49.7241928 
   6.5170768    49.7243262 
   6.5167073    49.7246201 
   6.5159124    49.7251161 
   6.5146226    49.725608  
   6.5141607    49.72583   
   6.5131918    49.7263259 
   6.5128869    49.7265009 
   6.5115381    49.7272758 
   6.5107922    49.7275348 
   6.5092594    49.7279808 
   6.5072637    49.7286797 
   6.5061868    49.7291136 
   6.5056789    49.7294036 
   6.504789     49.7302245 
   6.5043481    49.7305295 
   6.5035522    49.7309834 
   6.5025774    49.7317313 
   6.5022874    49.7320093 
   6.5020614    49.7323453 
   6.5019425    49.7326922 
   6.5018625    49.7331042 
   6.5018365    49.7332342 
   6.501736     49.7335224 
   6.5015295    49.735145  
   6.5015545    49.7358199 
   6.5017235    49.7368468 
   6.5019774    49.7379606 
   6.5021744    49.7386666 
   6.5022684    49.7392575 
   6.5022764    49.7398034 
   6.5021554    49.7410543 
   6.5021554    49.7418552 
   6.5021274    49.7420922 
   6.5018235    49.7429581 
   6.5018145    49.74324   
   6.5018555    49.743583  
   6.5019504    49.7444609 
   6.5020784    49.7447429 
   6.5024344    49.7452538 
   6.5026004    49.7455938 
   6.5026154    49.7458498 
   6.5025674    49.7460287 
   6.5024534    49.7461967 
   6.5015145    49.7471846 
   6.5012285    49.7475736 
   6.5010636    49.7477985 
   6.5007866    49.7482255 
   6.5006666    49.7486304 
   6.5006046    49.7493324 
   6.5006036    49.7501903 
   6.5005506    49.7514001 
   6.5005846    49.7517501 
   6.5006836    49.7520861 
   6.5008276    49.752411  
   6.5012235    49.7530629 
   6.5018985    49.7537989 
   6.5026453    49.7543708 
   6.5038022    49.7550007 
   6.504963     49.7554627 
   6.5062328    49.7558706 
   6.5077206    49.7562786 
   6.5109601    49.7570605 
   6.512276     49.7574385 
   6.5130468    49.7577544 
   6.5139927    49.7581894 
   6.5147416    49.7586173 
   6.5157515    49.7592463 
   6.5170723    49.7602191 
   6.5177082    49.7608871 
   6.5181891    49.761596  
   6.5184971    49.7621949 
   6.518899     49.7629998 
   6.519066     49.7633208 
   6.51918      49.7637287 
   6.5195719    49.7643157 
   6.5196989    49.7645608 
   6.5197869    49.7648236 
   6.5197749    49.7649646 
   6.5198999    49.7654496 
   6.5198519    49.7660285 
   6.5196859    49.7666924 
   6.5194819    49.7670364 
   6.519064     49.7676313 
   6.518806     49.7678603 
   6.5182261    49.7679703 
   6.5180151    49.7680813 
   6.5177182    49.7685472 
   6.5172842    49.7691041 
   6.5165993    49.7698211 
   6.5157704    49.770492  
   6.5148466    49.7710759 
   6.5137317    49.7718578 
   6.5127909    49.7723268 
   6.511678     49.7728607 
   6.5108622    49.7731507 
   6.5105212    49.7732727 
   6.5099013    49.7736316 
   6.5098643    49.7742996 
   6.5098213    49.7747075 
   6.5099513    49.7751155 
   6.5103262    49.7759284 
   6.5106402    49.7765733 
   6.5109901    49.7770153 
   6.5113111    49.7773472 
   6.511853     49.7776872 
   6.5122539    49.7779652 
   6.5128049    49.7784111 
   6.5137467    49.779155  
   6.5153285    49.7804749 
   6.5160964    49.7811428 
   6.5165543    49.7816697 
   6.5168953    49.7822227 
   6.5169763    49.7825696 
   6.5169923    49.7828706 
   6.5165823    49.7833595 
   6.5158754    49.7839545 
   6.5151675    49.7844154 
   6.5142917    49.7848394 
   6.5134548    49.7850954 
   6.5123449    49.7853773 
   6.5111811    49.7856483 
   6.5106162    49.7857933 
   6.5098353    49.7860902 
   6.5086815    49.7865672 
   6.5077856    49.7869411 
   6.5072557    49.7873261 
   6.5067297    49.7876661 
   6.5062728    49.788066  
   6.5059329    49.788604  
   6.5058049    49.7890389 
   6.5057559    49.7894089 
   6.5059019    49.7898558 
   6.5061618    49.7903818 
   6.5065098    49.7908357 
   6.5070727    49.7913666 
   6.5077887    49.7919161 
   6.5086415    49.7921976 
   6.5095703    49.7925415 
   6.5108092    49.7929305 
   6.5122539    49.7932664 
   6.5132058    49.7935104 
   6.5141717    49.7938454 
   6.5151685    49.7942503 
   6.5152785    49.7942733 
   6.5154725    49.7943763 
   6.5162244    49.7947233 
   6.5167813    49.7950092 
   6.5173192    49.7952262 
   6.5182451    49.7955162 
   6.5192569    49.7958941 
   6.5199438    49.7961841 
   6.5207997    49.7966691 
   6.5214396    49.797111  
   6.5217786    49.797424  
   6.5220535    49.7977059 
   6.5222625    49.7980339 
   6.5229804    49.7988968 
   6.5242072    49.7999987 
   6.5251371    49.8008346 
   6.5261389    49.8018185 
   6.5264879    49.8020964 
   6.5279877    49.8028714 
   6.5293385    49.8036573 
   6.5303383    49.8044542 
   6.5306873    49.8049461 
   6.5308833    49.8052821 
   6.5309702    49.805633  
   6.5309482    49.805957  
   6.5308613    49.806167  
   6.5301854    49.8070369 
   6.5299904    49.8074868 
   6.5298154    49.8080368 
   6.5296844    49.8088377 
   6.5295974    49.8091157 
   6.5293365    49.8093986 
   6.5284446    49.8099746 
   6.5270728    49.8110114 
   6.5266809    49.8112254 
   6.52557      49.8116454 
   6.5245472    49.8119423 
   6.5236543    49.8122633 
   6.5217126    49.8131822 
   6.5213906    49.8132322 
   6.5210207    49.8132322 
   6.5203448    49.8130752 
   6.5200418    49.8130072 
   6.5196219    49.8128242 
   6.5192789    49.8126143 
   6.519056     49.8124003 
   6.518669     49.8118743 
   6.518452     49.8114394 
   6.5182561    49.8108325 
   6.5181691    49.8104545 
   6.5181261    49.8100466 
   6.5181911    49.8092766 
   6.5181691    49.8085587 
   6.5181041    49.8082917 
   6.5178651    49.8079258 
   6.5173862    49.8073079 
   6.5171472    49.8069456 
   6.5169933    49.8066629 
   6.5168203    49.806171  
   6.5165383    49.805694  
   6.5157544    49.8046562 
   6.5150565    49.8038552 
   6.5140117    49.8029433 
   6.5133378    49.8024364 
   6.5127069    49.8021004 
   6.5122719    49.8019335 
   6.511901     49.8018905 
   6.5114661    49.8018905 
   6.5111611    49.8019485 
   6.5109221    49.8020474 
   6.5106822    49.8022004 
   6.5104862    49.8023674 
   6.5101162    49.8028444 
   6.5094093    49.8041302 
   6.5083745    49.806015  
   6.5082765    49.806194  
   6.5082509    49.8062966 
   6.5081175    49.8064839 
   6.5071757    49.8081968 
   6.5067617    49.8087577 
   6.5063488    49.8091387 
   6.5059348    49.8093756 
   6.5053689    49.8096276 
   6.504803     49.8097836 
   6.5041501    49.8098676 
   6.5030183    49.8098826 
   6.5024953    49.8099246 
   6.5015585    49.8101345 
   6.5001217    49.8105575 
   6.4999987    49.8106075 
   6.4993168    49.8108825 
   6.4987659    49.8112294 
   6.4968302    49.8121413 
   6.4964902    49.8122823 
   6.4963072    49.8123583 
   6.4958923    49.8124273 
   6.4955453    49.8124273 
   6.4951974    49.8123543 
   6.4947625    49.8122133 
   6.4932197    49.8114654 
   6.4928707    49.8113664 
   6.4925238    49.8113404 
   6.4903251    49.8115764 
   6.4894542    49.8117024 
   6.4887523    49.8118623 
   6.4877275    49.8122863 
   6.4858137    49.8131672 
   6.4847839    49.8135751 
   6.4845009    49.8137431 
   6.484025     49.8143041 
   6.4834271    49.8153609 
   6.4825732    49.8167648 
   6.4819603    49.8176917 
   6.4813704    49.8182406 
   6.4806495    49.8187286 
   6.4799286    49.8191375 
   6.4788617    49.8196295 
   6.4761811    49.8207503 
   6.4751443    49.8212083 
   6.4742414    49.8216052 
   6.4728236    49.8221242 
   6.4719077    49.8224182 
   6.4714298    49.8224751 
   6.4710169    49.8224861 
   6.470473     49.8224442 
   6.470038     49.8223192 
   6.4694501    49.8220362 
   6.4664673    49.8203517 
   6.4661936    49.8201744 
   6.4654977    49.8199764 
   6.4645891    49.8197239 
   6.4637184    49.8192622 
   6.4612653    49.8173257 
   6.4607444    49.8169328 
   6.4597895    49.8159439 
   6.4585967    49.814777  
   6.4570589    49.8131562 
   6.456305     49.8124923 
   6.4554101    49.8119003 
   6.4548072    49.8115954 
   6.4543273    49.8114544 
   6.4539143    49.8113824 
   6.4535724    49.8113744 
   6.4528715    49.8113554 
   6.4517856    49.8113704 
   6.4509938    49.8113744 
   6.4500419    49.8114434 
   6.4489531    49.8115724 
   6.4478539    49.8117717 
   6.4473193    49.8117943 
   6.4466234    49.8117943 
   6.4459255    49.8117523 
   6.4451216    49.8116374 
   6.4444257    49.8115114 
   6.4440338    49.8114664 
   6.4436858    49.8115234 
   6.4433159    49.8117334 
   6.442459     49.8124043 
   6.442327     49.8126562 
   6.442133     49.8134572 
   6.442089     49.8137431 
   6.4419961    49.8140221 
   6.4418641    49.8141781 
   6.4416461    49.8143041 
   6.4412982    49.8143461 
   6.4407762    49.8142891 
   6.4380836    49.8136971 
   6.4369538    49.8133732 
   6.4360419    49.8129762 
   6.4351041    49.8124573 
   6.4324814    49.8107485 
   6.4320025    49.8105085 
   6.4315896    49.8104095 
   6.4310016    49.8103825 
   6.4303927    49.8104515 
   6.4294779    49.8106725 
   6.428667     49.8109664 
   6.4277771    49.8114434 
   6.4269262    49.8121333 
   6.4266353    49.8124653 
   6.4264223    49.8129462 
   6.4263103    49.8133852 
   6.4260384    49.815239  
   6.4258844    49.8156429 
   6.4257094    49.8158829 
   6.4254474    49.8160249 
   6.4248585    49.8160929 
   6.4242926    49.8161509 
   6.421556     49.8161469 
   6.4197283    49.8162458 
   6.4178275    49.8164058 
   6.4159988    49.8166728 
   6.4090078    49.8179127 
   6.4083339    49.8180686 
   6.4055433    49.8191605 
   6.4051294    49.8192745 
   6.4045415    49.8193585 
   6.4038226    49.8193855 
   6.4028867    49.8194955 
   6.4023628    49.8196335 
   6.4019268    49.8198314 
   6.3999931    49.8208613 
   6.3983513    49.8217392 
   6.3980234    49.8219372 
   6.3976305    49.8222162 
   6.3971935    49.8225671 
   6.3965386    49.8232421 
   6.3946149    49.8255038 
   6.393543     49.8267137 
   6.3929761    49.8272476 
   6.3926092    49.8275446 
   6.3920213    49.8279075 
   6.3905155    49.8285825 
   6.3894686    49.8291434 
   6.3889887    49.8295214 
   6.3883168    49.8301653 
   6.3880448    49.8304252 
   6.3876789    49.8307722 
   6.3860641    49.8318821 
   6.3852352    49.832401  
   6.3850893    49.832508  
   6.3846013    49.832866  
   6.3836385    49.8343118 
   6.3828946    49.8349987 
   6.3821737    49.8358156 
   6.3817147    49.8362086 
   6.3807119    49.8370095 
   6.380232     49.8372765 
   6.379818     49.8374025 
   6.3793161    49.8376114 
   6.3789891    49.8378374 
   6.3787272    49.8381574 
   6.3773274    49.8398472 
   6.3768894    49.8402102 
   6.3763875    49.8405341 
   6.3756246    49.8409271 
   6.3747098    49.841362  
   6.3739029    49.841713  
   6.372704     49.8423569 
   6.3724631    49.8425519 
   6.3721791    49.8428759 
   6.3713912    49.8441277 
   6.3710833    49.8445627 
   6.3695265    49.8462595 
   6.3686776    49.8471334 
   6.3684357    49.8473813 
   6.3678057    49.8480833 
   6.3667999    49.8493111 
   6.3665549    49.8495331 
   6.365988     49.8499261 
   6.3646832    49.850639  
   6.3645562    49.850692  
   6.3643083    49.850796  
   6.3640023    49.850879  
   6.3633934    49.850906  
   6.3624795    49.850876  
   6.3607168    49.850776  
   6.3597649    49.850761  
   6.358807     49.850792  
   6.3582101    49.85078   
   6.3562774    49.850769  
   6.352257     49.850586  
   6.3502553    49.850525  
   6.3491454    49.850441  
   6.3485355    49.850349  
   6.3478796    49.850208  
   6.3471777    49.850078  
   6.3461609    49.8498841 
   6.3440552    49.8495331 
   6.3428593    49.8492581 
   6.3422474    49.8490902 
   6.3411806    49.8487242 
   6.3405957    49.8484422 
   6.3400797    49.8480183 
   6.3395988    49.8473703 
   6.3393009    49.8467974 
   6.3390429    49.8459545 
   6.338532     49.8432648 
   6.338169     49.841606  
   6.3376931    49.8405221 
   6.3372172    49.8397632 
   6.3367412    49.8392253 
   6.3360683    49.8386343 
   6.3356554    49.8383364 
   6.3351125    49.8380544 
   6.3345695    49.8378024 
   6.3341996    49.8376614 
   6.3327448    49.8371655 
   6.33143      49.8366965 
   6.3298792    49.8363076 
   6.3291793    49.8361856 
   6.3285034    49.8360856 
   6.3281115    49.8360596 
   6.3272826    49.8361206 
   6.3269776    49.8362046 
   6.3264777    49.8363606 
   6.324762     49.8371125 
   6.3231762    49.8379364 
   6.3214174    49.8389283 
   6.3210055    49.8392793 
   6.3206805    49.8396182 
   6.3204226    49.8400572 
   6.3201436    49.8407361 
   6.3200826    49.841201  
   6.3200676    49.8421169 
   6.3198997    49.8429598 
   6.3199666    49.8432428 
   6.3203446    49.8441887 
   6.3205656    49.8452526 
   6.3207265    49.8455346 
   6.3210945    49.8459545 
   6.3216214    49.8464774 
   6.3220393    49.8469964 
   6.3222003    49.8473623 
   6.3224513    49.8488572 
   6.3228512    49.850418  
   6.3228992    49.8510239 
   6.3228162    49.8515319 
   6.3224503    49.8522218 
   6.3214984    49.8532257 
   6.3208475    49.8537476 
   6.3206476    49.8538706 
   6.3195467    49.8545305 
   6.3183519    49.8551255 
   6.3180699    49.8553385 
   6.317766     49.8556744 
   6.3167091    49.8570323 
   6.3158872    49.8581201 
   6.314743     49.859478  
   6.3144454    49.859836  
   6.3140965    49.8603819 
   6.3138375    49.8608738 
   6.3137595    49.8614388 
   6.3137625    49.8619187 
   6.3138535    49.8624117 
   6.3139265    49.8626326 
   6.3143895    49.8640175 
   6.3145474    49.8647494 
   6.3145294    49.8652573 
   6.3144035    49.8658793 
   6.3141695    49.8665422 
   6.3138885    49.8670651 
   6.3134586    49.8676561 
   6.3130686    49.86808   
   6.3123328    49.8687589 
   6.3115529    49.8693959 
   6.3113089    49.8695409 
   6.3111019    49.8696668 
   6.3110099    49.8697238 
   6.310554     49.8698918 
   6.3100521    49.8699488 
   6.3091582    49.8699258 
   6.3083293    49.8698418 
   6.3076744    49.8697318 
   6.3073065    49.8696359 
   6.3070845    49.8695789 
   6.3063846    49.8693429 
   6.3052918    49.8688389 
   6.3025112    49.8673821 
   6.301038     49.8666338 
   6.3006325    49.8664949 
   6.2999183    49.8663182 
   6.2986141    49.8661103 
   6.2977464    49.8660878 
   6.2973152    49.866125  
   6.2969675    49.8661961 
   6.2961355    49.8665971 
   6.2955221    49.8670192 
   6.2945104    49.8678631 
   6.2936474    49.868622  
   6.2927626    49.8698078 
   6.2923116    49.8705517 
   6.2921827    49.8707657 
   6.2920107    49.8713037 
   6.2919707    49.8717806 
   6.2919827    49.8733024 
   6.2920967    49.8739664 
   6.2920107    49.8741643 
   6.2919027    49.8743053 
   6.2916808    49.8746192 
   6.291398     49.8747985 
   6.2909781    49.8749503 
   6.2900195    49.8751217 
   6.289385     49.8751939 
   6.288499     49.8752094 
   6.2874161    49.8750379 
   6.2868484    49.8748973 
   6.2866305    49.8749543 
   6.2863275    49.8751102 
   6.2858056    49.8754802 
   6.2852667    49.8759301 
   6.2845298    49.8766671 
   6.2834059    49.8780099 
   6.283103     49.8783189 
   6.282864     49.8784329 
   6.2824521    49.8785739 
   6.2820811    49.8786468 
   6.2810783    49.8787078 
   6.2806643    49.8786768 
   6.2802924    49.8785818 
   6.2797235    49.8784449 
   6.2794395    49.8782879 
   6.2790456    49.8780209 
   6.2788696    49.8778339 
   6.2788196    49.8777499 
   6.2786716    49.877628  
   6.2779717    49.877277  
   6.2765289    49.8767201 
   6.276092     49.8766361 
   6.275743     49.8766511 
   6.2753081    49.8767511 
   6.2725665    49.877537  
   6.2719136    49.8778039 
   6.2702428    49.8787378 
   6.2698949    49.8788828 
   6.2686121    49.8792528 
   6.2666473    49.8796497 
   6.2663474    49.8797487 
   6.2659564    49.8799517 
   6.2656735    49.8800507 
   6.2652595    49.8801077 
   6.2647116    49.8802337 
   6.2639117    49.8804896 
   6.2632978    49.8806456 
   6.262235     49.8807756 
   6.261996     49.8808516 
   6.2617361    49.8810196 
   6.2616491    49.8811186 
   6.2613421    49.8817095 
   6.2611761    49.8819505 
   6.2608672    49.8821605 
   6.2598443    49.8825874 
   6.2592963    49.8830223 
   6.2590713    49.8832379 
   6.2583115    49.8853052 
   6.2581018    49.8857925 
   6.2577637    49.8862207 
   6.2560811    49.8877117 
   6.2553033    49.8881012 
   6.2515275    49.8898276 
   6.2510506    49.8901256 
   6.2507037    49.8903925 
   6.2503577    49.8907205 
   6.2501667    49.8914104 
   6.2500287    49.8916934 
   6.2496508    49.8923413 
   6.2493478    49.8926813 
   6.2477441    49.8939821 
   6.2471777    49.8948595 
   6.2468258    49.8951802 
   6.2464224    49.8953848 
   6.2460543    49.89547   
   6.2456244    49.8955729 
   6.2449495    49.8956559 
   6.2438806    49.8956179 
   6.2433357    49.8956339 
   6.2424828    49.8957718 
   6.2416073    49.8959432 
   6.2406975    49.8961036 
   6.239822     49.8963856 
   6.2391955    49.8966399 
   6.2386633    49.8969495 
   6.2382685    49.8972481 
   6.2366721    49.8984865 
   6.2361485    49.8988791 
   6.2357537    49.8990836 
   6.2346722    49.8996586 
   6.2340285    49.9000345 
   6.2337195    49.9002612 
   6.2336079    49.9004602 
   6.2335049    49.9006648 
   6.2334105    49.9012729 
   6.2332903    49.9017484 
   6.2331444    49.9024449 
   6.2324063    49.9042692 
   6.2322089    49.9049271 
   6.2321488    49.9052753 
   6.2321745    49.9056402 
   6.2322518    49.9059553 
   6.2323119    49.9062869 
   6.2320544    49.9066186 
   6.2316424    49.9071714 
   6.2306382    49.9080724 
   6.2284666    49.9095095 
   6.2275483    49.9100568 
   6.2272049    49.9103663 
   6.2271019    49.9105819 
   6.2271105    49.9110959 
   6.227162     49.9112065 
   6.2272908    49.9113612 
   6.227403     49.9114682 
   6.227665     49.9114952 
   6.2280359    49.9114682 
   6.2290417    49.9113336 
   6.2302691    49.9110627 
   6.2308115    49.9109912 
   6.2313355    49.9110482 
   6.2317494    49.9112282 
   6.2338681    49.91254   
   6.2339721    49.912704  
   6.2341143    49.9131907 
   6.2340971    49.9139313 
   6.2340456    49.9141248 
   6.2339684    49.9144287 
   6.2337624    49.9147604 
   6.2335821    49.914998  
   6.2333332    49.915407  
   6.2330757    49.9158381 
   6.2326809    49.9166616 
   6.2319428    49.9180432 
   6.2313677    49.9189716 
   6.2311102    49.9193143 
   6.2300506    49.9203982 
   6.2295487    49.9208751 
   6.2291758    49.9210431 
   6.2287378    49.9211421 
   6.2258323    49.9212001 
   6.2236096    49.92152   
   6.2227297    49.921646  
   6.220566     49.922096  
   6.2197491    49.922302  
   6.2189922    49.9224889 
   6.2187073    49.9226189 
   6.2182054    49.9229389 
   6.2180964    49.9231109 
   6.2180744    49.9232059 
   6.2180614    49.9233018 
   6.2180074    49.9237288 
   6.2180534    49.9240568 
   6.2180944    49.9243317 
   6.2182903    49.9247547 
   6.2184853    49.9250636 
   6.2188133    49.9253466 
   6.2192282    49.9256136 
   6.2197081    49.9258386 
   6.2202111    49.9260365 
   6.2217178    49.9265825 
   6.2224977    49.9267724 
   6.2228757    49.9269214 
   6.2231586    49.9271314 
   6.2234692    49.9274536 
   6.2236396    49.9274714 
   6.2238805    49.9274134 
   6.2242945    49.9271354 
   6.2259522    49.9289622 
   6.2259892    49.9291262 
   6.2259622    49.9293322 
   6.2259122    49.9296151 
   6.2256283    49.930416  
   6.2254083    49.930755  
   6.2252113    49.93095   
   6.2249284    49.931148  
   6.2246644    49.9315829 
   6.2245784    49.9318499 
   6.2244035    49.9319759 
   6.2241625    49.9320339 
   6.2240525    49.9322318 
   6.2240955    49.9324838 
   6.2243135    49.9327358 
   6.2248814    49.9330477 
   6.2251874    49.9332577 
   6.2251654    49.9334407 
   6.2248814    49.9335827 
   6.2242905    49.9336237 
   6.2238305    49.9337077 
   6.2236566    49.9338607 
   6.2235036    49.9341006 
   6.2235036    49.9342536 
   6.2236996    49.9344516 
   6.2241585    49.9348025 
   6.2249444    49.9353255 
   6.22728      49.9366073 
   6.2264472    49.9373513 
   6.2255513    49.9379572 
   6.2254423    49.9382092 
   6.2253543    49.9385451 
   6.2252443    49.9387171 
   6.2250044    49.9388541 
   6.2249354    49.9388691 
   6.2244355    49.9389531 
   6.2240865    49.9389531 
   6.2239335    49.9389951 
   6.2239335    49.9391361 
   6.2239985    49.939419  
   6.2239535    49.939628  
   6.2237586    49.940037  
   6.2236476    49.9401929 
   6.2231666    49.9403039 
   6.2230797    49.9403609 
   6.2230577    49.9406549 
   6.2228827    49.9409099 
   6.2224448    49.9412458 
   6.2218978    49.9415128 
   6.2211989    49.9416808 
   6.2210679    49.9417948 
   6.220892     49.9420887 
   6.220521     49.9424287 
   6.2200831    49.9426647 
   6.2197991    49.9427217 
   6.2197111    49.9431566 
   6.2196452    49.9432866 
   6.2188793    49.9436496 
   6.2163886    49.9444505 
   6.2164176    49.9450144 
   6.2164306    49.9452814 
   6.2171735    49.9452974 
   6.2178504    49.9453964 
   6.2184623    49.9456323 
   6.2191562    49.9460793 
   6.2194612    49.9464452 
   6.2195232    49.9465292 
   6.2196792    49.9467692 
   6.2201211    49.9470632 
   6.2223688    49.948395  
   6.2231936    49.948883  
   6.2234826    49.9490779 
   6.2235646    49.9491919 
   6.2236996    49.9499658 
   6.2131641    49.9500998 
   6.2116563    49.9501148 
   6.2113954    49.9501878 
   6.2111314    49.9504398 
   6.2109634    49.9506228 
   6.2084838    49.9533495 
   6.2083958    49.9536014 
   6.2084058    49.9540714 
   6.2084168    49.9545443 
   6.206624     49.9549673 
   6.2059691    49.9550783 
   6.2053782    49.9550663 
   6.2048543    49.9549793 
   6.2041794    49.9546963 
   6.2030216    49.9541204 
   6.2022127    49.9537694 
   6.2014708    49.9533615 
   6.2007729    49.9528275 
   6.200162     49.9519536 
   6.199994     49.9517706 
   6.199856     49.9516177 
   6.1996001    49.9514047 
   6.1994641    49.9512097 
   6.1994271    49.9501108 
   6.1994661    49.9496349 
   6.1993781    49.9494209 
   6.1989042    49.949074  
   6.1985112    49.948723  
   6.1982043    49.94852   
   6.1980043    49.948463  
   6.1978293    49.948505  
   6.1977683    49.948589  
   6.1979163    49.948944  
   6.1980733    49.9491389 
   6.1982642    49.9494779 
   6.1982912    49.9497179 
   6.1980003    49.9506718 
   6.1979133    49.9507708 
   6.1976713    49.9508857 
   6.1975624    49.9514197 
   6.1972344    49.9519116 
   6.1965785    49.9525146 
   6.1953307    49.9542044 
   6.1950897    49.9544144 
   6.1944778    49.9547233 
   6.1938219    49.9551883 
   6.193428     49.9555812 
   6.193187     49.9559482 
   6.193186     49.9563141 
   6.193273     49.9568331 
   6.193382     49.957157  
   6.1938829    49.957874  
   6.1941668    49.9584809 
   6.1943188    49.9589158 
   6.1942748    49.9591978 
   6.1941428    49.9595488 
   6.1940989    49.9598157 
   6.1942298    49.9601667 
   6.1943168    49.9605487 
   6.1943158    49.9609106 
   6.1940529    49.9613346 
   6.1935339    49.9619785 
   6.193418     49.9621235 
   6.192912     49.9628144 
   6.1925481    49.9633174 
   6.1923941    49.9636723 
   6.1923281    49.9642063 
   6.1924151    49.9647562 
   6.1927411    49.9655451 
   6.193024     49.966358  
   6.193067     49.96674   
   6.193024     49.9669489 
   6.192871     49.9672049 
   6.1923231    49.9676969 
   6.1917322    49.9681468 
   6.1912073    49.9686508 
   6.1909023    49.9688797 
   6.1907044    49.9689897 
   6.1904874    49.9690207 
   6.1902234    49.9690017 
   6.1897665    49.9689067 
   6.1889576    49.9686808 
   6.1878868    49.9682578 
   6.1872319    49.9680898 
   6.1867729    49.9680478 
   6.1855061    49.9680178 
   6.1850042    49.9679338 
   6.1846542    49.9678189 
   6.1842613    49.9677239 
   6.1838693    49.9675249 
   6.1824715    49.966301  
   6.1815777    49.9653171 
   6.1811627    49.9647402 
   6.1809888    49.9643592 
   6.1809678    49.9640353 
   6.1810337    49.9637683 
   6.1812307    49.9635123 
   6.1818816    49.9628484 
   6.1835894    49.9612766 
   6.1836764    49.9610516 
   6.1831544    49.9591098 
   6.1831104    49.9587289 
   6.1831324    49.9585299 
   6.1832434    49.9583779 
   6.1836364    49.9581529 
   6.1846632    49.95776   
   6.1855381    49.957519  
   6.1877238    49.9570691 
   6.1884667    49.9569741 
   6.1886846    49.9568441 
   6.1887066    49.9566921 
   6.1885976    49.9564821 
   6.1882927    49.9562571 
   6.1874628    49.9559022 
   6.1867859    49.9555662 
   6.1865899    49.9553942 
   6.186241     49.9549863 
   6.1856511    49.9541584 
   6.1853681    49.9539604 
   6.1844952    49.9535944 
   6.1825515    49.9528465 
   6.1812627    49.9525106 
   6.1803898    49.9522016 
   6.1801489    49.9521716 
   6.1797559    49.9522286 
   6.179083     49.9524536 
   6.1781162    49.9528315 
   6.1778762    49.9529725 
   6.1777882    49.9531435 
   6.1776562    49.9540714 
   6.1771943    49.9561122 
   6.1768184    49.9590228 
   6.1766204    49.9600067 
   6.1762694    49.9611166 
   6.1761385    49.9613986 
   6.1758755    49.9617345 
   6.1756555    49.9618915 
   6.1751766    49.9620015 
   6.1732089    49.9621695 
   6.1727529    49.9622495 
   6.1715051    49.9624675 
   6.1710447    49.9626665 
   6.1707615    49.9628322 
   6.1703323    49.9632076 
   6.1700319    49.9635555 
   6.169783     49.9638371 
   6.1691736    49.9646376 
   6.1689075    49.9650241 
   6.1687359    49.9653057 
   6.1684698    49.965659  
   6.1681265    49.9661725 
   6.1677145    49.9670834 
   6.1674827    49.967757  
   6.1672166    49.9682318 
   6.1670622    49.9684581 
   6.1665558    49.968817  
   6.1660169    49.9690817 
   6.165603     49.9694132 
   6.165234     49.969772  
   6.165088     49.9703186 
   6.164925     49.9714337 
   6.1647876    49.972604  
   6.1650623    49.9741331 
   6.1652425    49.9747237 
   6.1654829    49.9752978 
   6.1658519    49.9758553 
   6.1663776    49.9766367 
   6.1664184    49.9767109 
   6.1667698    49.9773258 
   6.1668348    49.9775618 
   6.1668778    49.9788126 
   6.1669638    49.9792366 
   6.1672857    49.9798655 
   6.1678747    49.9803315 
   6.1682726    49.9805564 
   6.1687101    49.980696  
   6.1688646    49.980845  
   6.1689504    49.9810326 
   6.1690019    49.9814907 
   6.1688989    49.9822524 
   6.1689676    49.9826939 
   6.1690534    49.9832403 
   6.1692337    49.9837867 
   6.1694826    49.9840682 
   6.1696154    49.984215  
   6.1699289    49.9842779 
   6.1704267    49.9842448 
   6.1707529    49.9842116 
   6.171182     49.9841123 
   6.1715425    49.9839743 
   6.1718944    49.9838639 
   6.1721605    49.9838474 
   6.1724695    49.9838639 
   6.1726755    49.9839909 
   6.1727956    49.9842006 
   6.1727356    49.9844545 
   6.1724952    49.9847139 
   6.1722034    49.9849567 
   6.1718258    49.9851609 
   6.171491     49.9852933 
   6.1711048    49.9854313 
   6.1704181    49.9855803 
   6.1696714    49.9856521 
   6.1686755    49.9857598 
   6.1681946    49.9858438 
   6.1676697    49.9859728 
   6.1669268    49.9862098 
   6.1667028    49.9862938 
   6.1660119    49.9865498 
   6.1651131    49.9867587 
   6.1636289    49.9870648 
   6.1630796    49.9871807 
   6.1619466    49.9872359 
   6.1608051    49.9870703 
   6.1601099    49.9869324 
   6.1592172    49.9869269 
   6.1581873    49.9869765 
   6.1576036    49.9870538 
   6.1572174    49.9871862 
   6.1566938    49.9873959 
   6.1557239    49.988301  
   6.1550029    49.9886983 
   6.1543764    49.9890073 
   6.1539129    49.9891894 
   6.1536382    49.9894157 
   6.1533121    49.9898737 
   6.1528143    49.9906849 
   6.151538     49.99303   
   6.1511891    49.993523  
   6.150926     49.9940122 
   6.1505483    49.994255  
   6.1498188    49.9943653 
   6.1490892    49.9945088 
   6.147879     49.9948068 
   6.1469864    49.9949171 
   6.1460336    49.9948785 
   6.1452526    49.9947295 
   6.1437763    49.994564  
   6.1431154    49.9945033 
   6.142609     49.9945254 
   6.1422571    49.9945695 
   6.1418623    49.9947295 
   6.1413515    49.9952158 
   6.1401937    49.9960747 
   6.1394933    49.9966607 
   6.137971     49.9983104 
   6.137862     49.9986344 
   6.137883     49.9988444 
   6.1383459    49.9993363 
   6.1389858    49.9999233 
   6.1390908    50.0000003 
   6.1392068    50.0000842 
   6.1394528    50.0001412 
   6.1396777    50.0001142 
   6.1399477    50.0000003 
   6.1402677    49.9998593 
   6.1418274    49.9992673 
   6.1424413    49.9988324 
   6.1427473    49.9985504 
   6.1431172    49.9982834 
   6.1437282    49.9979745 
   6.1441651    49.9978335 
   6.1444921    49.9977915 
   6.144753     49.9978065 
   6.145015     49.9978905 
   6.1452329    49.9980465 
   6.1454289    49.9982564 
   6.1455589    49.9985124 
   6.1456679    49.9988214 
   6.1456899    49.9992253 
   6.1460498    49.9999003 
   6.1461058    50.0000002 
   6.1462978    50.0003432 
   6.1464438    50.0009081 
   6.1465048    50.0012851 
   6.1464948    50.001778  
   6.1465508    50.002415  
   6.1467447    50.0028649 
   6.1468087    50.0030099 
   6.1484525    50.0051197 
   6.1491534    50.0060656 
   6.1492284    50.0062176 
   6.1493474    50.0064585 
   6.1494963    50.0069195 
   6.1495953    50.0076594 
   6.1498423    50.0088613 
   6.1498383    50.0089912 
   6.1497013    50.0091212 
   6.1490424    50.0095782 
   6.1486994    50.0098491 
   6.1483795    50.0101961 
   6.1481515    50.0103381 
   6.1478576    50.0104371 
   6.1477156    50.0104371 
   6.1475886    50.0104331 
   6.1472977    50.0103761 
   6.1467157    50.0102541 
   6.1461328    50.0102041 
   6.144627     50.0102801 
   6.1435472    50.0103871 
   6.1419534    50.0104481 
   6.1404236    50.0105631 
   6.1397927    50.0106311 
   6.1392518    50.010757  
   6.1388229    50.010883  
   6.137983     50.011326  
   6.137665     50.01157   
   6.1374901    50.0117839 
   6.1361933    50.0133668 
   6.1351634    50.0143696 
   6.1348235    50.0145986 
   6.1344795    50.0149116 
   6.1342275    50.0152015 
   6.1336826    50.0155865 
   6.1319939    50.0166514 
   6.131407     50.0170973 
   6.1303811    50.0176653 
   6.1299332    50.0178792 
   6.1297222    50.0180092 
   6.1296082    50.0181652 
   6.1296542    50.0183672 
   6.1299572    50.0189401 
   6.1302181    50.0190811 
   6.131427     50.0193371 
   6.1317419    50.0193251 
   6.1324018    50.0190851 
   6.1327838    50.0188561 
   6.1330387    50.0186572 
   6.1332857    50.0183712 
   6.1339316    50.0175213 
   6.1343275    50.0170933 
   6.1351034    50.0163724 
   6.1354404    50.0161594 
   6.1360113    50.0159375 
   6.1364162    50.0158195 
   6.1369062    50.0157665 
   6.1373151    50.0157895 
   6.137735     50.0158885 
   6.138157     50.0161094 
   6.1385549    50.0164604 
   6.1393068    50.0173183 
   6.1395948    50.0175433 
   6.1400847    50.0177653 
   6.1407496    50.0179522 
   6.1412165    50.0181882 
   6.1416165    50.0184512 
   6.1429713    50.0195201 
   6.1436972    50.020004  
   6.144824     50.0209499 
   6.1456799    50.0219878 
   6.1458989    50.0222927 
   6.1458699    50.0226097 
   6.1457989    50.0227967 
   6.1456159    50.0230407 
   6.1454099    50.0232006 
   6.1445941    50.0235826 
   6.1442311    50.0237956 
   6.1433202    50.0244675 
   6.1430933    50.0245975 
   6.1422594    50.0247345 
   6.1417865    50.0248455 
   6.1407306    50.0248675 
   6.1402797    50.0249634 
   6.138221     50.0257564 
   6.1376771    50.0259973 
   6.1367242    50.0264973 
   6.1343955    50.0273742 
   6.131362     50.028667  
   6.1303201    50.029179  
   6.1300232    50.02935   
   6.1298213    50.0297856 
   6.1296497    50.0303645 
   6.1296153    50.0307229 
   6.1296582    50.0314121 
   6.1298557    50.0320737 
   6.1299692    50.0325046 
   6.1302761    50.0328976 
   6.1306271    50.0334205 
   6.130949     50.0337486 
   6.131066     50.0338895 
   6.131487     50.0342104 
   6.1317358    50.0344331 
   6.1318839    50.0345764 
   6.1320599    50.0347783 
   6.1322109    50.0351143 
   6.1323058    50.0359802 
   6.1322968    50.0364722 
   6.1325348    50.0369791 
   6.1328878    50.0373001 
   6.1332827    50.037754  
   6.1339826    50.0387569 
   6.1344405    50.0395128 
   6.1344115    50.0398898 
   6.1343615    50.0401038 
   6.1343365    50.0402067 
   6.1341026    50.0407407 
   6.1338236    50.0412446 
   6.1333107    50.0420605 
   6.1332447    50.0421635 
   6.1323918    50.0433154 
   6.1321169    50.0436024 
   6.131434     50.0441013 
   6.1296332    50.0455471 
   6.1291533    50.0460051 
   6.1280305    50.047215  
   6.1275695    50.0477869 
   6.1272666    50.0480999 
   6.1264867    50.0493387 
   6.1263877    50.0494957 
   6.1259038    50.0500716 
   6.1254198    50.0507166 
   6.1250819    50.0510595 
   6.1248489    50.0512165 
   6.124238     50.0514565 
   6.1226113    50.0520364 
   6.1222263    50.0522074 
   6.1219773    50.0523524 
   6.1217944    50.0525094 
   6.1213524    50.0532873 
   6.1212804    50.0534893 
   6.1212525    50.0538792 
   6.1210895    50.0541802 
   6.1211505    50.0544431 
   6.1216134    50.0549091 
   6.1222563    50.055405  
   6.1227852    50.055901  
   6.1228692    50.056     
   6.1231372    50.0563089 
   6.1239571    50.0580057 
   6.124127     50.0585017 
   6.124137     50.0591966 
   6.1240381    50.0596426 
   6.1238991    50.0598145 
   6.1236491    50.0599705 
   6.1233332    50.0601315 
   6.1230162    50.0602415 
   6.1226343    50.0603405 
   6.1221393    50.0603945 
   6.1218244    50.0603905 
   6.1214224    50.0603025 
   6.1209745    50.0601655 
   6.1206405    50.0600055 
   6.1203596    50.0594676 
   6.1202966    50.0592386 
   6.1204486    50.0582997 
   6.1204856    50.0575448 
   6.1204266    50.0571138 
   6.1203186    50.0568499 
   6.1201866    50.0567059 
   6.1199206    50.0565409 
   6.1196077    50.0564539 
   6.1192048    50.0564079 
   6.1191151    50.0564406 
   6.1186658    50.0563889 
   6.1182629    50.0563129 
   6.117748     50.0562819 
   6.117477     50.0563349 
   6.1165561    50.0566669 
   6.1147644    50.0573118 
   6.1143355    50.0574798 
   6.1138805    50.0577388 
   6.1135626    50.0579378 
   6.1132416    50.0582387 
   6.1130356    50.0584827 
   6.1127117    50.0589596 
   6.1126553    50.0590608 
   6.1124567    50.0594026 
   6.1123607    50.0596926 
   6.1123767    50.0600705 
   6.1124157    50.0602685 
   6.1124587    50.0604895 
   6.1126317    50.0608064 
   6.1138885    50.0632212 
   6.1139725    50.0635531 
   6.1138315    50.064613  
   6.1137885    50.064938  
   6.1136926    50.0652849 
   6.1137565    50.0654449 
   6.1139625    50.0655479 
   6.1149454    50.0658339 
   6.1152143    50.0658379 
   6.1155073    50.0657959 
   6.1157053    50.0657349 
   6.1161132    50.0655369 
   6.1171571    50.06488   
   6.117746     50.06464   
   6.1184009    50.064457  
   6.1189848    50.064434  
   6.1197467    50.064541  
   6.1203716    50.064716  
   6.1206825    50.064896  
   6.1208375    50.065098  
   6.1209455    50.0655629 
   6.1212265    50.0684886 
   6.1212885    50.0687785 
   6.1214424    50.0689395 
   6.1219094    50.0691455 
   6.1234232    50.0699084 
   6.1257828    50.0709113 
   6.1262717    50.0711783 
   6.1269786    50.0718762 
   6.1275126    50.0720982 
   6.1282005    50.0724941 
   6.1288434    50.0729901 
   6.1292393    50.073341  
   6.1293043    50.073532  
   6.1292323    50.073761  
   6.1290703    50.0740509 
   6.1287934    50.0744249 
   6.1284284    50.0747109 
   6.1272256    50.0753368 
   6.1261798    50.0759777 
   6.1254519    50.0765537 
   6.1251309    50.0768546 
   6.1249049    50.0769386 
   6.124681     50.0769346 
   6.124501     50.0769196 
   6.124167     50.0768016 
   6.1234562    50.0764197 
   6.1228882    50.0755458 
   6.1224723    50.0750238 
   6.1222113    50.0745739 
   6.1220394    50.0741649 
   6.1218554    50.073166  
   6.1216824    50.0728911 
   6.1214374    50.0727161 
   6.1211485    50.0725671 
   6.1208805    50.0724641 
   6.1205906    50.0724181 
   6.1200746    50.0723841 
   6.1194677    50.0724101 
   6.1191758    50.0724491 
   6.117569     50.0730441 
   6.117343     50.073158  
   6.1167031    50.073761  
   6.1161742    50.0744059 
   6.1162162    50.0745959 
   6.1163692    50.0747989 
   6.1168121    50.0751228 
   6.117346     50.0753398 
   6.117901     50.0756648 
   6.1180999    50.0758707 
   6.1181179    50.0760577 
   6.1180669    50.0764767 
   6.1182169    50.0767666 
   6.1200516    50.0783425 
   6.1206236    50.0789414 
   6.1214554    50.0800633 
   6.1218864    50.0810512 
   6.1219924    50.082333  
   6.1221393    50.0830989 
   6.1221114    50.0834239 
   6.1220134    50.0835759 
   6.1205816    50.0847207 
   6.120108     50.0851857 
   6.1198368    50.0855002 
   6.1196807    50.0857276 
   6.1196077    50.0860446 
   6.1195997    50.0864486 
   6.1196397    50.0867385 
   6.1196777    50.0870855 
   6.1194217    50.0887333 
   6.1193898    50.0893252 
   6.1194897    50.0899202 
   6.1198677    50.091282  
   6.1200167    50.091702  
   6.1202576    50.0920369 
   6.1212935    50.0930748 
   6.1215814    50.0933078 
   6.1220264    50.0935438 
   6.1223383    50.0936737 
   6.1226283    50.0937077 
   6.1230112    50.0937077 
   6.1233492    50.0936697 
   6.1235512    50.0936427 
   6.124274     50.0934148 
   6.124725     50.0932468 
   6.1254699    50.0930638 
   6.1267205    50.092941  
   6.1277458    50.0927249 
   6.1285699    50.0925358 
   6.1289654    50.0924259 
   6.1293463    50.0923579 
   6.1299082    50.0923199 
   6.1305361    50.0923229 
   6.1310081    50.0923579 
   6.131655     50.0925069 
   6.1320119    50.0926249 
   6.1326128    50.0929068 
   6.1328788    50.0930978 
   6.1329878    50.0932698 
   6.1330288    50.0935018 
   6.1329728    50.0940817 
   6.1328078    50.0944826 
   6.1326018    50.0946996 
   6.1323739    50.0948716 
   6.1321929    50.0949436 
   6.1318769    50.0950126 
   6.131563     50.0950236 
   6.1311151    50.0949896 
   6.1296323    50.0949936 
   6.1288664    50.0951006 
   6.1285494    50.0952566 
   6.1282765    50.0954855 
   6.1278405    50.0959775 
   6.1263447    50.0978583 
   6.1259508    50.0985072 
   6.1258398    50.0987742 
   6.1256948    50.0994341 
   6.1256758    50.099998  
   6.1256389    50.1011009 
   6.1257018    50.1013069 
   6.1258918    50.1015549 
   6.1270227    50.1020508 
   6.1285804    50.1024548 
   6.1294993    50.1027187 
   6.1301622    50.1028327 
   6.1303972    50.1028447 
   6.1323039    50.1025087 
   6.1329238    50.1024818 
   6.1339506    50.1025547 
   6.1345056    50.1026917 
   6.1349765    50.1028597 
   6.1353594    50.1030537 
   6.1355934    50.1032337 
   6.1356994    50.1034506 
   6.1357194    50.1036036 
   6.1353934    50.1041646 
   6.1351125    50.1045495 
   6.1348315    50.1048245 
   6.1346166    50.1049885 
   6.1343586    50.1051365 
   6.1337567    50.1053964 
   6.1327268    50.1056404 
   6.1322979    50.1058044 
   6.131826     50.1060254 
   6.131546     50.1062013 
   6.131352     50.1064333 
   6.131244     50.1066283 
   6.1310671    50.1073422 
   6.1310651    50.1075592 
   6.131242     50.1083371 
   6.131314     50.1084981 
   6.131546     50.108799  
   6.1321189    50.109432  
   6.1335827    50.1109348 
   6.1341556    50.1115687 
   6.1344956    50.1120107 
   6.1348965    50.1126176 
   6.1350005    50.1128656 
   6.1349995    50.1131666 
   6.1349555    50.1133155 
   6.1347395    50.1135215 
   6.1345676    50.1136435 
   6.1343086    50.1137695 
   6.1340086    50.1138075 
   6.1324479    50.1137505 
   6.131571     50.1137465 
   6.1310371    50.1138005 
   6.1305432    50.1138955 
   6.1296843    50.1142504 
   6.1293823    50.1144944 
   6.1282365    50.1158103 
   6.1281435    50.1160812 
   6.1281715    50.1164125 
   6.1282275    50.1164662 
   6.1283095    50.1167561 
   6.1287104    50.1176381 
   6.1288614    50.11805   
   6.1289204    50.1186179 
   6.1289784    50.1188469 
   6.1294443    50.1200598 
   6.1295363    50.1212276 
   6.1296213    50.1213916 
   6.1299392    50.1216966 
   6.1304492    50.1219826 
   6.13188      50.1224705 
   6.1324129    50.1226925 
   6.1334377    50.1229285 
   6.1348275    50.1231114 
   6.1352115    50.1232224 
   6.1357234    50.1234704 
   6.1362983    50.1238713 
   6.1366383    50.1241873 
   6.1369952    50.1248622 
   6.1371202    50.1252322 
   6.1373312    50.1256332 
   6.1373522    50.1258541 
   6.1373362    50.1263051 
   6.1377741    50.1262131 
   6.1378871    50.1261901 
   6.1380641    50.126972  
   6.1380641    50.127392  
   6.1379541    50.1275979 
   6.1378281    50.1278339 
   6.1379331    50.1280669 
   6.1379281    50.1286158 
   6.1377094    50.1294922 
   6.1377071    50.1294977 
END

END
