POLY
1
   18.44965  42.562817
   18.432432  42.544109
   18.431955  42.525497
   18.440058  42.516014
   18.431479  42.506878
   18.430525  42.495636
   18.435768  42.485443
   18.445299  42.480873
   18.456738  42.477711
   18.468012  42.468525
   18.472475  42.46384
   18.481573  42.45396
   18.493418  42.44117
   18.500456  42.435722
   18.503202  42.43306
   18.505434  42.431034
   18.51643  42.421013
   18.532728  42.404926
   18.54217  42.39225
   18.524488  42.363972
   18.579622  42.270107
   18.732447  42.194019
   18.92054  42.052532
   19.054554  41.924568
   19.313181  41.80352
   19.361883  41.853893
   19.373039  41.850731
   19.373259  41.851509
   19.373348  41.852669
   19.373535  41.854443
   19.373289  41.855698
   19.373062  41.856781
   19.37314  41.857613
   19.373535  41.858437
   19.373817  41.858807
   19.374008  41.859211
   19.374182  41.860092
   19.374405  41.861271
   19.374557  41.861858
   19.374762  41.86272
   19.375019  41.863564
   19.374987  41.864861
   19.374653  41.866993
   19.374552  41.868774
   19.37431  41.870575
   19.374365  41.871704
   19.374493  41.872864
   19.374979  41.874393
   19.375  41.875591
   19.375319  41.876312
   19.375746  41.876984
   19.376999  41.878487
   19.378468  41.880291
   19.379612  41.881607
   19.380512  41.882645
   19.381159  41.883659
   19.381475  41.88446
   19.381639  41.885166
   19.38154  41.885498
   19.380951  41.886093
   19.380402  41.886581
   19.379494  41.886971
   19.378143  41.887165
   19.377422  41.887192
   19.376328  41.887238
   19.375319  41.887222
   19.374561  41.887215
   19.373913  41.887161
   19.373533  41.887157
   19.372484  41.887321
   19.371138  41.887604
   19.369764  41.888226
   19.369112  41.888573
   19.368696  41.889072
   19.368467  41.889725
   19.368309  41.89106
   19.36812  41.892212
   19.367897  41.893333
   19.367586  41.89444
   19.367405  41.89526
   19.366869  41.896088
   19.366573  41.896618
   19.366045  41.897739
   19.365158  41.89846
   19.364201  41.898956
   19.362492  41.899265
   19.361771  41.899391
   19.360168  41.899616
   19.358479  41.89978
   19.357092  41.89996
   19.355703  41.900177
   19.353495  41.900555
   19.352224  41.900963
   19.350988  41.901421
   19.34985  41.901764
   19.347286  41.902664
   19.345781  41.903316
   19.343809  41.904491
   19.343336  41.904854
   19.342947  41.905525
   19.342716  41.906235
   19.342592  41.90691
   19.342678  41.907681
   19.342772  41.908195
   19.34276  41.908661
   19.342911  41.909328
   19.342983  41.909798
   19.343662  41.911072
   19.344309  41.911972
   19.345188  41.912731
   19.346094  41.913292
   19.347708  41.914001
   19.348545  41.914253
   19.350714  41.914734
   19.353115  41.915154
   19.354633  41.915466
   19.35603  41.915672
   19.356926  41.915962
   19.358101  41.916153
   19.361151  41.91666
   19.362032  41.916782
   19.363314  41.917027
   19.364809  41.917488
   19.366945  41.918499
   19.36858  41.919449
   19.369524  41.920116
   19.370796  41.921585
   19.371363  41.922474
   19.371737  41.923439
   19.371717  41.924202
   19.371544  41.924843
   19.371122  41.92598
   19.370756  41.926586
   19.369989  41.927605
   19.369263  41.928635
   19.368948  41.928913
   19.368393  41.929405
   19.36717  41.930222
   19.365398  41.931171
   19.363539  41.932205
   19.361744  41.933208
   19.360216  41.933987
   19.359913  41.934189
   19.357208  41.935555
   19.356663  41.935852
   19.355618  41.936554
   19.354013  41.937771
   19.352676  41.938828
   19.351873  41.939453
   19.350981  41.941055
   19.35043  41.942074
   19.35026  41.943619
   19.350183  41.944206
   19.350197  41.945171
   19.35055  41.946728
   19.350765  41.94772
   19.351151  41.948883
   19.351488  41.950207
   19.351717  41.9515
   19.351564  41.953194
   19.351397  41.954609
   19.351355  41.956223
   19.351963  41.957226
   19.352404  41.957855
   19.353712  41.958744
   19.355013  41.959332
   19.356562  41.959743
   19.358974  41.96022
   19.361855  41.960358
   19.363689  41.960419
   19.366072  41.960354
   19.368824  41.960392
   19.370134  41.960461
   19.370628  41.960529
   19.373531  41.96077
   19.374865  41.960876
   19.376463  41.961098
   19.378784  41.961388
   19.380207  41.961361
   19.382561  41.961456
   19.384571  41.962273
   19.386078  41.963375
   19.387897  41.965294
   19.388212  41.965736
   19.388636  41.966362
   19.388628  41.966667
   19.388542  41.966862
   19.388208  41.967205
   19.387524  41.96777
   19.386507  41.96862
   19.38405  41.970146
   19.378374  41.973213
   19.377882  41.973419
   19.376978  41.973816
   19.376625  41.974113
   19.376371  41.974503
   19.376238  41.974949
   19.376181  41.97554
   19.376282  41.976421
   19.376307  41.977013
   19.376543  41.978104
   19.376905  41.979004
   19.377474  41.979847
   19.381325  41.984478
   19.381618  41.984951
   19.381826  41.985577
   19.3818  41.985817
   19.38175  41.986164
   19.381554  41.986691
   19.381172  41.987381
   19.380978  41.987846
   19.380964  41.988361
   19.38096  41.98933
   19.381107  41.990726
   19.382368  41.995384
   19.38254  41.995857
   19.382511  41.996143
   19.382095  41.996517
   19.381413  41.997036
   19.380709  41.997498
   19.38022  41.997566
   19.379738  41.99736
   19.379515  41.997345
   19.379271  41.997341
   19.379042  41.997517
   19.379015  41.997688
   19.378969  41.997971
   19.379038  41.998516
   19.379509  41.999161
   19.379623  41.999481
   19.379957  41.999969
   19.379951  42.000214
   19.380127  42.000832
   19.380194  42.001465
   19.380159  42.001709
   19.379993  42.00201
   19.379391  42.00243
   19.378475  42.002773
   19.377539  42.003174
   19.376396  42.003712
   19.375607  42.004196
   19.374954  42.00444
   19.37446  42.004475
   19.374014  42.004753
   19.373938  42.005569
   19.373531  42.006584
   19.373285  42.007217
   19.37331  42.008118
   19.373201  42.008667
   19.372993  42.009319
   19.373074  42.009903
   19.373114  42.010223
   19.372665  42.011936
   19.371996  42.01302
   19.371361  42.013718
   19.371183  42.014088
   19.371716  42.014664
   19.371714  42.01569
   19.371843  42.017109
   19.371862  42.017349
   19.371412  42.019169
   19.371578  42.020161
   19.371782  42.020538
   19.372862  42.021065
   19.373264  42.022079
   19.373224  42.022717
   19.372879  42.023224
   19.372589  42.023415
   19.369694  42.024082
   19.369467  42.024574
   19.369474  42.024757
   19.369686  42.025303
   19.36982  42.025711
   19.369755  42.026367
   19.36974  42.027798
   19.369682  42.028202
   19.369316  42.028587
   19.369167  42.028831
   19.369272  42.029385
   19.369806  42.029835
   19.369968  42.030048
   19.369871  42.031075
   19.370264  42.031506
   19.370909  42.032326
   19.371731  42.032722
   19.371918  42.032867
   19.371857  42.033379
   19.371414  42.033958
   19.371143  42.034306
   19.370279  42.035515
   19.370251  42.035763
   19.370264  42.036152
   19.370527  42.037025
   19.371893  42.039429
   19.372108  42.040264
   19.372545  42.04089
   19.373072  42.04174
   19.373529  42.042683
   19.373863  42.044117
   19.374386  42.045055
   19.374554  42.046101
   19.375414  42.046055
   19.376389  42.047581
   19.377012  42.049156
   19.378986  42.051247
   19.379593  42.05201
   19.379545  42.052299
   19.378468  42.053299
   19.378254  42.053993
   19.377773  42.056019
   19.377701  42.057354
   19.377125  42.060017
   19.377436  42.061619
   19.37808  42.063061
   19.378647  42.064331
   19.37879  42.066364
   19.378445  42.072285
   19.378836  42.07275
   19.381271  42.075222
   19.384773  42.078911
   19.385971  42.079376
   19.398674  42.10511
   19.397987  42.112751
   19.344429  42.154251
   19.30941  42.178169
   19.29705  42.19191
   19.301857  42.197502
   19.335159  42.22929
   19.347862  42.243778
   19.356789  42.259026
   19.370522  42.273762
   19.379105  42.281128
   19.386314  42.289257
   19.396614  42.305256
   19.414467  42.320995
   19.416294  42.327751
   19.420195  42.329689
   19.418123  42.331959
   19.417377  42.332829
   19.416718  42.334785
   19.416067  42.338089
   19.415855  42.339798
   19.415249  42.34304
   19.414885  42.345024
   19.413935  42.34935
   19.413706  42.350357
   19.413715  42.350857
   19.413877  42.351059
   19.416656  42.352467
   19.418673  42.353352
   19.420288  42.354259
   19.421169  42.354626
   19.422266  42.355293
   19.4228  42.355785
   19.423246  42.356415
   19.423643  42.357288
   19.424297  42.358871
   19.424366  42.359333
   19.42371  42.360352
   19.423136  42.361481
   19.422705  42.362797
   19.422352  42.3643
   19.4223  42.364655
   19.422491  42.365421
   19.422565  42.365826
   19.422535  42.366199
   19.422434  42.366882
   19.422689  42.367599
   19.423367  42.368187
   19.424223  42.368614
   19.424555  42.368851
   19.425175  42.370045
   19.42543  42.370792
   19.425465  42.371059
   19.425203  42.371475
   19.42528  42.371758
   19.426144  42.372513
   19.426661  42.373077
   19.427114  42.373409
   19.428284  42.373768
   19.42926  42.374172
   19.430498  42.375061
   19.431908  42.376713
   19.432753  42.377701
   19.434155  42.378761
   19.435699  42.380013
   19.436857  42.380806
   19.438311  42.381477
   19.439554  42.381924
   19.440283  42.382198
   19.440987  42.382629
   19.441736  42.382904
   19.443487  42.383472
   19.445398  42.384384
   19.446873  42.385044
   19.447521  42.385208
   19.448364  42.385094
   19.449652  42.384876
   19.450071  42.384869
   19.450779  42.384895
   19.452087  42.384712
   19.453358  42.384323
   19.453609  42.384312
   19.454275  42.384583
   19.455025  42.384892
   19.457958  42.386066
   19.459538  42.386772
   19.460299  42.38718
   19.461836  42.387932
   19.463123  42.388557
   19.464479  42.38895
   19.465834  42.38937
   19.466759  42.38937
   19.467852  42.389381
   19.468225  42.389545
   19.468447  42.390015
   19.468603  42.39045
   19.469351  42.39085
   19.469982  42.391136
   19.471901  42.391705
   19.472357  42.392006
   19.472902  42.393772
   19.473101  42.394257
   19.473661  42.394577
   19.47489  42.395012
   19.475285  42.395172
   19.475529  42.395565
   19.475746  42.396282
   19.47596  42.396969
   19.476158  42.397518
   19.476957  42.398319
   19.477362  42.398949
   19.477856  42.400307
   19.478153  42.401241
   19.478603  42.402588
   19.478855  42.403522
   19.479427  42.404202
   19.480501  42.404991
   19.481829  42.405712
   19.482706  42.406296
   19.483631  42.407116
   19.484678  42.408203
   19.48564  42.40929
   19.486544  42.410126
   19.48731  42.410816
   19.487593  42.412159
   19.48843  42.414085
   19.489347  42.416153
   19.491114  42.420322
   19.492018  42.422493
   19.492575  42.424053
   19.493134  42.424244
   19.494049  42.423786
   19.494694  42.423717
   19.495165  42.424309
   19.496599  42.42411
   19.497206  42.423454
   19.497265  42.423447
   19.49822  42.423458
   19.498144  42.425632
   19.498072  42.427353
   19.49852  42.431683
   19.498964  42.432068
   19.499262  42.432568
   19.499588  42.432953
   19.499767  42.432995
   19.500443  42.432774
   19.501163  42.432747
   19.502211  42.43314
   19.503019  42.433723
   19.503651  42.43441
   19.50379  42.435081
   19.503799  42.435802
   19.5035  42.436428
   19.503359  42.436962
   19.503353  42.437225
   19.503731  42.437538
   19.504932  42.437973
   19.506382  42.43819
   19.507383  42.438377
   19.508654  42.439098
   19.509573  42.439396
   19.511265  42.439758
   19.512314  42.44006
   19.513567  42.440437
   19.515129  42.440762
   19.516382  42.44112
   19.518042  42.441753
   19.519009  42.442261
   19.519594  42.442738
   19.519773  42.44392
   19.519629  42.444622
   19.519228  42.44521
   19.518438  42.445923
   19.518246  42.446415
   19.518127  42.447079
   19.518267  42.447895
   19.518511  42.448452
   19.519089  42.449051
   19.520021  42.44994
   19.521177  42.451172
   19.522411  42.452351
   19.523634  42.453487
   19.524927  42.454323
   19.526421  42.455448
   19.528145  42.456612
   19.530178  42.457802
   19.53112  42.458492
   19.532175  42.459667
   19.532848  42.460629
   19.533484  42.462124
   19.534002  42.463287
   19.534658  42.464912
   19.534924  42.465717
   19.535397  42.466408
   19.536497  42.46785
   19.537125  42.46875
   19.53858  42.471607
   19.539524  42.473122
   19.540428  42.47435
   19.541395  42.476002
   19.541798  42.476482
   19.542427  42.477081
   19.543158  42.477795
   19.543758  42.478584
   19.544615  42.479717
   19.545538  42.481079
   19.546202  42.482422
   19.546696  42.483341
   19.547266  42.484619
   19.547573  42.485901
   19.548019  42.48661
   19.548475  42.486961
   19.549118  42.487083
   19.550486  42.486965
   19.551571  42.486866
   19.552343  42.486858
   19.5527  42.487072
   19.553547  42.488377
   19.554813  42.489643
   19.55621  42.491661
   19.557539  42.493221
   19.558668  42.49485
   19.559484  42.496292
   19.560251  42.497749
   19.56143  42.4995
   19.562136  42.500065
   19.562929  42.501209
   19.562569  42.504696
   19.562197  42.51062
   19.561991  42.51392
   19.562696  42.514248
   19.568249  42.516644
   19.569723  42.517284
   19.575985  42.519947
   19.581968  42.522518
   19.585836  42.524193
   19.5902  42.525906
   19.593081  42.527164
   19.595778  42.528187
   19.601559  42.530281
   19.602711  42.530918
   19.603495  42.531895
   19.604187  42.532814
   19.605005  42.534771
   19.605734  42.535049
   19.607563  42.535545
   19.607491  42.535831
   19.606319  42.537045
   19.605438  42.53783
   19.605589  42.537914
   19.607496  42.538494
   19.6096  42.539093
   19.611387  42.539227
   19.612499  42.539471
   19.614548  42.540611
   19.617506  42.542545
   19.616453  42.543102
   19.615288  42.544044
   19.614931  42.544582
   19.615108  42.545349
   19.615938  42.54686
   19.616158  42.547691
   19.615885  42.548306
   19.614824  42.549427
   19.614677  42.55024
   19.614693  42.551498
   19.614231  42.55267
   19.613779  42.553539
   19.613218  42.555496
   19.612591  42.557465
   19.612322  42.558765
   19.611975  42.559811
   19.610853  42.560741
   19.610275  42.561466
   19.609928  42.562271
   19.609774  42.563404
   19.609764  42.563866
   19.610723  42.565392
   19.611387  42.56699
   19.611563  42.567822
   19.612055  42.569057
   19.612055  42.570061
   19.611668  42.5709
   19.610872  42.572258
   19.610132  42.573555
   19.610006  42.574337
   19.610155  42.575455
   19.611301  42.57663
   19.612967  42.578327
   19.615667  42.580681
   19.617582  42.582821
   19.619728  42.585274
   19.621702  42.586781
   19.622904  42.587898
   19.623514  42.58852
   19.624834  42.589832
   19.625702  42.590603
   19.626423  42.591335
   19.627584  42.592609
   19.62775  42.592918
   19.627348  42.593243
   19.629564  42.595024
   19.630817  42.595989
   19.632996  42.597691
   19.63372  42.598282
   19.635057  42.599415
   19.635977  42.600143
   19.63694  42.600883
   19.638536  42.602657
   19.639437  42.603527
   19.641108  42.605251
   19.642277  42.606342
   19.643778  42.607922
   19.644373  42.608627
   19.646034  42.610283
   19.646791  42.611042
   19.64784  42.612148
   19.649405  42.613686
   19.65131  42.615807
   19.652048  42.616707
   19.653776  42.618618
   19.655048  42.620037
   19.656328  42.621506
   19.657097  42.62236
   19.658775  42.624218
   19.660337  42.62606
   19.661432  42.627159
   19.662195  42.628208
   19.662817  42.628632
   19.664808  42.629635
   19.665545  42.630157
   19.66728  42.631321
   19.66778  42.631191
   19.670897  42.629997
   19.672237  42.629581
   19.67296  42.629047
   19.673737  42.628353
   19.675451  42.628086
   19.677235  42.627884
   19.678064  42.627972
   19.679607  42.628063
   19.679951  42.628189
   19.680435  42.628807
   19.680815  42.629292
   19.681601  42.630177
   19.682432  42.630756
   19.683304  42.631416
   19.684055  42.632919
   19.684687  42.633408
   19.685125  42.634018
   19.685501  42.63496
   19.686216  42.63578
   19.686401  42.636177
   19.686363  42.637489
   19.686769  42.638542
   19.687025  42.638966
   19.688095  42.638363
   19.689121  42.637981
   19.689808  42.637897
   19.690031  42.637897
   19.691385  42.638851
   19.692293  42.6394
   19.69327  42.639946
   19.693939  42.640972
   19.694157  42.641266
   19.694935  42.641502
   19.696487  42.641727
   19.697144  42.641922
   19.697914  42.642494
   19.69858  42.643318
   19.699081  42.644131
   19.699244  42.644596
   19.700016  42.644947
   19.700102  42.646122
   19.700272  42.647259
   19.699095  42.648369
   19.698889  42.648911
   19.698915  42.649666
   19.699463  42.65062
   19.700039  42.651108
   19.701641  42.651619
   19.703087  42.65226
   19.703537  42.652538
   19.703875  42.653103
   19.703981  42.654263
   19.704041  42.655529
   19.704281  42.655815
   19.705317  42.655201
   19.706068  42.654629
   19.706699  42.654636
   19.708109  42.654926
   19.70945  42.655342
   19.710836  42.655663
   19.712183  42.655773
   19.713387  42.656078
   19.71431  42.656631
   19.714443  42.657532
   19.716415  42.65799
   19.717955  42.658295
   19.718901  42.658882
   19.719995  42.659634
   19.721548  42.66008
   19.722586  42.660461
   19.723576  42.661049
   19.724142  42.661026
   19.72563  42.660606
   19.726328  42.660568
   19.727507  42.661167
   19.727638  42.66045
   19.727976  42.660004
   19.729177  42.659271
   19.732311  42.657318
   19.733088  42.656895
   19.734295  42.654724
   19.735207  42.653542
   19.735048  42.651901
   19.735247  42.651047
   19.736248  42.649963
   19.737194  42.648277
   19.737329  42.64724
   19.737762  42.646294
   19.737841  42.645824
   19.737406  42.643719
   19.737989  42.642952
   19.738363  42.642628
   19.740011  42.642223
   19.740973  42.641968
   19.74283  42.641331
   19.74452  42.641098
   19.746325  42.640865
   19.748512  42.640739
   19.750055  42.640236
   19.75144  42.639999
   19.752699  42.63942
   19.75396  42.638687
   19.75539  42.637856
   19.756079  42.637119
   19.75679  42.635239
   19.75728  42.634323
   19.757292  42.633755
   19.756659  42.63335
   19.755192  42.632587
   19.754326  42.632107
   19.75209  42.631062
   19.750835  42.629856
   19.749754  42.628304
   19.749773  42.627384
   19.750107  42.62598
   19.750229  42.624889
   19.750973  42.623009
   19.752014  42.621452
   19.75322  42.620152
   19.753572  42.619308
   19.753231  42.618343
   19.752304  42.615849
   19.751701  42.614025
   19.751707  42.613705
   19.751778  42.613506
   19.752491  42.613216
   19.754118  42.612686
   19.755878  42.612209
   19.756966  42.611725
   19.758457  42.611217
   19.759712  42.61076
   19.760458  42.61047
   19.760574  42.609749
   19.760769  42.60878
   19.760921  42.607914
   19.761244  42.606899
   19.761768  42.605911
   19.763008  42.604507
   19.764256  42.602757
   19.765499  42.601105
   19.766108  42.600094
   19.766769  42.599033
   19.76749  42.59827
   19.768612  42.59771
   19.769995  42.597652
   19.770948  42.597065
   19.772516  42.596088
   19.772507  42.594795
   19.773027  42.594006
   19.773861  42.592747
   19.775284  42.592216
   19.775669  42.591473
   19.775713  42.59103
   19.775402  42.58976
   19.774841  42.58913
   19.774982  42.588783
   19.775509  42.587723
   19.77556  42.586826
   19.776108  42.586361
   19.776079  42.586086
   19.775953  42.58564
   19.776049  42.584225
   19.775084  42.583668
   19.774618  42.582829
   19.774706  42.582691
   19.775097  42.582481
   19.775053  42.582233
   19.774921  42.581551
   19.774647  42.580799
   19.774366  42.580315
   19.774122  42.580437
   19.773827  42.580666
   19.773287  42.581089
   19.772654  42.581387
   19.771845  42.581913
   19.771362  42.581905
   19.770704  42.582222
   19.770267  42.582287
   19.769451  42.581993
   19.76877  42.582237
   19.767712  42.582829
   19.767324  42.583271
   19.766499  42.583523
   19.765423  42.583866
   19.764118  42.584145
   19.762871  42.583939
   19.761688  42.58363
   19.761103  42.583405
   19.760677  42.582825
   19.760525  42.582455
   19.760035  42.581341
   19.759541  42.580425
   19.759037  42.579987
   19.758127  42.57996
   19.757555  42.580025
   19.757193  42.580173
   19.755627  42.581097
   19.753872  42.581497
   19.753168  42.581558
   19.752048  42.581604
   19.751593  42.5816
   19.751486  42.581261
   19.751497  42.580715
   19.751486  42.580338
   19.751476  42.57983
   19.751541  42.579483
   19.751678  42.579247
   19.752277  42.578705
   19.752836  42.578419
   19.753242  42.578033
   19.753325  42.577709
   19.753328  42.577473
   19.752802  42.577312
   19.752176  42.577221
   19.751539  42.576866
   19.750639  42.576351
   19.749838  42.575928
   19.749086  42.575569
   19.748514  42.575241
   19.748234  42.575119
   19.74806  42.574062
   19.748075  42.573326
   19.748514  42.573097
   19.749447  42.571793
   19.750147  42.571156
   19.751451  42.5704
   19.752626  42.569515
   19.753168  42.569046
   19.753372  42.568317
   19.753542  42.567436
   19.75349  42.567101
   19.753447  42.566597
   19.753376  42.566273
   19.75325  42.56599
   19.753292  42.565754
   19.753567  42.56525
   19.753977  42.564697
   19.754042  42.564304
   19.75379  42.563587
   19.753614  42.562885
   19.753527  42.562519
   19.753122  42.561913
   19.752747  42.56171
   19.752151  42.56105
   19.751223  42.560074
   19.750463  42.559055
   19.749969  42.558224
   19.749601  42.557495
   19.749224  42.556484
   19.749027  42.555878
   19.749033  42.555557
   19.749365  42.555084
   19.749432  42.554607
   19.749495  42.554272
   19.749479  42.554089
   19.749298  42.553585
   19.749388  42.552971
   19.749666  42.552231
   19.749771  42.551754
   19.749844  42.551025
   19.749662  42.550564
   19.749123  42.550037
   19.748695  42.549557
   19.748516  42.549343
   19.745632  42.548447
   19.744373  42.547588
   19.743706  42.545826
   19.743486  42.545067
   19.744059  42.543991
   19.744324  42.543163
   19.744621  42.542549
   19.745819  42.541679
   19.745995  42.540699
   19.74622  42.539944
   19.746746  42.539314
   19.747374  42.538353
   19.747681  42.537342
   19.747847  42.536686
   19.74806  42.536476
   19.748516  42.536339
   19.749369  42.536026
   19.750465  42.535252
   19.751301  42.534195
   19.752254  42.532948
   19.752701  42.532417
   19.752863  42.531986
   19.752831  42.531677
   19.752613  42.531174
   19.752607  42.530499
   19.752619  42.529896
   19.752663  42.529591
   19.753004  42.528641
   19.75355  42.527916
   19.754591  42.526989
   19.755255  42.526455
   19.756594  42.525906
   19.756886  42.525532
   19.757029  42.525017
   19.757519  42.524223
   19.758293  42.523346
   19.758764  42.522594
   19.759083  42.522026
   19.75964  42.520718
   19.759932  42.51936
   19.760212  42.518536
   19.760357  42.518009
   19.760462  42.517475
   19.760471  42.51704
   19.760424  42.516521
   19.760378  42.516033
   19.760405  42.515598
   19.760851  42.515083
   19.761337  42.514416
   19.761616  42.513748
   19.761639  42.513592
   19.761343  42.512306
   19.761087  42.510818
   19.760977  42.50975
   19.761047  42.509125
   19.761343  42.508553
   19.762117  42.507648
   19.762995  42.506466
   19.763872  42.505203
   19.764408  42.504398
   19.765207  42.503284
   19.765795  42.502254
   19.765915  42.502151
   19.766546  42.501617
   19.767483  42.501278
   19.769009  42.50079
   19.770399  42.50037
   19.772091  42.5
   19.773262  42.499496
   19.774136  42.498951
   19.775614  42.498375
   19.777222  42.497887
   19.779287  42.497246
   19.780766  42.496708
   19.781328  42.496269
   19.781815  42.495548
   19.782393  42.494667
   19.783245  42.493519
   19.783895  42.492802
   19.784727  42.491932
   19.785416  42.491173
   19.786186  42.490097
   19.787029  42.48872
   19.787569  42.487846
   19.788626  42.486305
   19.789398  42.485085
   19.789822  42.484383
   19.790564  42.483112
   19.791332  42.482182
   19.791908  42.481812
   19.792685  42.48135
   19.793774  42.480946
   19.795725  42.48024
   19.797697  42.479431
   19.799061  42.478806
   19.800306  42.478436
   19.801334  42.478123
   19.802317  42.477894
   19.803001  42.47784
   19.803316  42.477615
   19.803476  42.476871
   19.803917  42.476055
   19.804478  42.475639
   19.805267  42.475239
   19.805725  42.474655
   19.806324  42.474049
   19.807215  42.473442
   19.807819  42.473389
   19.808359  42.473309
   19.808722  42.47311
   19.809414  42.472633
   19.81002  42.472469
   19.810902  42.472359
   19.811443  42.472172
   19.81184  42.471924
   19.81278  42.471577
   19.813602  42.471272
   19.81444  42.470856
   19.815243  42.470623
   19.816273  42.470516
   19.817156  42.470295
   19.818466  42.46991
   19.81992  42.469475
   19.822083  42.468834
   19.823345  42.468475
   19.826937  42.467628
   19.828823  42.467018
   19.830462  42.466518
   19.8311  42.466385
   19.831295  42.466347
   19.831522  42.466434
   19.831694  42.466797
   19.831999  42.467896
   19.832352  42.468262
   19.832726  42.468338
   19.833443  42.468307
   19.834038  42.468426
   19.834438  42.468826
   19.835178  42.470219
   19.83567  42.470909
   19.836704  42.471497
   19.837864  42.47216
   19.838263  42.472622
   19.838417  42.473141
   19.838402  42.473984
   19.838047  42.474712
   19.836979  42.476933
   19.836348  42.478519
   19.836378  42.478642
   19.83667  42.478657
   19.837553  42.47858
   19.83812  42.478706
   19.839296  42.479443
   19.839945  42.479607
   19.840645  42.479671
   19.841183  42.47963
   19.8431  42.479084
   19.844196  42.478828
   19.845795  42.478535
   19.847395  42.478367
   19.848438  42.478416
   19.849184  42.478592
   19.849989  42.479153
   19.850597  42.479702
   19.850899  42.480198
   19.851139  42.480419
   19.851578  42.480816
   19.852461  42.481606
   19.853088  42.482048
   19.85323  42.482315
   19.853199  42.483097
   19.853611  42.483829
   19.854584  42.484131
   19.855627  42.484127
   19.856936  42.483875
   19.857342  42.483917
   19.858202  42.484104
   19.858381  42.484119
   19.858812  42.483704
   19.859747  42.48341
   19.860285  42.483356
   19.860987  42.483131
   19.862108  42.482372
   19.863358  42.481758
   19.864674  42.481106
   19.865374  42.481152
   19.86656  42.481308
   19.867472  42.481411
   19.86791  42.481487
   19.868053  42.481621
   19.867964  42.482117
   19.868021  42.482513
   19.868341  42.48288
   19.869358  42.483418
   19.870226  42.483898
   19.871601  42.484417
   19.87215  42.484711
   19.872309  42.484989
   19.872337  42.485233
   19.87203  42.485985
   19.871906  42.486515
   19.871935  42.486744
   19.872625  42.487362
   19.872766  42.487617
   19.872744  42.488041
   19.872652  42.488567
   19.872663  42.488785
   19.872898  42.489414
   19.873236  42.489731
   19.873516  42.489979
   19.87476  42.4902
   19.875481  42.490559
   19.875547  42.490784
   19.875542  42.49115
   19.875296  42.491936
   19.875212  42.492706
   19.875193  42.493793
   19.875553  42.494644
   19.876444  42.495346
   19.877979  42.495834
   19.878952  42.495895
   19.880159  42.495804
   19.881016  42.495522
   19.881641  42.495216
   19.882957  42.494926
   19.883904  42.49461
   19.884886  42.494186
   19.885649  42.493797
   19.886246  42.49308
   19.887087  42.491581
   19.88756  42.490986
   19.888432  42.490025
   19.889059  42.489613
   19.889973  42.489109
   19.891205  42.488625
   19.892061  42.488266
   19.892704  42.487984
   19.893444  42.487282
   19.89415  42.486877
   19.894388  42.486458
   19.894503  42.485909
   19.894793  42.4856
   19.895332  42.485172
   19.896151  42.48497
   19.897146  42.484756
   19.89814  42.484737
   19.898705  42.484928
   19.898945  42.485336
   19.899435  42.486691
   19.899738  42.487598
   19.899868  42.488308
   19.89986  42.488686
   19.900217  42.489052
   19.900953  42.489582
   19.902166  42.490131
   19.902853  42.490387
   19.902903  42.490623
   19.902678  42.491314
   19.902332  42.491783
   19.901876  42.492577
   19.90176  42.493164
   19.901768  42.493713
   19.901993  42.49411
   19.902517  42.494484
   19.903664  42.494873
   19.90509  42.495331
   19.905354  42.49548
   19.905439  42.495678
   19.905165  42.496365
   19.904726  42.49818
   19.904602  42.499123
   19.904575  42.4995
   19.904591  42.502033
   19.904799  42.503189
   19.905138  42.504227
   19.905766  42.505554
   19.906301  42.506496
   19.906523  42.506836
   19.906418  42.507267
   19.906317  42.50753
   19.906807  42.507343
   19.907984  42.507042
   19.909222  42.506908
   19.910231  42.506821
   19.910686  42.506824
   19.911985  42.506981
   19.913576  42.507191
   19.914936  42.507515
   19.916071  42.507744
   19.917168  42.507786
   19.918297  42.508301
   19.91968  42.509251
   19.920671  42.510101
   19.922115  42.511269
   19.922565  42.511658
   19.923376  42.511765
   19.924057  42.511913
   19.924715  42.512203
   19.925711  42.512936
   19.927231  42.513477
   19.92914  42.514095
   19.930853  42.514713
   19.93166  42.515156
   19.932302  42.515568
   19.933764  42.515701
   19.935062  42.515907
   19.936487  42.516232
   19.937363  42.516434
   19.938234  42.51685
   19.940006  42.517853
   19.940681  42.518291
   19.941265  42.518368
   19.942698  42.518333
   19.943581  42.518051
   19.945391  42.516384
   19.946251  42.515526
   19.947241  42.514721
   19.947865  42.514317
   19.948683  42.514084
   19.94989  42.513783
   19.950579  42.513477
   19.95104  42.513073
   19.951509  42.512283
   19.9524  42.51157
   19.953056  42.511265
   19.954195  42.5112
   19.95504  42.511257
   19.956207  42.511436
   19.95689  42.511467
   19.957741  42.511234
   19.958393  42.511047
   19.959337  42.511055
   19.960472  42.511257
   19.960958  42.511311
   19.96122  42.511288
   19.961874  42.511078
   19.962563  42.510723
   19.963665  42.510284
   19.964905  42.510128
   19.965685  42.510113
   19.966335  42.510117
   19.966888  42.51017
   19.967892  42.510418
   19.969477  42.510937
   19.970219  42.511353
   19.971121  42.511841
   19.971539  42.512157
   19.972254  42.512215
   19.973133  42.512196
   19.974503  42.511993
   19.975605  42.512146
   19.976707  42.512421
   19.978521  42.512871
   19.979906  42.513153
   19.981012  42.513233
   19.981728  42.513241
   19.982479  42.513054
   19.983727  42.512321
   19.984543  42.512089
   19.98539  42.51207
   19.987211  42.512112
   19.989325  42.512131
   19.991278  42.512074
   19.994175  42.511932
   19.994793  42.511936
   19.994991  42.511745
   19.995619  42.51115
   19.996342  42.5107
   19.997093  42.510445
   19.998514  42.510353
   19.999178  42.510216
   20.000631  42.509804
   20.001427  42.509499
   20.002724  42.508984
   20.00304  42.508949
   20.00346  42.509068
   20.004162  42.50956
   20.005461  42.510662
   20.006737  42.511566
   20.007799  42.51255
   20.008221  42.513638
   20.008318  42.514145
   20.008116  42.515289
   20.008114  42.51704
   20.008471  42.517841
   20.008724  42.518429
   20.009005  42.518993
   20.009373  42.519424
   20.010563  42.520737
   20.011492  42.52195
   20.011978  42.522831
   20.012197  42.523903
   20.012159  42.524643
   20.012064  42.525398
   20.012192  42.525711
   20.012527  42.525894
   20.013027  42.526165
   20.013836  42.526657
   20.014383  42.526955
   20.014942  42.528225
   20.015074  42.529858
   20.015133  42.531239
   20.015118  42.532097
   20.015112  42.532932
   20.015045  42.533749
   20.014631  42.53495
   20.013792  42.536499
   20.013878  42.537708
   20.01413  42.538448
   20.014563  42.539364
   20.014675  42.540592
   20.015055  42.541584
   20.015514  42.542408
   20.01619  42.543015
   20.01692  42.543488
   20.018127  42.543732
   20.019892  42.543728
   20.022263  42.54369
   20.024998  42.543777
   20.026602  42.543869
   20.027363  42.544052
   20.028488  42.544468
   20.029795  42.545143
   20.030712  42.545422
   20.032234  42.545727
   20.034098  42.546188
   20.036669  42.546852
   20.038891  42.547722
   20.040619  42.548359
   20.041668  42.548717
   20.043821  42.549084
   20.045265  42.54937
   20.046579  42.549515
   20.048103  42.549782
   20.048996  42.550003
   20.050016  42.550442
   20.05061  42.551167
   20.050966  42.551964
   20.051661  42.552784
   20.052769  42.554329
   20.053928  42.556068
   20.055086  42.55785
   20.055628  42.558651
   20.056343  42.559208
   20.065184  42.562569
   20.064228  42.56572
   20.070278  42.579723
   20.073214  42.602188
   20.081394  42.619053
   20.088795  42.629894
   20.084373  42.633526
   20.105391  42.653721
   20.077759  42.66507
   20.093216  42.67305
   20.087751  42.676277
   20.067801  42.6824
   20.029495  42.706482
   20.018555  42.736748
   20.033148  42.762115
   20.058716  42.774204
   20.073101  42.775463
   20.119358  42.772514
   20.146332  42.769531
   20.17128  42.767101
   20.187029  42.758339
   20.231142  42.763626
   20.250036  42.769424
   20.262526  42.780735
   20.270193  42.787773
   20.269903  42.796906
   20.269444  42.813969
   20.324272  42.830418
   20.363798  42.832329
   20.359125  42.840199
   20.375605  42.877697
   20.382986  42.893799
   20.376806  42.926613
   20.337152  42.937168
   20.325136  42.948856
   20.186262  42.992943
   19.985247  43.088043
   19.990053  43.108223
   19.968424  43.117622
   19.945765  43.107346
   19.883108  43.106972
   19.849977  43.091053
   19.785604  43.139671
   19.784231  43.160713
   19.765005  43.188629
   19.730673  43.185001
   19.71591  43.167725
   19.691534  43.178364
   19.625616  43.226665
   19.571543  43.258804
   19.55575  43.296795
   19.498415  43.362354
   19.477644  43.385437
   19.318342  43.425968
   19.236631  43.464355
   19.223587  43.513405
   19.214922  43.515331
   19.20792  43.518295
   19.201601  43.51952
   19.191626  43.524086
   19.183834  43.529564
   19.174746  43.528431
   19.162279  43.527916
   19.15484  43.527615
   19.148659  43.526661
   19.144138  43.525047
   19.137442  43.522621
   19.062948  43.514259
   19.037691  43.5061
   19.035072  43.508358
   19.037352  43.514549
   19.035343  43.516689
   19.033936  43.520874
   19.034662  43.529472
   19.032207  43.532993
   19.028511  43.534657
   19.02298  43.540302
   19.007565  43.541698
   19.004383  43.544353
   19.000374  43.546402
   18.998898  43.549839
   18.997053  43.551331
   18.987808  43.552166
   18.986071  43.547184
   18.98197  43.541496
   18.97649  43.538891
   18.975016  43.532108
   18.962807  43.526894
   18.952671  43.525433
   18.942314  43.524151
   18.913631  43.502758
   18.912483  43.498547
   18.919138  43.494431
   18.922085  43.491943
   18.925323  43.497887
   18.928003  43.501442
   18.931067  43.505669
   18.940035  43.506573
   18.944393  43.497707
   18.963169  43.4855
   18.961309  43.477215
   18.960115  43.466503
   18.959126  43.456863
   18.963509  43.454033
   18.967449  43.455399
   18.971708  43.455479
   18.979244  43.452049
   18.985174  43.449879
   18.993752  43.446957
   19.003962  43.445183
   19.007872  43.444794
   19.009521  43.43969
   19.015572  43.435612
   19.021803  43.42205
   19.026421  43.394794
   19.029644  43.380112
   19.03409  43.372082
   19.036358  43.365295
   19.047941  43.359787
   19.052927  43.357067
   19.060343  43.350838
   19.062899  43.347122
   19.072451  43.343346
   19.080423  43.340778
   19.084993  43.335999
   19.092449  43.327843
   19.094994  43.323219
   19.094994  43.316525
   19.09256  43.310463
   19.091057  43.307426
   19.08983  43.303101
   19.087999  43.301205
   19.081755  43.30006
   19.070436  43.30188
   19.061598  43.300838
   19.059204  43.300529
   19.055672  43.299206
   19.050707  43.299164
   19.04159  43.30024
   19.038418  43.301075
   19.039654  43.293148
   19.029808  43.278381
   19.021631  43.26799
   19.01866  43.264931
   19.016459  43.262772
   18.999794  43.257915
   18.99514  43.262726
   18.978258  43.26881
   18.979235  43.27877
   18.952642  43.291939
   18.94908  43.295029
   18.947811  43.298199
   18.948259  43.300526
   18.948999  43.316563
   18.95326  43.318981
   18.955353  43.321163
   18.956619  43.32296
   18.957632  43.326202
   18.958231  43.328568
   18.955536  43.332047
   18.955999  43.334019
   18.951427  43.335514
   18.945902  43.336102
   18.939262  43.338142
   18.912186  43.361656
   18.907022  43.363335
   18.903948  43.362457
   18.900743  43.361023
   18.896011  43.360653
   18.890133  43.360222
   18.872051  43.361019
   18.865387  43.360485
   18.857409  43.359383
   18.852774  43.357307
   18.849506  43.353767
   18.849581  43.349842
   18.8452  43.348797
   18.840271  43.349041
   18.839743  43.344517
   18.84531  43.340408
   18.854527  43.323795
   18.792458  43.307652
   18.77343  43.300079
   18.757374  43.292507
   18.749699  43.290001
   18.733946  43.283943
   18.728264  43.281887
   18.721945  43.278084
   18.686491  43.257984
   18.696522  43.251987
   18.701649  43.246452
   18.710545  43.235821
   18.71224  43.223675
   18.696796  43.219738
   18.666061  43.202404
   18.658813  43.195793
   18.65592  43.18922
   18.652439  43.183949
   18.652231  43.163155
   18.649765  43.158222
   18.645697  43.141247
   18.651684  43.044907
   18.633307  43.038544
   18.537811  43.032764
   18.527081  43.025623
   18.498741  42.980743
   18.488781  42.941456
   18.493765  42.910187
   18.498482  42.903889
   18.501093  42.897198
   18.50489  42.893436
   18.490105  42.884533
   18.486359  42.872311
   18.462063  42.858906
   18.459797  42.842308
   18.471901  42.823116
   18.455658  42.81102
   18.457306  42.798443
   18.465862  42.782238
   18.469084  42.766041
   18.470043  42.758049
   18.477524  42.751499
   18.48798  42.748852
   18.495062  42.742859
   18.495197  42.739994
   18.512289  42.735775
   18.518188  42.730858
   18.526236  42.727348
   18.545572  42.728134
   18.551237  42.724007
   18.55496  42.722355
   18.556807  42.715107
   18.555393  42.712021
   18.555365  42.71146
   18.555252  42.708904
   18.549593  42.699448
   18.542654  42.690186
   18.545486  42.685226
   18.547527  42.680275
   18.553724  42.675236
   18.559959  42.66851
   18.561459  42.663048
   18.563189  42.65818
   18.559723  42.65435
   18.558344  42.650013
   18.552374  42.646881
   18.543636  42.643845
   18.533678  42.639271
   18.525097  42.633423
   18.522053  42.632038
   18.518766  42.629856
   18.514618  42.622322
   18.51631  42.615852
   18.533709  42.600307
   18.540831  42.589024
   18.539328  42.587425
   18.532211  42.587864
   18.509516  42.594414
   18.497887  42.594696
   18.491331  42.593575
   18.489006  42.592148
   18.485527  42.591133
   18.484934  42.587944
   18.480497  42.579659
   18.47591  42.576256
   18.473392  42.573685
   18.466955  42.565063
   18.44965  42.562817
END
END
