POLY
1
   7.409306  61.899715
   7.389247  61.932335
   7.393937  61.955704
   7.396566  61.967266
   7.3978  61.972713
   7.39842  61.97541
   7.398993  61.977905
   7.399099  61.978394
   7.3991  61.978397
   7.398431  61.97998
   7.39842  61.980003
   7.393208  61.992348
   7.393207  61.992352
   7.393106  61.9925
   7.390862  61.995811
   7.390116  61.996887
   7.39005  61.996986
   7.38837  61.997986
   7.387208  61.998676
   7.386776  61.99894
   7.385879  61.999466
   7.385833  61.999493
   7.38583  61.999496
   7.385725  61.999569
   7.384367  62.000511
   7.380859  62.002945
   7.380565  62.002937
   7.374737  62.002792
   7.368977  62.002651
   7.359835  62.004967
   7.354259  62.006378
   7.349114  62.007683
   7.344865  62.035221
   7.402802  62.059906
   7.417432  62.093616
   7.512821  62.097725
   7.584803  62.066212
   7.631619  62.085945
   7.580706  62.12318
   7.734032  62.186325
   7.826495  62.190968
   7.863363  62.173489
   7.983917  62.178406
   8.205706  62.332878
   8.390047  62.366283
   8.730055  62.378765
   8.890988  62.377678
   8.933124  62.355694
   9.061782  62.373844
   9.216048  62.34285
   9.487663  62.293438
   9.601496  62.257248
   9.785648  62.28751
   9.854212  62.331013
   9.821689  62.343868
   9.840148  62.362225
   9.89992  62.345501
   9.936839  62.357738
   9.951782  62.39727
   10.09682  62.427799
   10.006879  62.559605
   10.144005  62.690155
   10.323764  62.697815
   10.593781  62.666794
   10.671956  62.677048
   10.741091  62.647499
   10.792144  62.682419
   10.929544  62.698914
   11.125688  62.663742
   11.160343  62.649162
   11.196666  62.577484
   11.236984  62.570122
   11.255146  62.533287
   11.337599  62.515862
   11.479984  62.443188
   11.556262  62.373371
   11.672496  62.38179
   11.689568  62.350624
   11.719715  62.349781
   11.76984  62.382294
   11.838128  62.374886
   12.051706  62.34877
   12.131253  62.311153
   12.256416  62.330917
   12.288524  62.290718
   12.299389  62.26598
   12.279493  62.207863
   12.271917  62.181873
   12.26719  62.165646
   12.254887  62.125046
   12.25354  62.120296
   12.243096  62.083431
   12.231562  62.044407
   12.222846  62.014469
   12.215961  61.991646
   12.213875  61.984627
   12.206698  61.96114
   12.194394  61.918697
   12.182604  61.877525
   12.182484  61.871201
   12.169787  61.834728
   12.158253  61.794655
   12.14612  61.752666
   12.137911  61.723732
   12.271239  61.640938
   12.339581  61.613945
   12.419738  61.56258
   12.446586  61.566929
   12.568276  61.568333
   12.848966  61.372772
   12.854546  61.368294
   12.870857  61.356483
   12.860381  61.328205
   12.853086  61.30835
   12.850242  61.301506
   12.84751  61.2864
   12.836946  61.266693
   12.823868  61.244373
   12.819337  61.237492
   12.790841  61.197071
   12.769298  61.183155
   12.751756  61.172012
   12.74063  61.164696
   12.707328  61.143227
   12.701406  61.122818
   12.695226  61.101463
   12.68763  61.076401
   12.682866  61.061123
   12.681579  61.059483
   12.671408  61.056179
   12.670635  61.055824
   12.668552  61.055092
   12.657351  61.052685
   12.651429  61.052124
   12.61023  61.046429
   12.601991  61.046452
   12.600231  61.046429
   12.598128  61.046951
   12.59727  61.04697
   12.596583  61.046993
   12.565084  61.048279
   12.540278  61.049442
   12.513333  61.050556
   12.486389  61.051666
   12.447882  61.051189
   12.379174  61.04026
   12.34201  61.034504
   12.29476  61.027164
   12.254848  61.021595
   12.247381  61.020596
   12.24206  61.019764
   12.239656  61.018955
   12.223873  61.013123
   12.236266  60.999046
   12.254205  60.97863
   12.284503  60.943802
   12.304802  60.92141
   12.316303  60.908558
   12.326775  60.896767
   12.332783  60.890251
   12.332826  60.886745
   12.333083  60.880711
   12.334242  60.857353
   12.334499  60.852566
   12.337495  60.845367
   12.340422  60.838329
   12.347374  60.822037
   12.349435  60.817856
   12.364412  60.790581
   12.37454  60.77206
   12.381922  60.758457
   12.395311  60.733837
   12.410503  60.722591
   12.429  60.70882
   12.460929  60.685211
   12.481528  60.667831
   12.506462  60.646465
   12.511655  60.643223
   12.517963  60.601856
   12.518178  60.60038
   12.572208  60.558239
   12.58195  60.551044
   12.597751  60.526714
   12.606798  60.512772
   12.606541  60.492146
   12.606455  60.477642
   12.606283  60.467468
   12.606069  60.443726
   12.606026  60.427677
   12.605983  60.405895
   12.585898  60.386288
   12.578002  60.378735
   12.566389  60.373611
   12.560833  60.369167
   12.556389  60.363888
   12.551944  60.358612
   12.546389  60.354443
   12.541944  60.349167
   12.537778  60.343887
   12.531944  60.339443
   12.527778  60.334167
   12.522222  60.329723
   12.517778  60.324444
   12.512222  60.32
   12.498983  60.323551
   12.500431  60.312523
   12.50109  60.307228
   12.502689  60.296078
   12.503606  60.287758
   12.505155  60.27972
   12.506515  60.275448
   12.508985  60.269409
   12.511123  60.262833
   12.51417  60.254635
   12.515965  60.249508
   12.519278  60.239368
   12.523083  60.229427
   12.525456  60.222984
   12.530441  60.215202
   12.534853  60.206966
   12.542879  60.192879
   12.542862  60.189201
   12.529589  60.162983
   12.526165  60.155514
   12.523821  60.149216
   12.519749  60.141163
   12.517158  60.134621
   12.512874  60.126022
   12.500918  60.099873
   12.495813  60.092728
   12.491631  60.086868
   12.47976  60.072746
   12.461076  60.052601
   12.448878  60.039215
   12.436959  60.033455
   12.426318  60.027527
   12.394932  60.015903
   12.378667  60.000122
   12.357434  59.981407
   12.340614  59.965366
   12.275647  59.943008
   12.247752  59.933598
   12.239176  59.931293
   12.230887  59.927258
   12.226822  59.925465
   12.219682  59.920238
   12.205972  59.911522
   12.193328  59.903137
   12.174454  59.889851
   12.15538  59.886723
   12.126221  59.894081
   12.112331  59.892323
   12.099832  59.890755
   12.088994  59.889664
   12.066167  59.887421
   12.052918  59.886032
   12.048424  59.886833
   12.033299  59.888958
   12.024359  59.891094
   12.001174  59.896015
   11.986375  59.89901
   11.984666  59.900574
   11.984036  59.900349
   11.957177  59.893848
   11.941963  59.890022
   11.934935  59.886868
   11.929373  59.885715
   11.922983  59.882355
   11.920886  59.88047
   11.92231  59.87775
   11.921004  59.874275
   11.914108  59.871899
   11.907866  59.872288
   11.900315  59.872257
   11.897935  59.871414
   11.895719  59.870937
   11.894043  59.871922
   11.890615  59.872108
   11.884999  59.871864
   11.883926  59.87064
   11.882125  59.869465
   11.88155  59.867401
   11.882413  59.86554
   11.883158  59.863056
   11.883741  59.863144
   11.888144  59.859184
   11.884947  59.85614
   11.877833  59.853268
   11.864595  59.847561
   11.859491  59.846729
   11.85342  59.844051
   11.851181  59.844276
   11.844387  59.842087
   11.840674  59.841442
   11.840197  59.840443
   11.841368  59.839535
   11.842046  59.838036
   11.847545  59.834328
   11.851728  59.83194
   11.853723  59.83004
   11.858884  59.829254
   11.863055  59.829819
   11.870297  59.828468
   11.875798  59.828709
   11.881496  59.826241
   11.885907  59.823982
   11.890316  59.821068
   11.892395  59.817955
   11.895222  59.815857
   11.89887  59.813709
   11.904249  59.811779
   11.905951  59.809231
   11.905995  59.80695
   11.908451  59.80426
   11.909555  59.802284
   11.916016  59.798386
   11.918183  59.797821
   11.919725  59.797192
   11.92041  59.796589
   11.926311  59.793667
   11.927018  59.790115
   11.926008  59.786888
   11.927466  59.78112
   11.930171  59.776508
   11.931693  59.773304
   11.930658  59.771423
   11.930812  59.770111
   11.932187  59.770237
   11.931811  59.768391
   11.932854  59.767197
   11.93252  59.765831
   11.93177  59.764488
   11.932687  59.763943
   11.932228  59.763123
   11.92927  59.762913
   11.928936  59.762074
   11.933371  59.761032
   11.93377  59.759766
   11.932437  59.757519
   11.928853  59.754917
   11.925226  59.753197
   11.924893  59.752228
   11.924935  59.751621
   11.923018  59.750843
   11.925564  59.746052
   11.929382  59.741829
   11.933106  59.739578
   11.933479  59.737423
   11.932384  59.736012
   11.933645  59.734863
   11.932437  59.733917
   11.933353  59.731754
   11.933481  59.730877
   11.932395  59.73024
   11.937301  59.72884
   11.937939  59.727886
   11.936188  59.72625
   11.936522  59.723206
   11.937009  59.717484
   11.936313  59.715469
   11.936146  59.713913
   11.936107  59.713005
   11.935563  59.712044
   11.934146  59.711811
   11.933645  59.71032
   11.936146  59.709667
   11.93598  59.709267
   11.937605  59.708321
   11.93773  59.70723
   11.936729  59.706764
   11.938064  59.704704
   11.937162  59.702499
   11.937897  59.701866
   11.937271  59.700562
   11.938355  59.699638
   11.942565  59.700417
   11.945982  59.700691
   11.944607  59.698231
   11.942773  59.698059
   11.940886  59.695011
   11.93227  59.694443
   11.889387  59.69334
   11.878095  59.683155
   11.875124  59.672367
   11.870152  59.662735
   11.862374  59.652714
   11.855416  59.648308
   11.843138  59.647423
   11.817383  59.645638
   11.790208  59.643768
   11.779124  59.642925
   11.772278  59.640766
   11.764167  59.638332
   11.752931  59.634956
   11.737092  59.630352
   11.720718  59.625511
   11.715144  59.62125
   11.697902  59.608749
   11.694872  59.600342
   11.691306  59.589664
   11.69801  59.575504
   11.703676  59.563377
   11.704798  59.560928
   11.707814  59.554878
   11.711747  59.546356
   11.715503  59.538799
   11.718784  59.531372
   11.723823  59.521351
   11.726322  59.515835
   11.728675  59.511074
   11.737273  59.501938
   11.741108  59.497673
   11.745743  59.492447
   11.750378  59.484688
   11.752953  59.480068
   11.757244  59.467949
   11.76009  59.457638
   11.761206  59.428707
   11.774424  59.414341
   11.777556  59.398155
   11.779917  59.386467
   11.791676  59.374577
   11.792276  59.373898
   11.791676  59.373241
   11.790302  59.372387
   11.789787  59.372082
   11.789873  59.37125
   11.808155  59.354107
   11.81618  59.344765
   11.818069  59.332726
   11.821502  59.311729
   11.820515  59.304939
   11.826051  59.265285
   11.829827  59.242271
   11.829741  59.241436
   11.829527  59.240757
   11.829012  59.23988
   11.828411  59.239067
   11.827467  59.238407
   11.826289  59.237827
   11.825088  59.237366
   11.821869  59.236027
   11.814359  59.233021
   11.811955  59.23201
   11.805389  59.227818
   11.801098  59.225491
   11.80054  59.225071
   11.800669  59.224854
   11.80024  59.22472
   11.799896  59.224392
   11.799381  59.224194
   11.799295  59.224018
   11.798995  59.223866
   11.798952  59.223644
   11.799124  59.223515
   11.799038  59.223358
   11.799081  59.223164
   11.798823  59.223007
   11.79878  59.22279
   11.798351  59.222614
   11.798137  59.222527
   11.798094  59.22224
   11.797793  59.221977
   11.797407  59.221603
   11.797321  59.221188
   11.797278  59.220814
   11.797064  59.220417
   11.796721  59.22002
   11.796592  59.219715
   11.796506  59.219471
   11.796377  59.219166
   11.796077  59.218857
   11.795304  59.218441
   11.794489  59.218201
   11.794188  59.217915
   11.793802  59.217541
   11.793373  59.217319
   11.792987  59.216991
   11.792772  59.216572
   11.792644  59.216221
   11.792386  59.215847
   11.791871  59.215477
   11.791442  59.215145
   11.790798  59.214817
   11.790326  59.214508
   11.78994  59.21418
   11.789296  59.21339
   11.788695  59.212666
   11.788223  59.212246
   11.787966  59.211872
   11.787537  59.211281
   11.787279  59.210907
   11.786936  59.210709
   11.786721  59.210468
   11.786421  59.21027
   11.785734  59.210136
   11.785133  59.209721
   11.784618  59.209324
   11.784361  59.208885
   11.784103  59.208511
   11.78376  59.207962
   11.783374  59.207283
   11.783073  59.20647
   11.782859  59.205635
   11.783073  59.205128
   11.783031  59.204338
   11.782902  59.203964
   11.782945  59.202755
   11.782687  59.202339
   11.782258  59.2019
   11.782043  59.201107
   11.782043  59.200623
   11.782258  59.200184
   11.782945  59.199657
   11.783503  59.199196
   11.783631  59.198868
   11.783588  59.198471
   11.782988  59.197613
   11.782687  59.197285
   11.782773  59.196999
   11.783202  59.196602
   11.783846  59.196098
   11.783975  59.195766
   11.783975  59.195393
   11.783846  59.195
   11.783503  59.194866
   11.782945  59.194668
   11.782473  59.19458
   11.782129  59.194317
   11.781872  59.193768
   11.781614  59.193085
   11.780799  59.187901
   11.77655  59.177608
   11.774748  59.170639
   11.775864  59.166569
   11.776078  59.166241
   11.776808  59.165779
   11.776851  59.165581
   11.776507  59.165138
   11.776507  59.1647
   11.776722  59.163467
   11.776679  59.162872
   11.776464  59.160828
   11.776293  59.159397
   11.777151  59.156097
   11.776293  59.145622
   11.777709  59.140297
   11.778095  59.136093
   11.769383  59.126755
   11.766336  59.121162
   11.765118  59.117012
   11.764036  59.114552
   11.764937  59.114552
   11.766139  59.114407
   11.767186  59.114113
   11.767873  59.113834
   11.768328  59.113514
   11.768645  59.113117
   11.769186  59.111454
   11.769512  59.111103
   11.77007  59.110706
   11.771014  59.110252
   11.772448  59.109516
   11.77316  59.10902
   11.773812  59.108448
   11.774276  59.10796
   11.774619  59.107502
   11.775031  59.106918
   11.775306  59.106342
   11.77552  59.10577
   11.775666  59.105122
   11.775804  59.104404
   11.775992  59.103481
   11.776181  59.102951
   11.77655  59.102421
   11.777151  59.101791
   11.777692  59.101387
   11.77831  59.101078
   11.779168  59.100674
   11.780155  59.100197
   11.78067  59.099888
   11.781013  59.099571
   11.781159  59.099247
   11.781125  59.098831
   11.780816  59.098557
   11.780387  59.098278
   11.779752  59.09808
   11.779168  59.097946
   11.778739  59.098
   11.778464  59.098015
   11.778267  59.097958
   11.778121  59.097824
   11.777409  59.097881
   11.777194  59.097881
   11.776894  59.097748
   11.776722  59.097561
   11.776808  59.097427
   11.777057  59.097115
   11.77704  59.096806
   11.776954  59.096615
   11.776696  59.096455
   11.776439  59.096367
   11.776628  59.096161
   11.776782  59.096146
   11.777125  59.096058
   11.777194  59.095955
   11.776911  59.095844
   11.77661  59.095715
   11.776507  59.09549
   11.776559  59.09528
   11.776387  59.094666
   11.776533  59.094212
   11.776782  59.093212
   11.776885  59.092487
   11.776971  59.091694
   11.777022  59.090809
   11.776885  59.089981
   11.776507  59.088711
   11.775889  59.087063
   11.775606  59.086666
   11.775237  59.08638
   11.77455  59.086212
   11.77419  59.086166
   11.774121  59.086079
   11.77389  59.085938
   11.773203  59.085762
   11.772602  59.085651
   11.772456  59.085533
   11.772001  59.085453
   11.77177  59.085312
   11.771718  59.085121
   11.771546  59.084923
   11.771512  59.084606
   11.771358  59.084126
   11.771212  59.084038
   11.771186  59.083847
   11.771014  59.083729
   11.770671  59.083664
   11.770568  59.083496
   11.770207  59.083435
   11.770207  59.083256
   11.770122  59.083199
   11.769881  59.083267
   11.76971  59.083199
   11.769383  59.082966
   11.768894  59.082508
   11.768456  59.082111
   11.768113  59.081787
   11.767856  59.081635
   11.767667  59.081467
   11.767358  59.081348
   11.767152  59.081127
   11.766869  59.081009
   11.766654  59.080818
   11.766354  59.080643
   11.765967  59.080288
   11.765452  59.080112
   11.765349  59.079891
   11.764869  59.079659
   11.764208  59.079243
   11.763976  59.078979
   11.763693  59.078815
   11.763238  59.078472
   11.76286  59.078186
   11.762637  59.0779
   11.762277  59.077679
   11.762062  59.077435
   11.761684  59.077049
   11.761032  59.076584
   11.760689  59.076275
   11.760483  59.076145
   11.760345  59.075981
   11.76026  59.075836
   11.760311  59.075745
   11.760157  59.075615
   11.759942  59.0756
   11.759599  59.075512
   11.759084  59.07515
   11.758672  59.075001
   11.758466  59.074791
   11.758097  59.074657
   11.757985  59.074207
   11.757728  59.074005
   11.757668  59.073898
   11.757367  59.073818
   11.757041  59.073841
   11.756698  59.073765
   11.756423  59.07362
   11.756234  59.073456
   11.756063  59.073299
   11.755633  59.07296
   11.755522  59.072716
   11.755033  59.072311
   11.752707  59.070553
   11.749986  59.068409
   11.74893  59.067806
   11.748029  59.066128
   11.746999  59.065002
   11.746106  59.063892
   11.745574  59.062958
   11.744819  59.06226
   11.744475  59.061962
   11.744175  59.061256
   11.743248  59.059216
   11.743102  59.058918
   11.742776  59.05859
   11.742433  59.058258
   11.742089  59.057949
   11.741789  59.057507
   11.741128  59.056728
   11.740544  59.055992
   11.739755  59.055275
   11.739102  59.054558
   11.738914  59.054153
   11.738193  59.053551
   11.738021  59.053322
   11.737952  59.053024
   11.738193  59.05283
   11.738193  59.05265
   11.738124  59.052505
   11.737823  59.05233
   11.737678  59.052067
   11.737437  59.051918
   11.736991  59.051846
   11.736493  59.051846
   11.73615  59.051579
   11.736339  59.051426
   11.736253  59.051205
   11.736021  59.050755
   11.735678  59.050419
   11.735283  59.050049
   11.734193  59.049286
   11.731592  59.047649
   11.730562  59.046989
   11.730219  59.04657
   11.729429  59.04528
   11.728957  59.044415
   11.72864  59.044052
   11.728039  59.043709
   11.726683  59.043118
   11.724957  59.042362
   11.723953  59.041691
   11.723155  59.041016
   11.722846  59.040646
   11.722631  59.040245
   11.722486  59.03978
   11.722314  59.039261
   11.721627  59.038643
   11.721001  59.038303
   11.719885  59.038055
   11.71931  59.037914
   11.710624  59.033596
   11.705611  59.015381
   11.703843  59.011337
   11.701706  59.006447
   11.687057  58.979198
   11.687743  58.967163
   11.68843  58.959908
   11.689116  58.953445
   11.681392  58.947865
   11.6771  58.943085
   11.674869  58.941845
   11.674354  58.938923
   11.675727  58.934948
   11.669031  58.934658
   11.663367  58.933784
   11.661994  58.932102
   11.662852  58.924572
   11.656672  58.917126
   11.651866  58.914112
   11.64191  58.910389
   11.63058  58.907909
   11.621389  58.90472
   11.612778  58.9025
   11.604167  58.900276
   11.595556  58.898056
   11.585833  58.896667
   11.565005  58.886272
   11.546452  58.892818
   11.538564  58.888012
   11.537967  58.886787
   11.536176  58.885914
   11.533976  58.885818
   11.534453  58.885052
   11.535289  58.884514
   11.538206  58.883366
   11.538786  58.882988
   11.539042  58.882389
   11.539298  58.881313
   11.539281  58.880554
   11.538974  58.880184
   11.538496  58.879841
   11.53853  58.879585
   11.53882  58.878986
   11.538479  58.878658
   11.53783  58.878368
   11.537643  58.877998
   11.537763  58.877556
   11.537373  58.877159
   11.534801  58.878757
   11.534206  58.878826
   11.531016  58.878819
   11.522433  58.879528
   11.51282  58.883789
   11.503894  58.888931
   11.487071  58.899044
   11.476771  58.89727
   11.464412  58.896736
   11.459949  58.902233
   11.457889  58.909149
   11.458232  58.915531
   11.460292  58.921024
   11.461915  58.924004
   11.463382  58.926697
   11.463014  58.93272
   11.460513  58.950504
   11.461322  58.959995
   11.462008  58.965836
   11.462352  58.974506
   11.458575  58.979992
   11.456859  58.986008
   11.461331  58.989403
   11.463382  58.990959
   11.458575  58.99432
   11.450679  59.002102
   11.445872  59.00882
   11.438319  59.016598
   11.430766  59.025082
   11.421496  59.031971
   11.41566  59.036209
   11.411197  59.043274
   11.403987  59.052105
   11.398494  59.058811
   11.397464  59.062874
   11.393001  59.068344
   11.384809  59.071831
   11.378201  59.0788
   11.375196  59.082684
   11.378029  59.089119
   11.366356  59.098511
   11.357258  59.101067
   11.35288  59.107677
   11.340778  59.114948
   11.328113  59.112255
   11.305588  59.105782
   11.297434  59.103668
   11.291254  59.100716
   11.285761  59.098511
   11.274517  59.097672
   11.261385  59.096661
   11.254519  59.09494
   11.245678  59.09256
   11.237524  59.090309
   11.227568  59.087223
   11.216753  59.086784
   11.206389  59.086109
   11.196389  59.084442
   11.186667  59.083057
   11.178056  59.080833
   11.168333  59.079445
   11.159722  59.077221
   11.150833  59.075001
   11.142222  59.072777
   11.136195  59.069756
   11.133105  59.063225
   11.125552  59.050163
   11.124866  59.033031
   11.116282  59.015362
   11.105296  58.999451
   11.098333  58.992779
   11.090833  58.989723
   11.083333  58.986668
   11.075833  58.983612
   11.068333  58.980831
   11.061111  58.977779
   11.053611  58.974724
   11.046111  58.971943
   11.038611  58.968887
   11.032222  58.965
   11.023889  58.962776
   11.016389  58.959721
   11.007778  58.957779
   10.999167  58.955555
   10.990556  58.953335
   10.981944  58.951111
   10.973333  58.948891
   10.964722  58.946667
   10.955  58.945278
   10.946389  58.943054
   10.936667  58.941387
   10.928056  58.939167
   10.919444  58.936943
   10.911944  58.934166
   10.903611  58.931946
   10.896111  58.92889
   10.888611  58.925835
   10.88  58.923611
   10.872778  58.920555
   10.868056  58.918888
   10.766793  58.907269
   10.637982  58.892265
   10.622359  58.847691
   10.604955  58.797966
   10.594444  58.761471
   10.359797  58.774204
   10.285541  58.776344
   10.058647  58.746391
   9.96954  58.721985
   9.788157  58.674751
   9.665686  58.604305
   9.328891  58.789337
   9.303107  58.775139
   9.27249  58.797688
   9.191916  58.806034
   9.190305  58.831898
   9.159687  58.888565
   9.032382  58.935162
   8.995318  58.997471
   8.834328  58.990406
   8.754496  58.944103
   8.828623  58.914162
   8.793171  58.867535
   8.786648  58.845909
   8.743332  58.833359
   8.649751  58.873367
   8.575624  58.932461
   8.478228  58.889957
   8.305801  58.930798
   8.170802  58.984707
   8.083138  58.974609
   8.131612  58.963978
   8.090358  58.95068
   8.008883  58.967167
   7.965567  58.970886
   7.82118  59.100891
   7.730137  59.164192
   7.748619  59.206932
   7.779245  59.220985
   7.723801  59.262302
   7.696464  59.327629
   7.609468  59.336044
   7.594287  59.37709
   7.539503  59.400616
   7.580426  59.4342
   7.564585  59.439903
   7.62399  59.464394
   7.534222  59.527046
   7.514421  59.562847
   7.548696  59.588737
   7.443913  59.647991
   7.441437  59.659248
   7.400184  59.661331
   7.393583  59.635483
   7.374607  59.635483
   7.211244  59.676331
   7.10976  59.70298
   7.096191  59.78516
   7.15704  59.82769
   7.145695  59.881039
   7.231296  59.961159
   7.267393  59.984383
   7.372981  59.999359
   7.436924  60.019466
   7.489371  60.099827
   7.583841  60.178417
   7.610913  60.246304
   7.674082  60.296806
   7.688263  60.396309
   7.69342  60.422409
   7.732585  60.522972
   7.639765  60.56152
   7.63564  60.63443
   7.544883  60.658695
   7.438655  60.660717
   7.470626  60.677895
   7.612826  60.744923
   7.704307  60.741116
   7.727015  60.761723
   7.703658  60.795929
   7.750507  60.842518
   7.776922  60.867195
   7.803289  60.897362
   7.87974  60.924671
   7.935266  60.897614
   8.041634  60.895336
   8.153355  60.983074
   8.222878  60.97007
   8.221101  61.008015
   8.257552  61.008446
   8.280667  61.036011
   8.21221  61.05624
   8.249888  61.07555
   8.132014  61.113937
   8.076818  61.182247
   8.043024  61.182606
   8.052035  61.225292
   8.008855  61.237942
   8.05058  61.236687
   8.161348  61.293011
   8.234193  61.321491
   8.249587  61.343468
   8.198522  61.35751
   8.157594  61.375862
   8.151586  61.430141
   8.192154  61.442505
   8.272007  61.434406
   8.303464  61.448868
   8.323427  61.46072
   8.264143  61.53635
   8.25196  61.538906
   8.198203  61.550186
   8.121981  61.526836
   7.945336  61.560558
   7.895125  61.644855
   7.905409  61.684193
   7.907224  61.724911
   7.752806  61.755718
   7.513759  61.727707
   7.514539  61.762032
   7.412429  61.85741
   7.409306  61.899715
END
END
