POLY
1
   20.144957  69.047897
   20.194241  69.049606
   20.30308  69.052658
   20.44021  69.056793
   20.46891  69.05764
   20.548826  69.059959
   20.552326  69.060074
   20.593664  69.075089
   20.618982  69.084274
   20.631927  69.088966
   20.641542  69.092445
   20.653555  69.096794
   20.667488  69.10183
   20.699245  69.113281
   20.706184  69.115784
   20.717321  69.119789
   20.74304  69.113411
   20.749825  69.111702
   20.761948  69.108673
   20.834558  69.090546
   20.881199  69.078857
   20.888466  69.077118
   20.988565  69.052986
   21.057543  69.036293
   21.080168  69.066338
   21.108675  69.103928
   21.055624  69.122086
   21.046732  69.139519
   21.031799  69.152771
   21.009233  69.172768
   20.987574  69.191925
   20.995655  69.207565
   21.002031  69.219864
   21.003313  69.222336
   21.02631  69.231926
   21.032049  69.234306
   21.096169  69.26091
   21.208025  69.292114
   21.265005  69.308029
   21.27882  69.311882
   21.365654  69.302628
   21.441654  69.294556
   21.510542  69.287918
   21.555283  69.283577
   21.586044  69.280579
   21.627087  69.276588
   21.65914  69.25592
   21.681782  69.241295
   21.694242  69.233269
   21.723341  69.214493
   21.769291  69.188286
   21.789551  69.176712
   21.807295  69.166565
   21.846399  69.144157
   21.901947  69.115379
   21.938017  69.096642
   21.976656  69.076523
   21.983608  69.072891
   22.007397  69.058517
   22.024555  69.048141
   22.05303  69.030884
   22.090685  69.007996
   22.161825  68.964836
   22.175762  68.956322
   22.187389  68.929253
   22.191868  68.918777
   22.258951  68.877625
   22.264997  68.873909
   22.34078  68.827225
   22.34791  68.804939
   22.353716  68.787033
   22.364187  68.751602
   22.374521  68.716667
   22.404743  68.721916
   22.43433  68.727043
   22.535389  68.744514
   22.593287  68.729385
   22.605766  68.72612
   22.63545  68.720261
   22.657696  68.715897
   22.67799  68.711899
   22.685963  68.710327
   22.699793  68.707596
   22.715134  68.704559
   22.745295  68.698586
   22.800823  68.687546
   22.874727  68.688126
   22.955078  68.688721
   23.010622  68.68911
   23.045952  68.689346
   23.054441  68.685081
   23.067299  68.678635
   23.101913  68.661255
   23.167582  68.628517
   23.220798  68.641151
   23.235115  68.644547
   23.312754  68.663071
   23.317862  68.664291
   23.339888  68.66954
   23.363754  68.675224
   23.389736  68.680977
   23.440636  68.692162
   23.545826  68.698242
   23.589506  68.700745
   23.673521  68.705521
   23.731064  68.750748
   23.743395  68.769722
   23.753836  68.785759
   23.775391  68.818848
   23.813852  68.825951
   23.87146  68.836517
   23.949366  68.830002
   23.983332  68.827141
   24.01473  68.811096
   24.042744  68.796776
   24.075592  68.779968
   24.15855  68.789711
   24.152962  68.753593
   24.171568  68.750801
   24.177053  68.749969
   24.20805  68.745308
   24.222151  68.739334
   24.250965  68.727135
   24.277782  68.722031
   24.302259  68.717354
   24.3269  68.714699
   24.401058  68.706688
   24.432379  68.703293
   24.46763  68.69957
   24.492559  68.696449
   24.509161  68.694366
   24.576057  68.685982
   24.608387  68.6819
   24.671568  68.665451
   24.716417  68.653763
   24.783424  68.636238
   24.793154  68.626656
   24.79858  68.621307
   24.801153  68.618767
   24.812742  68.607277
   24.828548  68.591255
   24.857166  68.56221
   24.903166  68.554588
   24.905085  68.570015
   24.905958  68.577103
   24.906567  68.581909
   24.916882  68.604965
   24.919678  68.605553
   24.920847  68.605835
   24.920549  68.606224
   24.920506  68.606514
   24.921024  68.606621
   24.921831  68.60659
   24.922287  68.606499
   24.922882  68.606613
   24.922861  68.606842
   24.922398  68.607086
   24.922546  68.607582
   24.923685  68.607796
   24.924406  68.607796
   24.924927  68.607742
   24.92592  68.607628
   24.927086  68.607407
   24.927736  68.607407
   24.928064  68.607643
   24.928486  68.607758
   24.929544  68.607956
   24.929302  68.608414
   24.929348  68.609131
   24.930574  68.609428
   24.931341  68.609695
   24.932043  68.609711
   24.932375  68.610008
   24.932913  68.610214
   24.93321  68.610603
   24.933907  68.610771
   24.933989  68.611061
   24.934685  68.611176
   24.935005  68.611504
   24.934982  68.611732
   24.935619  68.61171
   24.936584  68.61187
   24.937204  68.612038
   24.938292  68.61219
   24.93881  68.612404
   24.939741  68.612373
   24.94128  68.612091
   24.942181  68.611938
   24.942904  68.611778
   24.944122  68.611664
   24.944185  68.611862
   24.944656  68.611916
   24.944908  68.612091
   24.944668  68.612335
   24.94533  68.612366
   24.945948  68.612251
   24.94647  68.612251
   24.947521  68.612434
   24.947309  68.612633
   24.947878  68.612785
   24.947674  68.612999
   24.947372  68.613434
   24.947893  68.613655
   24.947908  68.613853
   24.948833  68.614037
   24.948961  68.614212
   24.949055  68.614471
   24.948856  68.614639
   24.948359  68.614807
   24.946682  68.614838
   24.946417  68.615021
   24.94718  68.615395
   24.947968  68.615372
   24.948721  68.615341
   24.949121  68.615234
   24.949551  68.615082
   24.950598  68.615143
   24.951807  68.615181
   24.952522  68.615005
   24.953186  68.61515
   24.953745  68.61496
   24.954578  68.615044
   24.955666  68.615143
   24.955648  68.615326
   24.956423  68.615387
   24.956476  68.615677
   24.957186  68.615761
   24.9569  68.616066
   24.957624  68.616135
   24.957752  68.616302
   24.95746  68.616539
   24.957838  68.616714
   24.958078  68.616974
   24.957657  68.617203
   24.957634  68.617485
   24.95841  68.617714
   24.959423  68.617538
   24.960026  68.617332
   24.960735  68.616974
   24.961121  68.617111
   24.960974  68.617287
   24.961334  68.617531
   24.96244  68.617447
   24.962637  68.617165
   24.963085  68.616951
   24.964157  68.616623
   24.96405  68.616386
   24.963871  68.616203
   24.964558  68.61602
   24.964672  68.616219
   24.965223  68.616394
   24.96599  68.616333
   24.966494  68.616508
   24.967054  68.616486
   24.967842  68.616302
   24.968214  68.616524
   24.968695  68.616432
   24.969896  68.616394
   24.970486  68.616432
   24.971489  68.616562
   24.972128  68.616714
   24.972797  68.616768
   24.973539  68.616707
   24.974346  68.616623
   24.975214  68.616562
   24.975721  68.616692
   24.975918  68.616905
   24.976437  68.617012
   24.976414  68.617348
   24.976622  68.617645
   24.977028  68.617775
   24.977903  68.61779
   24.978979  68.617699
   24.979391  68.617561
   24.979301  68.617302
   24.979855  68.617149
   24.979654  68.616982
   24.980463  68.616791
   24.98069  68.616524
   24.981266  68.616531
   24.981434  68.616348
   24.982193  68.616104
   24.981945  68.615883
   24.982656  68.615532
   24.983162  68.615387
   24.983482  68.615051
   24.983482  68.614548
   24.982862  68.614441
   24.982962  68.61422
   24.983511  68.614113
   24.984661  68.61441
   24.985815  68.614372
   24.985502  68.614014
   24.985983  68.613922
   24.986219  68.613564
   24.985964  68.613266
   24.986263  68.613052
   24.98687  68.61274
   24.987831  68.61261
   24.988316  68.612419
   24.988842  68.612595
   24.988865  68.612816
   24.989304  68.613068
   24.989994  68.612946
   24.990471  68.612732
   24.990999  68.612747
   24.991381  68.612938
   24.992706  68.612953
   24.993076  68.612671
   24.993298  68.612503
   24.993811  68.61248
   24.99444  68.612389
   24.994953  68.612312
   24.995764  68.612236
   24.996508  68.61235
   24.996292  68.61264
   24.996851  68.612831
   24.997248  68.612663
   24.998127  68.612633
   24.998598  68.612686
   24.999294  68.613014
   25.000092  68.612968
   25.00001  68.613281
   25.00038  68.613441
   25.000721  68.613594
   25.001314  68.61364
   25.002228  68.613686
   25.002417  68.613876
   25.003014  68.613876
   25.003609  68.613937
   25.00441  68.613777
   25.005001  68.613823
   25.005156  68.613617
   25.005671  68.613823
   25.005596  68.614098
   25.006241  68.614258
   25.007  68.61412
   25.006897  68.614388
   25.007666  68.614441
   25.008087  68.614326
   25.008606  68.614433
   25.009007  68.614273
   25.009892  68.614418
   25.00964  68.614693
   25.010231  68.614952
   25.010838  68.614754
   25.011211  68.614922
   25.011757  68.614861
   25.012434  68.614822
   25.012859  68.615158
   25.013662  68.61512
   25.014307  68.615227
   25.015306  68.615685
   25.016088  68.615707
   25.015741  68.615929
   25.015978  68.61618
   25.015888  68.616364
   25.016205  68.616684
   25.016138  68.61692
   25.015116  68.616692
   25.014393  68.616852
   25.014223  68.617027
   25.013811  68.617218
   25.014601  68.617363
   25.013918  68.617508
   25.013895  68.617844
   25.014496  68.617851
   25.014801  68.618141
   25.013929  68.618362
   25.014431  68.618538
   25.014067  68.618942
   25.014517  68.619057
   25.014753  68.619362
   25.014534  68.619644
   25.01528  68.619759
   25.015238  68.619995
   25.015745  68.620071
   25.016478  68.620155
   25.016203  68.620316
   25.015434  68.620651
   25.015465  68.621162
   25.015369  68.621445
   25.015493  68.621719
   25.015778  68.621964
   25.016485  68.622269
   25.017952  68.622543
   25.018705  68.62278
   25.020765  68.623047
   25.021002  68.623238
   25.020786  68.623482
   25.021471  68.623734
   25.022621  68.623741
   25.023912  68.62413
   25.024893  68.624153
   25.025782  68.624023
   25.025654  68.623848
   25.025179  68.623459
   25.025656  68.623253
   25.028065  68.623077
   25.027615  68.623512
   25.028126  68.623711
   25.029036  68.623962
   25.029831  68.624069
   25.029909  68.623856
   25.030268  68.623718
   25.031321  68.623627
   25.031153  68.623314
   25.031118  68.623016
   25.031542  68.62291
   25.032019  68.622864
   25.032377  68.6231
   25.033417  68.623314
   25.033321  68.623596
   25.034155  68.623901
   25.034611  68.624031
   25.035484  68.624207
   25.035652  68.624413
   25.035851  68.624626
   25.036409  68.624931
   25.036942  68.625008
   25.038067  68.625015
   25.038578  68.625267
   25.039238  68.625244
   25.040106  68.625244
   25.040634  68.625145
   25.041245  68.625175
   25.041828  68.625473
   25.042562  68.625336
   25.043034  68.625389
   25.04353  68.625496
   25.044395  68.625603
   25.044762  68.626022
   25.045931  68.626137
   25.046179  68.626465
   25.046444  68.626663
   25.046951  68.626961
   25.047743  68.626953
   25.048424  68.626862
   25.049078  68.62677
   25.049551  68.626656
   25.050314  68.626366
   25.050541  68.626152
   25.050953  68.625969
   25.0511  68.625793
   25.051064  68.625603
   25.050989  68.625381
   25.051304  68.625145
   25.054424  68.624405
   25.055227  68.624367
   25.055975  68.62426
   25.055992  68.623909
   25.055485  68.623619
   25.055897  68.623375
   25.056004  68.623062
   25.056686  68.622757
   25.057375  68.622353
   25.057938  68.622391
   25.058226  68.622093
   25.059137  68.621964
   25.059578  68.621834
   25.059719  68.621658
   25.060184  68.621582
   25.060774  68.621567
   25.060934  68.621376
   25.061924  68.621361
   25.0623  68.621147
   25.062836  68.621178
   25.063419  68.621208
   25.064081  68.621078
   25.064619  68.621056
   25.06534  68.621109
   25.065897  68.620804
   25.066273  68.62059
   25.066509  68.620125
   25.067183  68.619965
   25.068918  68.619843
   25.069647  68.619911
   25.069452  68.620522
   25.069559  68.620979
   25.068727  68.621178
   25.069122  68.621445
   25.069626  68.62162
   25.069326  68.621841
   25.070419  68.621948
   25.070183  68.622307
   25.070848  68.622238
   25.071692  68.622391
   25.071993  68.62262
   25.072477  68.622429
   25.073288  68.622459
   25.073994  68.622589
   25.074631  68.622353
   25.075375  68.622345
   25.076363  68.622169
   25.077162  68.622169
   25.077793  68.622307
   25.078314  68.622627
   25.078974  68.622604
   25.078993  68.622925
   25.079607  68.623123
   25.080462  68.623253
   25.080832  68.623413
   25.080814  68.62365
   25.080011  68.623909
   25.079557  68.624222
   25.079601  68.624542
   25.080168  68.625076
   25.079987  68.625443
   25.079409  68.625923
   25.079004  68.626183
   25.078669  68.62632
   25.0783  68.626442
   25.078362  68.626625
   25.078928  68.626945
   25.080183  68.627136
   25.081007  68.626976
   25.081022  68.626686
   25.081299  68.626526
   25.081915  68.626404
   25.082624  68.626488
   25.084097  68.62677
   25.084297  68.627213
   25.084482  68.627457
   25.084888  68.627586
   25.085836  68.627754
   25.086872  68.628334
   25.087297  68.628838
   25.086546  68.629158
   25.086849  68.629326
   25.086433  68.629616
   25.086481  68.629883
   25.087126  68.630157
   25.086838  68.630341
   25.086798  68.630585
   25.087063  68.630783
   25.08728  68.631317
   25.087589  68.631561
   25.088707  68.631828
   25.089012  68.632118
   25.089193  68.632408
   25.088753  68.632912
   25.088755  68.633354
   25.088896  68.633667
   25.089121  68.633888
   25.089567  68.634163
   25.090145  68.634392
   25.090393  68.634827
   25.09026  68.635025
   25.090897  68.635551
   25.091501  68.63562
   25.092285  68.635704
   25.093552  68.635696
   25.094927  68.635712
   25.097002  68.635735
   25.097593  68.636055
   25.09823  68.63636
   25.099525  68.636688
   25.101683  68.637169
   25.102596  68.637253
   25.103256  68.637505
   25.103975  68.637772
   25.104536  68.637909
   25.105137  68.637917
   25.105564  68.637817
   25.106934  68.637329
   25.10799  68.637192
   25.109989  68.63726
   25.111506  68.63726
   25.112236  68.63739
   25.11285  68.637367
   25.113436  68.637398
   25.113434  68.637672
   25.113878  68.637772
   25.114338  68.638016
   25.113668  68.63813
   25.114096  68.638573
   25.115007  68.638611
   25.115391  68.638901
   25.114994  68.639023
   25.115225  68.639198
   25.116209  68.639389
   25.116314  68.639618
   25.116213  68.640106
   25.115889  68.640869
   25.115879  68.641068
   25.116522  68.64122
   25.117271  68.641228
   25.118023  68.641403
   25.118402  68.641632
   25.11853  68.642029
   25.118776  68.642235
   25.118998  68.642563
   25.11932  68.64283
   25.119156  68.643066
   25.118456  68.64328
   25.11779  68.64357
   25.117447  68.643852
   25.117067  68.644112
   25.116335  68.644417
   25.116068  68.64476
   25.116121  68.645149
   25.116495  68.645317
   25.11694  68.645523
   25.117359  68.64563
   25.118011  68.6464
   25.118484  68.647163
   25.118721  68.648232
   25.118603  68.648842
   25.118155  68.649605
   25.117926  68.650581
   25.117134  68.651299
   25.116188  68.651688
   25.115602  68.652092
   25.114187  68.652977
   25.11396  68.654282
   25.113911  68.654938
   25.114281  68.655693
   25.114712  68.656036
   25.115007  68.656631
   25.115215  68.657303
   25.11515  68.657982
   25.115191  68.658234
   25.114382  68.658478
   25.114616  68.658882
   25.114927  68.659126
   25.115719  68.659279
   25.115334  68.659637
   25.11455  68.66021
   25.11408  68.660713
   25.113684  68.661102
   25.113539  68.661491
   25.113443  68.661774
   25.113811  68.66198
   25.114183  68.662247
   25.114166  68.662544
   25.114105  68.662735
   25.114117  68.663139
   25.113958  68.663559
   25.113659  68.66394
   25.114031  68.664207
   25.114183  68.664597
   25.114208  68.665085
   25.114445  68.665497
   25.114698  68.665947
   25.114611  68.666138
   25.113991  68.66642
   25.113583  68.666557
   25.113211  68.666725
   25.112911  68.66716
   25.113041  68.667336
   25.113432  68.667488
   25.113678  68.667747
   25.113491  68.668159
   25.112991  68.66832
   25.112667  68.669083
   25.112585  68.669395
   25.112411  68.669777
   25.112247  68.670189
   25.112095  68.670502
   25.111406  68.670746
   25.111116  68.670982
   25.11101  68.671295
   25.110952  68.671989
   25.111082  68.672218
   25.110989  68.672508
   25.110762  68.672775
   25.110458  68.673035
   25.110376  68.673294
   25.110409  68.673637
   25.110586  68.673805
   25.111204  68.673958
   25.111118  68.675026
   25.111174  68.675644
   25.111233  68.675934
   25.111464  68.676224
   25.111431  68.676422
   25.111099  68.676735
   25.110493  68.676826
   25.109869  68.676933
   25.109053  68.677223
   25.108082  68.677719
   25.107822  68.678291
   25.10743  68.679016
   25.107403  68.679237
   25.107117  68.679482
   25.107052  68.679718
   25.107256  68.680496
   25.107521  68.681137
   25.107933  68.681656
   25.108301  68.681969
   25.108887  68.682426
   25.109177  68.682846
   25.109325  68.683395
   25.109531  68.684059
   25.109659  68.684563
   25.109772  68.684807
   25.110342  68.685402
   25.110859  68.685768
   25.110809  68.686203
   25.111031  68.686691
   25.111496  68.687378
   25.11198  68.688057
   25.112213  68.688568
   25.112411  68.689056
   25.112467  68.689453
   25.113012  68.690155
   25.113121  68.690506
   25.113211  68.690697
   25.113691  68.691475
   25.113852  68.691994
   25.114086  68.692505
   25.114202  68.693306
   25.11412  68.694275
   25.113949  68.694878
   25.113642  68.695465
   25.11343  68.696037
   25.113234  68.696808
   25.113075  68.697395
   25.113071  68.697876
   25.113022  68.698532
   25.113207  68.698776
   25.113073  68.698975
   25.112413  68.698891
   25.111872  68.698853
   25.111078  68.698921
   25.110844  68.699112
   25.110685  68.699425
   25.110743  68.699654
   25.110653  68.699844
   25.110888  68.700134
   25.11142  68.700432
   25.11182  68.70076
   25.112  68.700935
   25.111889  68.701508
   25.111702  68.702194
   25.111685  68.702484
   25.112247  68.702789
   25.113081  68.703079
   25.113482  68.703468
   25.113497  68.70388
   25.113728  68.704277
   25.114029  68.704666
   25.114332  68.704895
   25.115191  68.705025
   25.115526  68.705208
   25.115559  68.705605
   25.115591  68.705894
   25.115255  68.706032
   25.114889  68.706329
   25.114857  68.706642
   25.114922  68.706886
   25.115088  68.707253
   25.116245  68.707649
   25.117847  68.707771
   25.118431  68.707848
   25.119066  68.708199
   25.119579  68.708611
   25.120735  68.710869
   25.121128  68.711617
   25.121731  68.712334
   25.12228  68.712822
   25.122997  68.713242
   25.12343  68.713425
   25.124426  68.713692
   25.125277  68.713745
   25.127401  68.713921
   25.128731  68.713928
   25.129654  68.714035
   25.130463  68.714386
   25.130812  68.714714
   25.130913  68.715096
   25.130848  68.715393
   25.130383  68.715897
   25.13064  68.71608
   25.131231  68.716393
   25.131231  68.716774
   25.131361  68.717216
   25.131033  68.717705
   25.130693  68.717995
   25.13047  68.718597
   25.130846  68.718819
   25.130486  68.719124
   25.129538  68.71907
   25.129036  68.719063
   25.128387  68.719398
   25.128107  68.719658
   25.12763  68.719704
   25.126965  68.719727
   25.125843  68.719727
   25.124607  68.71981
   25.12413  68.720078
   25.123966  68.72049
   25.123594  68.720871
   25.123428  68.721161
   25.123461  68.721451
   25.123682  68.721939
   25.123552  68.722252
   25.123041  68.72261
   25.1224  68.723289
   25.122072  68.72377
   25.122129  68.724709
   25.122459  68.725594
   25.122499  68.726662
   25.123135  68.727615
   25.123333  68.728157
   25.12335  68.728462
   25.123199  68.728683
   25.123293  68.72905
   25.123276  68.72934
   25.12377  68.729706
   25.124077  68.729996
   25.124065  68.730247
   25.123825  68.730537
   25.123482  68.730827
   25.123266  68.731117
   25.123234  68.73143
   25.123493  68.73172
   25.123188  68.732368
   25.123531  68.733391
   25.123941  68.734497
   25.124062  68.734764
   25.124374  68.735008
   25.125179  68.735237
   25.125938  68.735641
   25.126514  68.735855
   25.12681  68.736176
   25.12672  68.73642
   25.126213  68.736946
   25.126184  68.73732
   25.125954  68.737633
   25.125818  68.737946
   25.125778  68.738235
   25.126034  68.738625
   25.126192  68.738914
   25.126175  68.739212
   25.125998  68.739639
   25.125744  68.740181
   25.125683  68.740974
   25.125902  68.741554
   25.125759  68.74234
   25.125204  68.74276
   25.124105  68.743362
   25.122921  68.743835
   25.121939  68.744308
   25.121561  68.744743
   25.121233  68.745224
   25.121155  68.745712
   25.121515  68.745949
   25.122431  68.746475
   25.122715  68.746765
   25.122906  68.746964
   25.122934  68.747353
   25.123194  68.747643
   25.123575  68.747765
   25.123817  68.747971
   25.123724  68.74826
   25.123865  68.748459
   25.124092  68.748627
   25.1243  68.748802
   25.124117  68.749115
   25.123573  68.749619
   25.123447  68.750053
   25.123577  68.75061
   25.124136  68.751007
   25.124216  68.751404
   25.123812  68.751831
   25.123661  68.752586
   25.123985  68.753075
   25.125063  68.753082
   25.125988  68.753571
   25.125895  68.754189
   25.126474  68.754684
   25.126717  68.755547
   25.126781  68.756668
   25.127275  68.757416
   25.127142  68.757835
   25.128099  68.758011
   25.128912  68.758141
   25.129488  68.758636
   25.130161  68.759285
   25.131203  68.759644
   25.132067  68.760109
   25.133135  68.760582
   25.134359  68.761177
   25.135252  68.761925
   25.13559  68.762711
   25.135633  68.763191
   25.135492  68.763809
   25.135813  68.764503
   25.136044  68.765335
   25.13591  68.766022
   25.135935  68.766457
   25.135151  68.766769
   25.133583  68.767174
   25.133259  68.767662
   25.13451  68.768311
   25.134964  68.769135
   25.13513  68.769829
   25.135281  68.770531
   25.135353  68.771019
   25.135975  68.771606
   25.136868  68.772133
   25.137583  68.772598
   25.138302  68.773293
   25.13887  68.773659
   25.139557  68.774384
   25.140432  68.775208
   25.140741  68.775711
   25.140629  68.776115
   25.139921  68.776436
   25.13949  68.776917
   25.139439  68.777397
   25.13941  68.777878
   25.139633  68.778198
   25.140471  68.778496
   25.141867  68.778809
   25.141819  68.779198
   25.141794  68.779633
   25.142021  68.780014
   25.142197  68.780502
   25.142298  68.780998
   25.142527  68.781494
   25.14255  68.781876
   25.142672  68.782196
   25.142649  68.782463
   25.142477  68.782639
   25.14164  68.782944
   25.140902  68.783134
   25.140341  68.78344
   25.140581  68.783638
   25.141218  68.783928
   25.141678  68.784218
   25.142031  68.784714
   25.142084  68.785103
   25.142515  68.786041
   25.142689  68.78653
   25.142788  68.786957
   25.143148  68.787254
   25.143888  68.787552
   25.145176  68.788124
   25.145823  68.78833
   25.145988  68.788528
   25.146185  68.788841
   25.14616  68.789116
   25.146761  68.78933
   25.1474  68.789467
   25.148188  68.789543
   25.148733  68.789642
   25.14929  68.790138
   25.149948  68.791191
   25.150181  68.791748
   25.150131  68.79213
   25.149914  68.792526
   25.14986  68.793007
   25.150084  68.793495
   25.150169  68.793953
   25.150478  68.794296
   25.151012  68.794472
   25.151735  68.794685
   25.152239  68.7948
   25.152494  68.794975
   25.152626  68.795364
   25.15309  68.795883
   25.153719  68.796326
   25.15477  68.796967
   25.155634  68.797485
   25.156502  68.797951
   25.157066  68.798256
   25.157169  68.798477
   25.157356  68.798775
   25.157454  68.799255
   25.157499  68.799568
   25.15773  68.799805
   25.158653  68.800064
   25.15922  68.800041
   25.159943  68.800194
   25.160704  68.800591
   25.162033  68.800919
   25.163309  68.801079
   25.164436  68.801079
   25.165241  68.801079
   25.165903  68.801163
   25.166677  68.801529
   25.167902  68.80201
   25.168474  68.80233
   25.168732  68.802612
   25.169306  68.802826
   25.171213  68.803421
   25.173027  68.804314
   25.174303  68.805008
   25.175051  68.805595
   25.176094  68.806221
   25.176655  68.806519
   25.179028  68.806976
   25.180407  68.807304
   25.182577  68.807716
   25.184515  68.808052
   25.185825  68.808334
   25.18829  68.808731
   25.189608  68.808815
   25.190878  68.808899
   25.192272  68.809097
   25.193575  68.809364
   25.194572  68.809624
   25.195454  68.809631
   25.196674  68.809616
   25.197393  68.809654
   25.197643  68.809914
   25.19779  68.810455
   25.198854  68.810905
   25.199009  68.811295
   25.199392  68.811577
   25.200199  68.812073
   25.200981  68.812576
   25.201744  68.812973
   25.202457  68.813316
   25.203348  68.813728
   25.204739  68.814507
   25.205854  68.815071
   25.206882  68.81588
   25.207376  68.816406
   25.207411  68.81675
   25.207428  68.817329
   25.207474  68.817642
   25.207096  68.817909
   25.207098  68.81813
   25.207533  68.818474
   25.208328  68.818779
   25.209316  68.818855
   25.210112  68.819107
   25.211708  68.819572
   25.212547  68.819756
   25.214664  68.820267
   25.216423  68.820541
   25.217751  68.820908
   25.219023  68.821266
   25.220953  68.822021
   25.222052  68.82309
   25.222836  68.823372
   25.223923  68.823547
   25.224781  68.823563
   25.226608  68.823494
   25.227272  68.823624
   25.227358  68.823921
   25.227453  68.824341
   25.228161  68.824944
   25.228996  68.825279
   25.230385  68.825623
   25.23123  68.826088
   25.231651  68.826561
   25.231943  68.82708
   25.232027  68.827805
   25.231947  68.828812
   25.232168  68.829292
   25.232702  68.829575
   25.233278  68.829788
   25.23345  68.830101
   25.233305  68.830437
   25.233532  68.830925
   25.233976  68.831345
   25.23443  68.831558
   25.235325  68.83165
   25.235855  68.831871
   25.235764  68.832161
   25.234983  68.832481
   25.235229  68.832848
   25.235468  68.833191
   25.235966  68.833725
   25.235992  68.834
   25.23617  68.834648
   25.236629  68.835258
   25.237469  68.835655
   25.238852  68.836197
   25.23918  68.836472
   25.239153  68.836845
   25.239052  68.837059
   25.238663  68.837463
   25.238422  68.838135
   25.238543  68.838554
   25.23863  68.839012
   25.23896  68.83918
   25.239666  68.839294
   25.240538  68.839439
   25.241011  68.839645
   25.241013  68.840027
   25.240879  68.840225
   25.241179  68.840485
   25.241428  68.840973
   25.243509  68.841827
   25.244961  68.842133
   25.245619  68.842361
   25.246023  68.842522
   25.247808  68.842743
   25.248407  68.842896
   25.248755  68.843208
   25.249006  68.84359
   25.249529  68.843903
   25.251127  68.844254
   25.253109  68.844574
   25.254509  68.845314
   25.255804  68.845932
   25.257095  68.846489
   25.259804  68.847343
   25.260687  68.847832
   25.26181  68.848297
   25.263264  68.848824
   25.2642  68.849319
   25.264999  68.84964
   25.266634  68.850334
   25.267212  68.850761
   25.268845  68.851463
   25.271086  68.851898
   25.273321  68.852432
   25.275402  68.852798
   25.277842  68.853279
   25.280174  68.853645
   25.281834  68.85376
   25.28343  68.853996
   25.284521  68.854446
   25.285986  68.854942
   25.287807  68.855339
   25.289145  68.855942
   25.289644  68.856255
   25.289606  68.856659
   25.289055  68.857033
   25.288481  68.857315
   25.288164  68.857925
   25.288712  68.858612
   25.29146  68.859543
   25.293127  68.860039
   25.296408  68.860916
   25.30234  68.862198
   25.304674  68.862671
   25.30714  68.862991
   25.308636  68.862907
   25.309124  68.86277
   25.31101  68.86277
   25.312315  68.862709
   25.312988  68.862808
   25.313173  68.862984
   25.313  68.863205
   25.31345  68.863472
   25.314987  68.863899
   25.31658  68.864243
   25.326292  68.866219
   25.326914  68.866417
   25.327137  68.866791
   25.328663  68.867355
   25.329458  68.867447
   25.33046  68.867592
   25.331362  68.867798
   25.33243  68.868195
   25.333784  68.868774
   25.335217  68.869362
   25.336918  68.86982
   25.338196  68.870079
   25.338863  68.870209
   25.339922  68.870163
   25.340685  68.870071
   25.341417  68.870079
   25.34268  68.870247
   25.343731  68.870499
   25.343985  68.870979
   25.344618  68.871208
   25.345745  68.871407
   25.347343  68.871811
   25.34833  68.872139
   25.349667  68.872467
   25.350893  68.872772
   25.352402  68.873146
   25.353228  68.873344
   25.353802  68.873604
   25.354176  68.87397
   25.355165  68.874252
   25.35622  68.874352
   25.356855  68.874313
   25.357386  68.874313
   25.358036  68.874466
   25.358837  68.874672
   25.35935  68.874962
   25.359329  68.87529
   25.359669  68.87542
   25.362072  68.87587
   25.364862  68.87661
   25.367655  68.87719
   25.368502  68.87738
   25.370956  68.877731
   25.372004  68.878029
   25.372391  68.878365
   25.372377  68.878716
   25.372883  68.878983
   25.3734  68.87928
   25.373446  68.879692
   25.373951  68.879959
   25.374952  68.880219
   25.375526  68.880417
   25.375475  68.88063
   25.375568  68.880875
   25.376566  68.881126
   25.377752  68.881454
   25.378736  68.881828
   25.379515  68.882034
   25.380936  68.882164
   25.381929  68.882347
   25.383701  68.882843
   25.38497  68.883133
   25.386475  68.883385
   25.38835  68.883621
   25.391085  68.884079
   25.39447  68.884743
   25.397917  68.885582
   25.400282  68.886375
   25.401123  68.886818
   25.401346  68.887291
   25.400923  68.887718
   25.400017  68.888092
   25.398914  68.888428
   25.398136  68.888802
   25.397984  68.889275
   25.397562  68.889557
   25.39752  68.890213
   25.398001  68.8908
   25.398666  68.891197
   25.400661  68.891357
   25.402517  68.891663
   25.403994  68.891907
   25.406208  68.89238
   25.409819  68.892769
   25.412096  68.892731
   25.412609  68.8927
   25.413359  68.892586
   25.413977  68.892349
   25.414682  68.892082
   25.41544  68.891876
   25.416872  68.891602
   25.418108  68.891449
   25.419504  68.891258
   25.42053  68.891296
   25.421261  68.891556
   25.421982  68.891861
   25.422155  68.89222
   25.422367  68.892616
   25.422932  68.892952
   25.42383  68.893311
   25.426199  68.893997
   25.429216  68.893982
   25.432455  68.893852
   25.433481  68.89389
   25.434486  68.89399
   25.434742  68.894157
   25.434851  68.894333
   25.436071  68.894676
   25.4377  68.895027
   25.440361  68.895744
   25.442526  68.896484
   25.444714  68.896996
   25.447462  68.897583
   25.450508  68.897949
   25.45414  68.898323
   25.455902  68.899055
   25.456848  68.899979
   25.459417  68.900665
   25.462772  68.901093
   25.465496  68.901833
   25.468021  68.902527
   25.470327  68.902878
   25.472509  68.90329
   25.474907  68.904335
   25.476484  68.904579
   25.481411  68.90506
   25.48403  68.904823
   25.486845  68.904533
   25.48876  68.904579
   25.491125  68.904335
   25.49304  68.903809
   25.494392  68.902992
   25.494617  68.901985
   25.49349  68.900299
   25.49349  68.899796
   25.494268  68.899391
   25.496115  68.898804
   25.501713  68.897644
   25.50543  68.897316
   25.508921  68.896957
   25.510048  68.896507
   25.511061  68.895576
   25.511848  68.894684
   25.514326  68.893181
   25.515453  68.89241
   25.518044  68.891685
   25.519958  68.891357
   25.521505  68.89064
   25.522888  68.890533
   25.525656  68.890511
   25.52681  68.890198
   25.527445  68.889763
   25.52854  68.88887
   25.53027  68.888062
   25.532057  68.887711
   25.534594  68.887352
   25.538862  68.886818
   25.541054  68.886421
   25.542379  68.886299
   25.546358  68.886253
   25.54953  68.886688
   25.551605  68.887108
   25.553797  68.887291
   25.556623  68.887146
   25.557835  68.886856
   25.559044  68.88652
   25.56164  68.886482
   25.562447  68.886276
   25.563395  68.885963
   25.564316  68.885902
   25.569077  68.885902
   25.570774  68.885651
   25.573246  68.885162
   25.579187  68.884544
   25.581919  68.884018
   25.584465  68.883408
   25.585869  68.883255
   25.588894  68.883255
   25.590591  68.883324
   25.591663  68.883568
   25.593803  68.883591
   25.594837  68.883789
   25.597198  68.884201
   25.60074  68.88504
   25.602551  68.885582
   25.603176  68.886169
   25.603914  68.886902
   25.605576  68.887833
   25.608086  68.888535
   25.611149  68.889534
   25.613621  68.890373
   25.61495  68.890625
   25.616905  68.890732
   25.619932  68.890785
   25.621262  68.890968
   25.622995  68.891304
   25.623991  68.891701
   25.624657  68.892181
   25.62569  68.892365
   25.627092  68.892647
   25.627609  68.892906
   25.628237  68.893311
   25.628458  68.893707
   25.628309  68.894089
   25.627756  68.894981
   25.627203  68.896141
   25.627129  68.896667
   25.627277  68.897072
   25.627831  68.897469
   25.628937  68.897865
   25.630081  68.898201
   25.630966  68.898705
   25.631557  68.89917
   25.632553  68.899872
   25.633736  68.90052
   25.635027  68.901337
   25.635212  68.901665
   25.635359  68.902168
   25.635912  68.902557
   25.637093  68.902824
   25.641043  68.903404
   25.642445  68.903831
   25.644291  68.904205
   25.645878  68.904297
   25.647686  68.904495
   25.648203  68.904831
   25.649014  68.905197
   25.649973  68.905334
   25.65167  68.905396
   25.652409  68.905357
   25.653774  68.905495
   25.654329  68.905769
   25.65444  68.906113
   25.653923  68.906776
   25.653923  68.907059
   25.653885  68.907616
   25.654329  68.908043
   25.654808  68.90844
   25.655472  68.909492
   25.655695  68.910408
   25.655842  68.911293
   25.65621  68.912308
   25.656727  68.913078
   25.656986  68.914047
   25.65728  68.915016
   25.657465  68.915649
   25.657907  68.917297
   25.658352  68.917732
   25.658905  68.91803
   25.659939  68.918358
   25.660971  68.919006
   25.661526  68.919823
   25.662004  68.92067
   25.662264  68.921295
   25.662264  68.922012
   25.662596  68.922287
   25.663555  68.922607
   25.664219  68.923164
   25.66481  68.923737
   25.670013  68.927567
   25.67732  68.934006
   25.682266  68.938515
   25.683889  68.939697
   25.686842  68.941498
   25.689316  68.943275
   25.691235  68.944862
   25.692747  68.94664
   25.693079  68.947159
   25.693079  68.947609
   25.69249  68.947891
   25.691713  68.948074
   25.690939  68.94838
   25.690792  68.948807
   25.691086  68.949211
   25.691677  68.949821
   25.691898  68.950684
   25.692268  68.951439
   25.692968  68.951958
   25.694149  68.952744
   25.694483  68.953163
   25.694925  68.953362
   25.6957  68.953415
   25.697693  68.953377
   25.698799  68.953445
   25.699648  68.953651
   25.700054  68.954025
   25.699982  68.954506
   25.699907  68.955009
   25.700018  68.955315
   25.70035  68.95562
   25.701052  68.956024
   25.704041  68.958138
   25.704853  68.959023
   25.705442  68.959854
   25.706144  68.960411
   25.707214  68.961006
   25.708506  68.961487
   25.709061  68.961861
   25.709318  68.962265
   25.709576  68.963173
   25.710196  68.964149
   25.710352  68.964691
   25.710979  68.96508
   25.712011  68.965538
   25.712862  68.965981
   25.713526  68.966637
   25.713711  68.966957
   25.713783  68.967331
   25.713562  68.967789
   25.712898  68.968399
   25.712418  68.968842
   25.712196  68.969193
   25.712307  68.969543
   25.713009  68.97052
   25.713821  68.971657
   25.714043  68.972298
   25.713968  68.972656
   25.713562  68.972946
   25.712713  68.973183
   25.712492  68.973633
   25.712456  68.974228
   25.712381  68.975616
   25.712603  68.976067
   25.712898  68.977089
   25.712603  68.977867
   25.712049  68.978333
   25.711718  68.978851
   25.711828  68.979286
   25.712271  68.980042
   25.713045  68.980568
   25.714781  68.981606
   25.71574  68.982307
   25.716957  68.983124
   25.718582  68.983932
   25.719614  68.984795
   25.720131  68.985336
   25.720316  68.985878
   25.720575  68.986351
   25.72135  68.986847
   25.722273  68.98732
   25.722605  68.988129
   25.722677  68.988991
   25.722788  68.989395
   25.723158  68.989738
   25.724524  68.990387
   25.726627  68.991478
   25.728842  68.992798
   25.729986  68.993576
   25.731018  68.994057
   25.732126  68.994423
   25.733564  68.994743
   25.739397  68.995857
   25.740763  68.996239
   25.741426  68.996475
   25.741501  68.996658
   25.741426  68.996857
   25.741131  68.997139
   25.740725  68.997482
   25.740725  68.997696
   25.740946  68.997948
   25.741537  68.998116
   25.742903  68.998619
   25.743492  68.998962
   25.744305  68.999504
   25.745745  69.000137
   25.747442  69.000641
   25.751169  69.001846
   25.753937  69.003059
   25.756668  69.003845
   25.757591  69.003975
   25.75844  69.003975
   25.759399  69.003845
   25.760544  69.003616
   25.761318  69.003632
   25.761909  69.003723
   25.762573  69.004013
   25.764528  69.005669
   25.766005  69.006554
   25.767298  69.007118
   25.767704  69.007584
   25.767815  69.008194
   25.768921  69.009186
   25.771467  69.011131
   25.773645  69.012856
   25.774641  69.013481
   25.775232  69.014259
   25.775528  69.015228
   25.775711  69.016022
   25.776192  69.016571
   25.776745  69.017036
   25.777151  69.017502
   25.777409  69.01799
   25.77763  69.0187
   25.777483  69.019585
   25.777077  69.020111
   25.776487  69.020592
   25.776154  69.020905
   25.776081  69.021301
   25.776192  69.02179
   25.776117  69.022331
   25.775528  69.023117
   25.774937  69.023567
   25.773903  69.024239
   25.77346  69.024673
   25.772686  69.025429
   25.77228  69.026352
   25.771763  69.026947
   25.771135  69.027397
   25.770988  69.027924
   25.770874  69.028412
   25.770693  69.028702
   25.769991  69.02906
   25.7687  69.029465
   25.767076  69.029694
   25.764603  69.029961
   25.762316  69.030106
   25.761244  69.030113
   25.760174  69.029915
   25.759474  69.029808
   25.758736  69.029762
   25.757553  69.029861
   25.756372  69.030205
   25.754307  69.031136
   25.753016  69.031822
   25.751944  69.03257
   25.750616  69.034286
   25.749361  69.0364
   25.747959  69.037758
   25.746372  69.039017
   25.745596  69.039848
   25.745375  69.040482
   25.745413  69.04155
   25.745485  69.042435
   25.745413  69.043648
   25.745634  69.044258
   25.746077  69.044479
   25.747036  69.044762
   25.748327  69.04509
   25.749582  69.04554
   25.750652  69.046066
   25.751095  69.046593
   25.751059  69.047096
   25.750912  69.047676
   25.750174  69.04847
   25.74984  69.049179
   25.749472  69.049828
   25.749435  69.050522
   25.74984  69.05101
   25.750578  69.051384
   25.751797  69.051804
   25.752756  69.052162
   25.753494  69.052505
   25.754011  69.052925
   25.753975  69.053253
   25.753569  69.053596
   25.752571  69.053848
   25.751427  69.054024
   25.750948  69.054321
   25.750284  69.054718
   25.749952  69.055061
   25.750025  69.05542
   25.750763  69.055672
   25.751575  69.055832
   25.752388  69.056068
   25.752682  69.056419
   25.752792  69.057175
   25.752756  69.05761
   25.752203  69.058388
   25.751575  69.058983
   25.750984  69.059296
   25.749804  69.059601
   25.748549  69.06002
   25.747885  69.060455
   25.746223  69.061531
   25.743198  69.063637
   25.738695  69.066826
   25.737183  69.06813
   25.736223  69.068962
   25.735041  69.07003
   25.733492  69.071075
   25.732901  69.071709
   25.732533  69.07235
   25.731941  69.072777
   25.730835  69.073357
   25.729727  69.074089
   25.729248  69.074722
   25.728361  69.075584
   25.726036  69.07798
   25.72504  69.078918
   25.724449  69.079521
   25.724264  69.079987
   25.724302  69.080421
   25.72456  69.080681
   25.725298  69.080856
   25.726553  69.081146
   25.730835  69.082024
   25.731352  69.082237
   25.731573  69.082504
   25.731499  69.082817
   25.731203  69.083237
   25.730539  69.083794
   25.730207  69.08416
   25.730059  69.08448
   25.72958  69.084808
   25.729284  69.085297
   25.729284  69.085785
   25.729431  69.086388
   25.729395  69.086891
   25.728914  69.087509
   25.728657  69.088181
   25.728289  69.088585
   25.727697  69.089165
   25.727512  69.089615
   25.727512  69.090012
   25.727327  69.090286
   25.726627  69.090721
   25.725962  69.090935
   25.72574  69.091209
   25.725851  69.091522
   25.725889  69.091866
   25.72563  69.092644
   25.725409  69.093391
   25.725447  69.094261
   25.72574  69.095451
   25.726221  69.096184
   25.726995  69.096977
   25.727365  69.097504
   25.727734  69.098015
   25.728176  69.098862
   25.728289  69.099442
   25.728399  69.099922
   25.728842  69.100319
   25.729395  69.1007
   25.730244  69.101021
   25.731056  69.101601
   25.731203  69.102074
   25.731167  69.102707
   25.731167  69.103424
   25.731499  69.10482
   25.731499  69.105324
   25.730946  69.105812
   25.730244  69.10614
   25.728325  69.106575
   25.726517  69.106773
   25.725519  69.107071
   25.724855  69.107445
   25.724413  69.107918
   25.724007  69.10817
   25.722898  69.108559
   25.721497  69.108719
   25.720907  69.108887
   25.720463  69.1091
   25.720242  69.109428
   25.720427  69.110062
   25.720758  69.110535
   25.721386  69.111389
   25.721571  69.112389
   25.721682  69.113152
   25.721977  69.113747
   25.72253  69.114456
   25.722973  69.115181
   25.723454  69.116203
   25.724117  69.116615
   25.724966  69.117058
   25.726627  69.117958
   25.728325  69.119156
   25.729616  69.1203
   25.730612  69.121284
   25.731167  69.121864
   25.732052  69.122971
   25.732458  69.123955
   25.732201  69.125206
   25.732016  69.126213
   25.732052  69.127411
   25.732533  69.128059
   25.733492  69.129173
   25.733675  69.130028
   25.733271  69.130814
   25.733307  69.131477
   25.733675  69.132515
   25.734156  69.133171
   25.734673  69.133423
   25.736666  69.134026
   25.738731  69.134445
   25.740208  69.134659
   25.741241  69.135117
   25.742201  69.135788
   25.742865  69.136917
   25.743677  69.138229
   25.743677  69.138756
   25.743309  69.139557
   25.742311  69.140533
   25.741648  69.141159
   25.741537  69.141663
   25.742016  69.142288
   25.742643  69.142738
   25.742977  69.143066
   25.743013  69.143661
   25.742718  69.144302
   25.742239  69.14492
   25.741501  69.145447
   25.740318  69.146103
   25.739027  69.146851
   25.738695  69.147469
   25.7384  69.14798
   25.737476  69.148651
   25.735853  69.149178
   25.735115  69.149376
   25.733454  69.149902
   25.731794  69.150322
   25.730907  69.150726
   25.730318  69.151039
   25.730022  69.151634
   25.730318  69.152168
   25.730871  69.152763
   25.731056  69.153297
   25.731092  69.153763
   25.731018  69.15477
   25.730761  69.155952
   25.730686  69.156792
   25.730612  69.15741
   25.730318  69.158195
   25.729763  69.158813
   25.728251  69.159607
   25.727291  69.160233
   25.726368  69.160706
   25.72504  69.161324
   25.724413  69.16172
   25.723682  69.16198
   25.72193  69.162018
   25.720442  69.162201
   25.719538  69.162918
   25.718954  69.16375
   25.718157  69.164322
   25.717571  69.164909
   25.717838  69.165527
   25.718369  69.166115
   25.719059  69.167007
   25.719112  69.167801
   25.719059  69.168648
   25.719645  69.169273
   25.720228  69.169647
   25.72007  69.170296
   25.719698  69.171959
   25.718901  69.173012
   25.718157  69.173996
   25.715551  69.176361
   25.714968  69.177017
   25.715128  69.177551
   25.715021  69.178131
   25.714756  69.178604
   25.713638  69.179626
   25.712364  69.180832
   25.711407  69.181686
   25.711142  69.182404
   25.711142  69.183067
   25.710291  69.184082
   25.709707  69.184669
   25.709015  69.185143
   25.707899  69.18544
   25.707315  69.185631
   25.706997  69.186066
   25.706944  69.186745
   25.706837  69.187462
   25.7062  69.188011
   25.70487  69.188828
   25.701628  69.190765
   25.697376  69.193016
   25.693922  69.195717
   25.693338  69.196602
   25.693392  69.197227
   25.69355  69.197906
   25.694082  69.198715
   25.695198  69.199509
   25.695677  69.200165
   25.696207  69.201111
   25.695782  69.20166
   25.69488  69.202286
   25.694029  69.202774
   25.69355  69.203339
   25.693764  69.203827
   25.694313  69.20433
   25.695246  69.204781
   25.69603  69.204926
   25.697062  69.204926
   25.698465  69.20475
   25.699537  69.204636
   25.700279  69.20472
   25.701683  69.205032
   25.703333  69.205627
   25.704365  69.206612
   25.705973  69.207916
   25.707294  69.208839
   25.708944  69.20961
   25.71047  69.210098
   25.712244  69.210388
   25.712988  69.210724
   25.713234  69.21109
   25.713318  69.211456
   25.713028  69.211899
   25.712698  69.21228
   25.709398  69.214081
   25.7082  69.215149
   25.707376  69.216118
   25.707253  69.216743
   25.70717  69.217682
   25.706717  69.218323
   25.705849  69.219086
   25.705479  69.219612
   25.705643  69.220184
   25.706097  69.220726
   25.707129  69.221649
   25.708324  69.222145
   25.709892  69.222687
   25.710907  69.223061
   25.712154  69.223755
   25.713062  69.224594
   25.713654  69.225235
   25.713739  69.225708
   25.713654  69.226105
   25.7134  69.226433
   25.712936  69.226738
   25.711796  69.227043
   25.709324  69.227516
   25.707634  69.22802
   25.704782  69.229073
   25.70318  69.229713
   25.701838  69.230415
   25.701153  69.230934
   25.700951  69.231216
   25.700899  69.231552
   25.701103  69.231895
   25.701584  69.232201
   25.702192  69.232498
   25.70318  69.233185
   25.703865  69.23394
   25.704348  69.23542
   25.704576  69.236359
   25.705101  69.236893
   25.70573  69.237648
   25.706173  69.238388
   25.706629  69.239128
   25.707516  69.239647
   25.708048  69.239861
   25.708174  69.240211
   25.708124  69.240929
   25.707745  69.241295
   25.707415  69.2416
   25.707388  69.242088
   25.707491  69.243301
   25.707769  69.243645
   25.708326  69.24411
   25.708403  69.244385
   25.708124  69.244682
   25.706856  69.245659
   25.705538  69.246872
   25.705057  69.24736
   25.703333  69.248619
   25.702066  69.249374
   25.701685  69.249756
   25.701635  69.250053
   25.701685  69.250465
   25.702318  69.250923
   25.702599  69.251709
   25.702572  69.252419
   25.702522  69.253212
   25.702749  69.253838
   25.703104  69.254295
   25.703535  69.254723
   25.704144  69.25518
   25.704828  69.255531
   25.70569  69.255791
   25.707693  69.256241
   25.709265  69.256508
   25.710886  69.256714
   25.713169  69.256798
   25.714233  69.256767
   25.716818  69.256706
   25.719175  69.256691
   25.72072  69.256851
   25.723471  69.257645
   25.726582  69.258774
   25.728376  69.259491
   25.729778  69.260124
   25.730305  69.260559
   25.730612  69.261116
   25.729998  69.261658
   25.729298  69.262199
   25.729691  69.262779
   25.730349  69.263412
   25.731531  69.264481
   25.732231  69.26532
   25.732187  69.265862
   25.732056  69.266403
   25.731136  69.267471
   25.730436  69.268204
   25.729603  69.269165
   25.728991  69.270111
   25.728903  69.270866
   25.729034  69.27169
   25.729473  69.272682
   25.730042  69.27327
   25.731224  69.273849
   25.732319  69.274277
   25.733501  69.274529
   25.734816  69.274666
   25.736086  69.274651
   25.737883  69.274666
   25.73913  69.274689
   25.740587  69.274948
   25.741457  69.275475
   25.74227  69.276207
   25.742605  69.276825
   25.74255  69.277512
   25.741989  69.278267
   25.741009  69.279129
   25.739662  69.280251
   25.738905  69.281082
   25.738682  69.281654
   25.738792  69.282471
   25.739269  69.283134
   25.74011  69.283562
   25.741316  69.283966
   25.743027  69.284294
   25.745577  69.284859
   25.746923  69.285225
   25.747568  69.285553
   25.747904  69.285995
   25.747961  69.286522
   25.74782  69.28698
   25.7474  69.287628
   25.747034  69.288399
   25.746222  69.289719
   25.745522  69.290848
   25.745487  69.291489
   25.745241  69.292236
   25.745045  69.292618
   25.744371  69.293037
   25.742579  69.293594
   25.738457  69.294594
   25.737196  69.295052
   25.736158  69.295555
   25.735823  69.295952
   25.735737  69.29644
   25.736074  69.29718
   25.736494  69.297737
   25.737083  69.298332
   25.737953  69.298683
   25.738682  69.298859
   25.740335  69.299026
   25.742466  69.299263
   25.743219  69.299423
   25.746054  69.30043
   25.746614  69.300789
   25.747623  69.301949
   25.748072  69.302818
   25.748184  69.303802
   25.748016  69.30452
   25.747681  69.305016
   25.74712  69.305428
   25.746166  69.305779
   25.744932  69.306061
   25.744036  69.306198
   25.742298  69.306572
   25.741457  69.306877
   25.740868  69.307205
   25.740391  69.307808
   25.73955  69.309113
   25.739243  69.30999
   25.739326  69.311058
   25.739326  69.311943
   25.739887  69.315361
   25.740223  69.316177
   25.740671  69.317055
   25.741106  69.31813
   25.742399  69.319016
   25.744713  69.320168
   25.748219  69.32151
   25.751282  69.322845
   25.752745  69.323601
   25.754549  69.324081
   25.755646  69.324348
   25.756079  69.324623
   25.756317  69.325119
   25.756409  69.325592
   25.756874  69.32637
   25.758223  69.327675
   25.758768  69.328445
   25.75955  69.330643
   25.760265  69.332542
   25.760426  69.332932
   25.760809  69.333153
   25.761324  69.33329
   25.762444  69.333466
   25.763132  69.333755
   25.763294  69.333969
   25.763186  69.33445
   25.762121  69.335442
   25.761053  69.336281
   25.760229  69.337143
   25.759464  69.338936
   25.759502  69.339867
   25.759918  69.340401
   25.761  69.340919
   25.762348  69.341309
   25.763514  69.341484
   25.765297  69.341621
   25.767067  69.341957
   25.770523  69.342819
   25.772728  69.343163
   25.776024  69.343613
   25.777542  69.343964
   25.778791  69.344498
   25.779455  69.345352
   25.779814  69.346115
   25.779669  69.346642
   25.779083  69.347435
   25.778898  69.347908
   25.778818  69.348541
   25.779297  69.349419
   25.779152  69.349915
   25.779169  69.350441
   25.779509  69.351273
   25.780998  69.35257
   25.782167  69.353729
   25.783815  69.355064
   25.784954  69.35553
   25.785912  69.355827
   25.787823  69.356071
   25.789616  69.356186
   25.791016  69.356384
   25.792816  69.356628
   25.794409  69.35675
   25.796343  69.35672
   25.798162  69.356621
   25.799839  69.356682
   25.801262  69.356781
   25.802568  69.356911
   25.80472  69.357353
   25.806688  69.357788
   25.808027  69.358154
   25.809681  69.358337
   25.81197  69.358498
   25.813639  69.358749
   25.815916  69.359169
   25.817242  69.359581
   25.817999  69.359978
   25.818621  69.360664
   25.818642  69.361267
   25.818693  69.361938
   25.818516  69.362633
   25.817909  69.363297
   25.816889  69.364273
   25.815767  69.365562
   25.815622  69.366196
   25.815706  69.36673
   25.815931  69.367279
   25.81694  69.368446
   25.817526  69.369141
   25.817705  69.36969
   25.818058  69.371086
   25.818272  69.371597
   25.818825  69.372108
   25.818865  69.372398
   25.818661  69.372643
   25.817968  69.372894
   25.816982  69.3731
   25.814674  69.373329
   25.81356  69.373428
   25.812866  69.373611
   25.812511  69.373886
   25.812307  69.374229
   25.812283  69.374619
   25.812366  69.374985
   25.812788  69.375443
   25.813395  69.375862
   25.814219  69.376266
   25.815798  69.376839
   25.817326  69.377388
   25.818279  69.3778
   25.818781  69.378334
   25.819115  69.379005
   25.819544  69.379356
   25.820374  69.379601
   25.822504  69.379814
   25.823816  69.379944
   25.824619  69.380119
   25.825539  69.380493
   25.827223  69.381035
   25.828733  69.381676
   25.829603  69.382301
   25.830305  69.383308
   25.830751  69.384224
   25.831362  69.386467
   25.831198  69.388062
   25.831232  69.388435
   25.831646  69.388809
   25.832842  69.389214
   25.833843  69.389664
   25.834261  69.390259
   25.834482  69.390686
   25.835073  69.391129
   25.835905  69.391502
   25.836874  69.391815
   25.83849  69.392227
   25.839817  69.392418
   25.841503  69.392487
   25.843225  69.392441
   25.844337  69.392441
   25.84536  69.392563
   25.846201  69.392914
   25.846516  69.393379
   25.846552  69.394226
   25.846289  69.3946
   25.845781  69.39502
   25.845253  69.395554
   25.844757  69.396263
   25.844196  69.397804
   25.843771  69.398354
   25.840593  69.399895
   25.834902  69.402962
   25.834509  69.403305
   25.834332  69.403656
   25.834358  69.404358
   25.834137  69.404999
   25.832954  69.405777
   25.832064  69.40625
   25.830952  69.40667
   25.829006  69.406982
   25.827717  69.407051
   25.826036  69.406975
   25.82303  69.406471
   25.820156  69.405777
   25.818159  69.405441
   25.816992  69.405289
   25.815653  69.405083
   25.814114  69.40506
   25.813129  69.405128
   25.812414  69.40538
   25.812134  69.405647
   25.812374  69.406021
   25.812555  69.406616
   25.812531  69.407166
   25.81216  69.407639
   25.81123  69.408142
   25.809937  69.408485
   25.80929  69.408936
   25.809217  69.409355
   25.809504  69.410316
   25.810358  69.410736
   25.811457  69.411148
   25.812588  69.411285
   25.813868  69.411423
   25.821127  69.412064
   25.822515  69.412285
   25.82369  69.412605
   25.824242  69.413025
   25.824152  69.413689
   25.823324  69.414284
   25.822668  69.41507
   25.821939  69.415833
   25.82114  69.416168
   25.820044  69.416389
   25.819118  69.416847
   25.817978  69.417381
   25.816557  69.417625
   25.814899  69.417877
   25.813194  69.418282
   25.811474  69.41864
   25.809793  69.418785
   25.807188  69.41893
   25.800524  69.418884
   25.798265  69.418945
   25.796486  69.419289
   25.794842  69.419876
   25.794022  69.420532
   25.793804  69.421135
   25.794209  69.42202
   25.795193  69.422768
   25.796797  69.423744
   25.798466  69.4245
   25.79962  69.424767
   25.801226  69.42495
   25.802744  69.425079
   25.804546  69.425095
   25.805758  69.42514
   25.806982  69.42524
   25.807808  69.425415
   25.808624  69.425781
   25.80958  69.42643
   25.810093  69.427246
   25.810583  69.428329
   25.810799  69.429482
   25.810673  69.43013
   25.810057  69.430946
   25.809078  69.431717
   25.808243  69.432182
   25.807528  69.432571
   25.806614  69.433311
   25.806402  69.433846
   25.806524  69.434395
   25.806953  69.434883
   25.808012  69.435463
   25.811228  69.436752
   25.81319  69.4375
   25.814724  69.43824
   25.815832  69.438988
   25.816742  69.439796
   25.817629  69.441887
   25.818451  69.443253
   25.819527  69.444199
   25.821032  69.445282
   25.82378  69.446724
   25.825151  69.447685
   25.825935  69.448761
   25.826052  69.449738
   25.826284  69.45092
   25.82736  69.45266
   25.829575  69.4561
   25.830303  69.458466
   25.831675  69.462326
   25.833136  69.465004
   25.834068  69.466621
   25.835199  69.467491
   25.836655  69.468361
   25.83931  69.469292
   25.847258  69.471092
   25.860474  69.473923
   25.86207  69.474472
   25.863178  69.475037
   25.863777  69.475876
   25.863831  69.476639
   25.862968  69.477974
   25.861546  69.481895
   25.860682  69.48362
   25.859676  69.484848
   25.857807  69.485863
   25.856052  69.486343
   25.852854  69.486954
   25.850616  69.487442
   25.849224  69.488083
   25.848448  69.488762
   25.848082  69.489357
   25.848328  69.490334
   25.849167  69.491394
   25.849482  69.492432
   25.849977  69.494499
   25.851076  69.496529
   25.851761  69.497894
   25.853296  69.499146
   25.856491  69.501328
   25.85718  69.502098
   25.857531  69.503067
   25.857208  69.506798
   25.857536  69.508331
   25.859034  69.509682
   25.861151  69.511864
   25.864067  69.514297
   25.867086  69.516342
   25.870213  69.517776
   25.872904  69.519127
   25.87483  69.521011
   25.875326  69.522797
   25.876511  69.52478
   25.876823  69.526131
   25.876392  69.527245
   25.875654  69.528137
   25.872875  69.530571
   25.868303  69.533348
   25.863071  69.535461
   25.852448  69.538559
   25.844681  69.541237
   25.842209  69.542671
   25.841179  69.543755
   25.840839  69.545494
   25.841276  69.547211
   25.843081  69.549667
   25.844894  69.551437
   25.846525  69.552292
   25.848011  69.552689
   25.851061  69.55307
   25.854002  69.553215
   25.859507  69.553276
   25.861591  69.55349
   25.863058  69.55381
   25.871141  69.555473
   25.875406  69.556206
   25.880201  69.55677
   25.887026  69.557449
   25.893293  69.558319
   25.898394  69.559547
   25.902534  69.561111
   25.913198  69.565605
   25.918657  69.567909
   25.923752  69.569244
   25.931406  69.570915
   25.935478  69.572319
   25.939766  69.57486
   25.94426  69.577538
   25.946699  69.57946
   25.947807  69.581329
   25.947956  69.583008
   25.947041  69.585236
   25.94664  69.58622
   25.946898  69.587059
   25.9475  69.587608
   25.949057  69.588203
   25.95026  69.588921
   25.951784  69.590637
   25.952814  69.592552
   25.953852  69.594437
   25.954569  69.595093
   25.955507  69.595558
   25.959499  69.596741
   25.962509  69.597336
   25.9641  69.59771
   25.965395  69.598145
   25.966467  69.598831
   25.967388  69.599915
   25.969864  69.603806
   25.971647  69.605995
   25.97344  69.607956
   25.97534  69.609459
   25.97604  69.610222
   25.976109  69.610954
   25.976021  69.611565
   25.975178  69.612259
   25.968641  69.616302
   25.96674  69.617058
   25.964767  69.617645
   25.96291  69.618576
   25.960529  69.620071
   25.959997  69.620766
   25.960009  69.621254
   25.960722  69.622231
   25.961851  69.623009
   25.962969  69.624092
   25.963284  69.625175
   25.963051  69.626526
   25.962364  69.627647
   25.961658  69.628387
   25.961498  69.629234
   25.96187  69.630318
   25.962879  69.632034
   25.963102  69.633171
   25.962887  69.634613
   25.962276  69.63604
   25.961227  69.637405
   25.957848  69.640564
   25.956297  69.641708
   25.955864  69.642303
   25.955599  69.642792
   25.955645  69.643745
   25.955643  69.644684
   25.955479  69.645439
   25.954657  69.646584
   25.953362  69.64753
   25.951578  69.648674
   25.946997  69.650543
   25.942055  69.65197
   25.936436  69.653389
   25.929695  69.655235
   25.926353  69.655762
   25.918602  69.656517
   25.914295  69.656883
   25.908987  69.657166
   25.904835  69.657356
   25.901848  69.657654
   25.899029  69.658318
   25.896643  69.659218
   25.895397  69.660065
   25.894161  69.661278
   25.893011  69.662773
   25.89258  69.664063
   25.892551  69.665398
   25.893766  69.666908
   25.895592  69.668304
   25.897476  69.669685
   25.90263  69.672272
   25.907122  69.674057
   25.915674  69.677078
   25.924234  69.679573
   25.931522  69.681427
   25.936615  69.682632
   25.94021  69.683807
   25.941793  69.684647
   25.943611  69.685913
   25.947891  69.689957
   25.953234  69.693703
   25.9561  69.695946
   25.960615  69.699722
   25.966293  69.704063
   25.971235  69.707115
   25.975103  69.708305
   25.979057  69.709488
   25.981976  69.710724
   25.986084  69.712761
   25.989513  69.714546
   25.992748  69.715836
   25.996761  69.717094
   26.000694  69.717918
   26.006124  69.718681
   26.011406  69.719131
   26.022049  69.720207
   26.028915  69.720802
   26.03199  69.720863
   26.039408  69.720711
   26.045046  69.72036
   26.047985  69.720367
   26.051121  69.720482
   26.055008  69.721077
   26.060377  69.722664
   26.066498  69.724327
   26.073206  69.725876
   26.078144  69.726814
   26.087751  69.727661
   26.095549  69.728569
   26.104959  69.729568
   26.110558  69.730484
   26.115431  69.731682
   26.119944  69.732788
   26.125559  69.734543
   26.13397  69.738167
   26.136816  69.739075
   26.14056  69.740997
   26.145586  69.744263
   26.147146  69.745483
   26.148619  69.747589
   26.149101  69.749504
   26.149101  69.751465
   26.149313  69.753181
   26.1504  69.754677
   26.152058  69.756012
   26.154402  69.756851
   26.15793  69.757446
   26.163372  69.757683
   26.168232  69.75795
   26.17491  69.758591
   26.181524  69.759872
   26.184311  69.760971
   26.185225  69.762054
   26.185562  69.764633
   26.185627  69.766365
   26.185034  69.767159
   26.183893  69.76757
   26.182314  69.767822
   26.181656  69.768684
   26.181984  69.769547
   26.183762  69.770485
   26.186113  69.77124
   26.18672  69.772285
   26.188141  69.773926
   26.190826  69.775597
   26.195698  69.777817
   26.199408  69.778564
   26.205566  69.778854
   26.211411  69.779236
   26.21513  69.779625
   26.217571  69.78093
   26.218519  69.783188
   26.219995  69.784805
   26.222204  69.78553
   26.224363  69.786057
   26.226206  69.787209
   26.227629  69.789848
   26.229048  69.791641
   26.230576  69.792755
   26.232365  69.793495
   26.23505  69.79377
   26.238262  69.793755
   26.242157  69.793991
   26.244492  69.794456
   26.246326  69.795532
   26.248064  69.797699
   26.248749  69.799873
   26.248432  69.801147
   26.247488  69.80265
   26.244802  69.805656
   26.243023  69.80722
   26.241789  69.808731
   26.241707  69.810684
   26.241707  69.813103
   26.242365  69.814545
   26.24398  69.815987
   26.246807  69.817101
   26.250591  69.817726
   26.257338  69.818718
   26.264988  69.82
   26.272144  69.821785
   26.278433  69.823967
   26.287714  69.826088
   26.297272  69.827705
   26.308855  69.830284
   26.313755  69.831871
   26.317459  69.833298
   26.321312  69.833992
   26.325985  69.834511
   26.32934  69.835213
   26.332893  69.836555
   26.334984  69.838242
   26.337275  69.840073
   26.341459  69.842216
   26.345106  69.843727
   26.348856  69.844925
   26.352476  69.845558
   26.354977  69.845695
   26.357412  69.845535
   26.359064  69.845215
   26.360834  69.845062
   26.362768  69.845154
   26.364782  69.845673
   26.367809  69.847191
   26.370409  69.84935
   26.371733  69.850143
   26.374102  69.850845
   26.377733  69.851593
   26.381367  69.852661
   26.386381  69.856209
   26.388067  69.858192
   26.394686  69.863319
   26.399523  69.866432
   26.401213  69.86853
   26.401953  69.870903
   26.40399  69.873734
   26.408865  69.876663
   26.412626  69.879356
   26.415131  69.883377
   26.417253  69.88636
   26.416798  69.889351
   26.415197  69.891769
   26.412193  69.894012
   26.410057  69.895729
   26.408358  69.897484
   26.407795  69.899513
   26.407913  69.901215
   26.408916  69.901947
   26.410229  69.902649
   26.413788  69.903214
   26.418459  69.904053
   26.42458  69.905525
   26.428566  69.906898
   26.436623  69.909912
   26.443882  69.913277
   26.451101  69.916893
   26.455105  69.919594
   26.456629  69.921257
   26.457483  69.92408
   26.457747  69.927147
   26.45805  69.930527
   26.459005  69.933777
   26.460518  69.935806
   26.463013  69.93792
   26.466982  69.939598
   26.470404  69.940254
   26.475927  69.940689
   26.480665  69.941116
   26.484163  69.941887
   26.489712  69.94355
   26.494682  69.944794
   26.499332  69.945488
   26.506002  69.945496
   26.515722  69.945496
   26.52622  69.945602
   26.537327  69.946167
   26.548447  69.947014
   26.55431  69.947723
   26.5599  69.948898
   26.565641  69.950554
   26.571087  69.951584
   26.578852  69.952621
   26.588593  69.954002
   26.597082  69.955894
   26.603662  69.956955
   26.610386  69.957451
   26.615377  69.958115
   26.620312  69.958961
   26.624573  69.959518
   26.635204  69.960205
   26.64583  69.961082
   26.661177  69.961723
   26.665005  69.962189
   26.66839  69.962837
   26.672117  69.96389
   26.674824  69.964478
   26.676987  69.964676
   26.680077  69.964363
   26.68306  69.963478
   26.684052  69.962486
   26.685202  69.961143
   26.687267  69.959297
   26.690977  69.956459
   26.69334  69.953751
   26.696198  69.95153
   26.699209  69.949272
   26.7015  69.948196
   26.706205  69.946831
   26.711199  69.945732
   26.714983  69.945305
   26.719826  69.945198
   26.726826  69.945488
   26.731256  69.945999
   26.734652  69.946724
   26.747358  69.950325
   26.757908  69.952911
   26.765417  69.954742
   26.778589  69.957603
   26.782618  69.958221
   26.785639  69.958496
   26.792477  69.958572
   26.804016  69.95871
   26.818159  69.958588
   26.827885  69.959038
   26.836178  69.959702
   26.844429  69.959869
   26.850548  69.959839
   26.853767  69.959496
   26.855511  69.959061
   26.857073  69.958473
   26.858011  69.957901
   26.858473  69.957191
   26.858488  69.956375
   26.857395  69.953682
   26.856602  69.951439
   26.856361  69.948761
   26.855841  69.946182
   26.856709  69.943985
   26.859274  69.941833
   26.867908  69.936188
   26.870481  69.934822
   26.873751  69.933861
   26.878368  69.93309
   26.884172  69.932487
   26.891691  69.932327
   26.89662  69.93232
   26.900059  69.932594
   26.910786  69.934273
   26.917215  69.935532
   26.92173  69.936859
   26.925406  69.938019
   26.927849  69.938766
   26.930023  69.93898
   26.934101  69.939392
   26.939249  69.939308
   26.945211  69.939278
   26.951368  69.939507
   26.953993  69.939651
   26.957956  69.939499
   26.963184  69.938835
   26.970072  69.938042
   26.978237  69.936577
   26.981985  69.935837
   26.984795  69.935005
   26.988405  69.933434
   26.993057  69.931648
   26.999454  69.927582
   27.004116  69.925186
   27.006449  69.923744
   27.008554  69.921577
   27.010429  69.919884
   27.01387  69.917908
   27.018166  69.91655
   27.022118  69.915298
   27.025276  69.914139
   27.0312  69.910744
   27.033026  69.910187
   27.034  69.910118
   27.035904  69.910049
   27.037638  69.910133
   27.040911  69.910454
   27.047232  69.911644
   27.051474  69.912956
   27.054644  69.914284
   27.059383  69.916451
   27.061899  69.917206
   27.063971  69.917633
   27.06818  69.917946
   27.074568  69.917946
   27.081045  69.917603
   27.089521  69.916992
   27.093973  69.916855
   27.097412  69.917091
   27.100643  69.91758
   27.103636  69.918526
   27.109879  69.920792
   27.116873  69.92466
   27.12034  69.926811
   27.124475  69.928818
   27.126492  69.930161
   27.129135  69.931602
   27.1334  69.932327
   27.136692  69.932419
   27.145161  69.932449
   27.151236  69.932625
   27.167322  69.935081
   27.174927  69.936508
   27.179943  69.937798
   27.185061  69.938583
   27.192366  69.939484
   27.197435  69.940239
   27.200987  69.941002
   27.203684  69.941879
   27.207766  69.942673
   27.213436  69.943382
   27.216684  69.943939
   27.220032  69.945114
   27.225027  69.946815
   27.229586  69.947609
   27.237717  69.948372
   27.246504  69.949242
   27.257101  69.949562
   27.274439  69.950562
   27.283709  69.951683
   27.290932  69.952576
   27.296194  69.953461
   27.300539  69.955078
   27.303635  69.956474
   27.304949  69.957626
   27.304365  69.959549
   27.302448  69.9618
   27.300188  69.963448
   27.298105  69.964371
   27.295406  69.965179
   27.293333  69.966049
   27.292181  69.966965
   27.29159  69.968544
   27.291412  69.969673
   27.2908  69.970551
   27.289549  69.971313
   27.285271  69.972397
   27.280544  69.973267
   27.277901  69.973953
   27.276842  69.974556
   27.275927  69.975639
   27.275814  69.977722
   27.277704  69.979225
   27.284395  69.981674
   27.29315  69.985199
   27.304441  69.988052
   27.30916  69.989494
   27.311859  69.990105
   27.314093  69.990311
   27.316267  69.990395
   27.318966  69.990257
   27.322401  69.989365
   27.325151  69.988571
   27.327257  69.988327
   27.330416  69.98848
   27.333681  69.988579
   27.338379  69.98864
   27.345026  69.988976
   27.348711  69.989609
   27.35413  69.990974
   27.361643  69.992889
   27.366611  69.995262
   27.373487  69.997177
   27.384302  70.000641
   27.393057  70.005104
   27.399576  70.009636
   27.404583  70.012787
   27.408506  70.014435
   27.413403  70.016029
   27.423  70.018013
   27.43071  70.019447
   27.436941  70.020401
   27.444201  70.020638
   27.452047  70.020599
   27.458086  70.020454
   27.461376  70.020393
   27.466173  70.020737
   27.469603  70.021378
   27.473946  70.021698
   27.4793  70.021774
   27.48724  70.021515
   27.493307  70.021477
   27.499414  70.021782
   27.506613  70.022453
   27.510141  70.022392
   27.515604  70.022209
   27.520605  70.022438
   27.524122  70.022789
   27.527252  70.023895
   27.529818  70.025154
   27.532516  70.027
   27.533701  70.028847
   27.534424  70.030235
   27.535673  70.031235
   27.537912  70.032326
   27.539755  70.033585
   27.54108  70.035614
   27.542454  70.03833
   27.54265  70.040352
   27.541492  70.042061
   27.540348  70.043808
   27.540545  70.045403
   27.541874  70.047356
   27.544954  70.04985
   27.549034  70.052544
   27.551407  70.055771
   27.553431  70.058144
   27.55562  70.059326
   27.560341  70.060471
   27.565935  70.061653
   27.569712  70.062553
   27.571693  70.063446
   27.573174  70.064964
   27.573832  70.065971
   27.574656  70.066757
   27.576902  70.067245
   27.581154  70.068077
   27.585266  70.06852
   27.589817  70.06871
   27.593493  70.069283
   27.597441  70.070427
   27.602316  70.071831
   27.608135  70.07312
   27.614206  70.07415
   27.62031  70.074745
   27.624752  70.074745
   27.62903  70.074547
   27.631592  70.074646
   27.636433  70.075226
   27.639971  70.075394
   27.649101  70.075333
   27.654076  70.075623
   27.658396  70.076012
   27.662422  70.076683
   27.667362  70.077156
   27.674427  70.077103
   27.681923  70.076958
   27.688997  70.076683
   27.694016  70.076401
   27.69879  70.075661
   27.70323  70.074692
   27.706684  70.073654
   27.710135  70.072273
   27.713127  70.070564
   27.714993  70.070007
   27.717297  70.070007
   27.719929  70.069588
   27.722889  70.068939
   27.724699  70.068245
   27.726345  70.067314
   27.728834  70.066475
   27.732021  70.065636
   27.737053  70.064575
   27.740822  70.064117
   27.744114  70.064285
   27.749542  70.065048
   27.75275  70.065918
   27.756535  70.066475
   27.760195  70.067474
   27.766571  70.069618
   27.770601  70.070877
   27.773973  70.071632
   27.776772  70.072113
   27.782503  70.073555
   27.78804  70.074776
   27.793493  70.076241
   27.799969  70.077354
   27.806631  70.077942
   27.814079  70.078522
   27.827536  70.079361
   27.835835  70.079536
   27.841551  70.080254
   27.845623  70.081085
   27.854916  70.082069
   27.864805  70.083405
   27.872301  70.084396
   27.882088  70.085014
   27.894466  70.084961
   27.909229  70.085899
   27.923447  70.08828
   27.932781  70.089882
   27.939098  70.090981
   27.946869  70.092087
   27.952465  70.092232
   27.956844  70.091949
   27.959862  70.091492
   27.960436  70.089821
   27.961006  70.088593
   27.964659  70.080696
   27.974457  70.059692
   27.976994  70.054245
   27.982414  70.028214
   27.984285  70.013969
   28.012615  69.998192
   28.017879  69.995239
   28.032465  69.987717
   28.066347  69.9701
   28.10709  69.948921
   28.160713  69.92099
   28.248819  69.901863
   28.296497  69.891479
   28.34527  69.880829
   28.338408  69.86615
   28.330477  69.84919
   28.384043  69.826828
   28.404226  69.818428
   28.443899  69.811852
   28.488853  69.80439
   28.515224  69.800003
   28.603596  69.785042
   28.644449  69.778114
   28.688589  69.770638
   28.765457  69.75692
   28.801561  69.750458
   28.894407  69.733841
   28.917004  69.729759
   28.989937  69.718231
   29.033075  69.711388
   29.108778  69.699303
   29.133909  69.695343
   29.146248  69.676407
   29.158194  69.658051
   29.170536  69.639038
   29.180227  69.629738
   29.193634  69.616829
   29.203369  69.60743
   29.21994  69.591354
   29.233238  69.578476
   29.254923  69.55748
   29.271214  69.541809
   29.28689  69.526695
   29.289396  69.524261
   29.315819  69.498497
   29.336496  69.478325
   29.295042  69.449852
   29.283699  69.442039
   29.266415  69.430138
   29.219339  69.397636
   29.158152  69.370346
   29.107737  69.347725
   29.057814  69.32531
   28.992956  69.296234
   28.930853  69.268318
   28.89105  69.25074
   28.831539  69.224365
   28.831234  69.211365
   28.830729  69.189735
   28.830313  69.171906
   28.825462  69.160095
   28.810205  69.122849
   28.805429  69.111153
   28.835371  69.090141
   28.854578  69.076637
   28.877588  69.069038
   28.929293  69.051918
   28.944901  69.047302
   28.95994  69.04287
   28.974039  69.038712
   28.98951  69.034149
   28.99711  69.031898
   29.00078  69.030823
   29.018471  69.025597
   29.01988  69.025177
   29.02696  69.020477
   29.02952  69.018784
   29.04147  69.010834
   29.0567  69.015221
   29.057011  69.015419
   29.09446  69.03952
   29.142349  69.06308
   29.1597  69.067039
   29.242229  69.11306
   29.238434  69.116882
   29.236044  69.119804
   29.233013  69.120865
   29.23229  69.122833
   29.234886  69.12426
   29.239801  69.12516
   29.242561  69.127129
   29.242142  69.128494
   29.243019  69.130577
   29.243429  69.132034
   29.242157  69.13353
   29.240034  69.135368
   29.239391  69.136101
   29.239098  69.136749
   29.239683  69.138
   29.24103  69.139687
   29.241966  69.140831
   29.242868  69.142105
   29.244423  69.143433
   29.246822  69.145454
   29.247923  69.147758
   29.249397  69.14904
   29.253611  69.151665
   29.257298  69.153641
   29.257999  69.154373
   29.257679  69.155083
   29.254616  69.157204
   29.25111  69.15995
   29.249769  69.161072
   29.250368  69.161995
   29.252089  69.162552
   29.25753  69.162781
   29.263031  69.162971
   29.266308  69.163696
   29.270512  69.165306
   29.278275  69.1707
   29.283199  69.173889
   29.28894  69.178825
   29.291178  69.181435
   29.293991  69.188248
   29.294285  69.189331
   29.293718  69.190475
   29.292076  69.191872
   29.291317  69.192719
   29.293022  69.194939
   29.295874  69.19677
   29.295156  69.200462
   29.292992  69.202377
   29.292557  69.204132
   29.293467  69.206123
   29.296877  69.207451
   29.300072  69.208275
   29.303499  69.208893
   29.305397  69.209602
   29.30559  69.210548
   29.303055  69.211952
   29.3016  69.213623
   29.300539  69.216751
   29.302212  69.21965
   29.303114  69.220879
   29.306099  69.223267
   29.309221  69.225143
   29.312769  69.229286
   29.314093  69.233681
   29.31399  69.235298
   29.311481  69.238495
   29.307026  69.240997
   29.292126  69.245323
   29.285568  69.248024
   29.281404  69.250938
   29.279615  69.253685
   29.277342  69.260986
   29.275942  69.268761
   29.276489  69.275009
   29.278791  69.278351
   29.282595  69.282188
   29.283821  69.285995
   29.283979  69.290123
   29.286097  69.294098
   29.290768  69.296913
   29.298464  69.299294
   29.317272  69.301399
   29.327208  69.30497
   29.333153  69.306686
   29.346466  69.309052
   29.364059  69.313065
   29.369295  69.314758
   29.373758  69.316757
   29.380495  69.318489
   29.383221  69.31945
   29.388138  69.321426
   29.390535  69.32222
   29.395393  69.32251
   29.39926  69.322128
   29.40534  69.320953
   29.411945  69.318611
   29.418037  69.318665
   29.423656  69.319824
   29.433136  69.320793
   29.442974  69.321449
   29.451159  69.321388
   29.459629  69.320999
   29.465494  69.321121
   29.470175  69.321823
   29.473206  69.321976
   29.4858  69.322029
   29.490246  69.322739
   29.496811  69.324577
   29.500252  69.326225
   29.503004  69.328003
   29.507099  69.328041
   29.512205  69.327179
   29.514471  69.327408
   29.520222  69.328781
   29.524946  69.328125
   29.527254  69.326088
   29.528278  69.322655
   29.53124  69.320015
   29.542618  69.317444
   29.555832  69.316422
   29.565145  69.316826
   29.57299  69.31852
   29.583475  69.322418
   29.590429  69.325218
   29.599443  69.329231
   29.603844  69.33078
   29.615892  69.334305
   29.623369  69.336639
   29.629368  69.339607
   29.634798  69.343781
   29.644745  69.347626
   29.652887  69.349419
   29.664091  69.352402
   29.671827  69.355087
   29.683603  69.358994
   29.690355  69.361595
   29.69508  69.363449
   29.696922  69.365814
   29.696917  69.368423
   29.697714  69.371284
   29.703234  69.375359
   29.704849  69.376076
   29.708483  69.376793
   29.712431  69.378487
   29.712938  69.380859
   29.711489  69.382446
   29.712133  69.383804
   29.718082  69.385971
   29.72238  69.388481
   29.72312  69.389191
   29.724424  69.389641
   29.731657  69.390488
   29.738647  69.39035
   29.748133  69.391449
   29.752092  69.39212
   29.754915  69.393517
   29.758114  69.393951
   29.762377  69.393852
   29.767914  69.394012
   29.770916  69.394394
   29.774008  69.395271
   29.775217  69.396736
   29.776226  69.397636
   29.780617  69.398155
   29.78389  69.397659
   29.7878  69.397652
   29.797016  69.404114
   29.799686  69.406151
   29.803286  69.40789
   29.809704  69.409721
   29.814724  69.411888
   29.820728  69.412766
   29.826038  69.413879
   29.831516  69.415733
   29.837065  69.417564
   29.839954  69.419601
   29.84424  69.421227
   29.85219  69.423027
   29.861893  69.424088
   29.868391  69.423897
   29.876457  69.422554
   29.885567  69.421501
   29.899235  69.418373
   29.902876  69.417778
   29.906506  69.417946
   29.910675  69.418747
   29.91497  69.418671
   29.919279  69.416977
   29.923716  69.415886
   29.928421  69.414543
   29.932348  69.412964
   29.932388  69.411659
   29.931581  69.409645
   29.934002  69.407524
   29.937094  69.406174
   29.942434  69.405197
   29.94758  69.405106
   29.951059  69.405426
   29.958153  69.406776
   29.970436  69.407875
   29.992367  69.412025
   30.008814  69.415901
   30.023973  69.420532
   30.035164  69.42495
   30.044519  69.429665
   30.049562  69.433388
   30.062168  69.443535
   30.065948  69.446053
   30.070961  69.448883
   30.072886  69.450798
   30.083559  69.456718
   30.096287  69.461273
   30.109802  69.465614
   30.115103  69.468338
   30.117359  69.471626
   30.116716  69.474495
   30.111944  69.477585
   30.112249  69.47979
   30.11433  69.481613
   30.115091  69.483948
   30.117476  69.491348
   30.117136  69.496994
   30.116819  69.498657
   30.117439  69.501373
   30.117575  69.502678
   30.118637  69.509605
   30.119473  69.513657
   30.123114  69.517479
   30.128145  69.521469
   30.136612  69.524887
   30.143267  69.526382
   30.146393  69.528564
   30.147863  69.529594
   30.150732  69.530945
   30.154428  69.531906
   30.158194  69.533249
   30.162931  69.533615
   30.167404  69.53289
   30.171404  69.533562
   30.177217  69.53698
   30.179001  69.541306
   30.180185  69.546066
   30.181587  69.549744
   30.184513  69.553345
   30.18421  69.554626
   30.181185  69.555496
   30.181311  69.556725
   30.18487  69.561569
   30.188101  69.565826
   30.187696  69.570129
   30.182564  69.575462
   30.179773  69.57856
   30.179531  69.581818
   30.180983  69.583931
   30.179893  69.586052
   30.177622  69.588135
   30.16942  69.591133
   30.165813  69.593513
   30.160547  69.59713
   30.160097  69.600693
   30.159489  69.604713
   30.158529  69.605667
   30.158907  69.606361
   30.158186  69.607033
   30.156916  69.607414
   30.15432  69.607903
   30.15299  69.608665
   30.152184  69.60981
   30.152866  69.610764
   30.153797  69.612679
   30.153206  69.616463
   30.151648  69.620071
   30.149321  69.626602
   30.143789  69.634842
   30.138351  69.641632
   30.137808  69.643539
   30.13275  69.643456
   30.13142  69.643433
   30.128717  69.643394
   30.125706  69.643341
   30.124966  69.643333
   30.123825  69.643318
   30.122967  69.643311
   30.109726  69.643112
   30.108446  69.643089
   30.105469  69.643051
   30.09985  69.642967
   30.091288  69.642845
   30.088346  69.650322
   30.085918  69.656509
   30.085325  69.658112
   30.09894  69.660988
   30.111959  69.66375
   30.116318  69.664368
   30.119303  69.664787
   30.119854  69.664871
   30.126135  69.665756
   30.130201  69.666336
   30.1357  69.667114
   30.137552  69.667427
   30.144108  69.668312
   30.151663  69.66938
   30.153158  69.669044
   30.157755  69.668015
   30.164429  69.666512
   30.170832  69.665085
   30.177027  69.663689
   30.182083  69.66256
   30.184767  69.661957
   30.203974  69.657639
   30.209602  69.656372
   30.214752  69.655212
   30.224024  69.65313
   30.228868  69.651649
   30.235603  69.649612
   30.247267  69.646065
   30.253454  69.644188
   30.266521  69.640221
   30.27146  69.638718
   30.275131  69.637604
   30.288162  69.633644
   30.290632  69.632889
   30.294306  69.631767
   30.298429  69.630516
   30.302492  69.62928
   30.303841  69.628868
   30.309053  69.62709
   30.316698  69.624481
   30.322327  69.622566
   30.338104  69.617188
   30.351347  69.612671
   30.358309  69.610291
   30.3594  69.609917
   30.367493  69.607155
   30.369356  69.606514
   30.375925  69.604263
   30.377991  69.603554
   30.381966  69.602196
   30.387161  69.60041
   30.394573  69.59787
   30.40004  69.595993
   30.402599  69.595116
   30.411362  69.592102
   30.414268  69.591103
   30.417723  69.58992
   30.421198  69.588303
   30.425859  69.586136
   30.429148  69.584602
   30.435101  69.581841
   30.436855  69.581024
   30.447819  69.57592
   30.452393  69.573792
   30.454697  69.572716
   30.465832  69.567528
   30.47444  69.563522
   30.481583  69.559822
   30.497889  69.552368
   30.507532  69.547966
   30.515963  69.540428
   30.522795  69.540649
   30.528559  69.540848
   30.535473  69.541077
   30.547829  69.541481
   30.556589  69.541771
   30.566162  69.542084
   30.575397  69.541977
   30.58374  69.541862
   30.588774  69.541801
   30.60025  69.541649
   30.60335  69.541603
   30.625904  69.541267
   30.646755  69.540955
   30.664213  69.540688
   30.66855  69.540291
   30.681747  69.539085
   30.688183  69.538498
   30.69311  69.53804
   30.708876  69.536598
   30.720119  69.535423
   30.734903  69.533875
   30.743849  69.532936
   30.744415  69.532875
   30.767221  69.530556
   30.781944  69.530556
   30.796944  69.530281
   30.810833  69.531113
   30.824722  69.53167
   30.837778  69.533607
   30.850834  69.535004
   30.86389  69.536667
   30.875834  69.539444
   30.886944  69.542778
   30.89889  69.54528
   30.91  69.548889
   30.920279  69.553329
   30.928612  69.559441
   30.936666  69.565834
   30.939722  69.571114
   30.942778  69.576668
   30.945833  69.582222
   30.946388  69.587502
   30.946943  69.592781
   30.947222  69.598053
   30.950277  69.603615
   30.950832  69.608612
   30.952463  69.613678
   30.951433  69.616783
   30.949717  69.618217
   30.950283  69.619606
   30.950241  69.621834
   30.951571  69.622971
   30.9526  69.626976
   30.953674  69.628838
   30.954361  69.632172
   30.951914  69.634125
   30.952301  69.637711
   30.944748  69.640221
   30.94273  69.642815
   30.940027  69.644608
   30.938438  69.646355
   30.934748  69.646584
   30.933718  69.648682
   30.934792  69.652054
   30.934448  69.654327
   30.931057  69.656815
   30.93243  69.659683
   30.928568  69.663383
   30.926165  69.665306
   30.923504  69.668587
   30.92522  69.67112
   30.925478  69.671448
   30.928869  69.673904
   30.934061  69.673683
   30.93552  69.674355
   30.935177  69.675804
   30.938267  69.675491
   30.939983  69.673683
   30.946421  69.67453
   30.946421  69.674652
   30.943375  69.676155
   30.945734  69.67865
   30.942301  69.681267
   30.944748  69.68367
   30.939983  69.685455
   30.93462  69.686707
   30.931444  69.684799
   30.928225  69.685013
   30.928955  69.686676
   30.926123  69.688568
   30.924019  69.691254
   30.922216  69.691399
   30.919899  69.691002
   30.917625  69.69088
   30.916895  69.691223
   30.917797  69.692505
   30.919556  69.693443
   30.920115  69.694054
   30.919943  69.694199
   30.917368  69.695023
   30.915607  69.696182
   30.909771  69.697807
   30.9093  69.698624
   30.909428  69.699593
   30.908356  69.700592
   30.904408  69.700874
   30.902218  69.701332
   30.899515  69.701439
   30.897326  69.700348
   30.896769  69.699684
   30.895309  69.699783
   30.891403  69.700623
   30.890717  69.702049
   30.891489  69.702629
   30.896124  69.702629
   30.898184  69.703102
   30.899042  69.70401
   30.895138  69.704025
   30.892862  69.704697
   30.89016  69.706528
   30.887369  69.706528
   30.886383  69.706932
   30.884752  69.708122
   30.882692  69.709076
   30.881447  69.709801
   30.881275  69.710968
   30.881704  69.711815
   30.880417  69.712883
   30.87561  69.714104
   30.874023  69.714981
   30.874838  69.715935
   30.878014  69.717064
   30.878315  69.718048
   30.880203  69.718018
   30.882092  69.717567
   30.884279  69.717216
   30.887197  69.71907
   30.890245  69.719315
   30.891447  69.72065
   30.890417  69.722389
   30.888742  69.723389
   30.888227  69.724266
   30.889515  69.726631
   30.888313  69.727493
   30.889473  69.727821
   30.891146  69.727859
   30.892906  69.728531
   30.892691  69.729218
   30.88973  69.729485
   30.886768  69.729958
   30.885996  69.730255
   30.886297  69.730835
   30.888014  69.73085
   30.890717  69.731415
   30.891447  69.732529
   30.890888  69.735046
   30.890331  69.735458
   30.890202  69.736191
   30.890974  69.736824
   30.890503  69.737335
   30.88707  69.738846
   30.885395  69.739044
   30.883722  69.738579
   30.882648  69.738029
   30.880846  69.737762
   30.879473  69.738091
   30.879473  69.738983
   30.87973  69.739815
   30.879774  69.740913
   30.878443  69.741852
   30.877113  69.742012
   30.873636  69.741432
   30.872993  69.741508
   30.872864  69.742073
   30.873207  69.744209
   30.873079  69.744942
   30.870975  69.745552
   30.869989  69.746025
   30.871061  69.746513
   30.872049  69.747421
   30.871878  69.748688
   30.86986  69.750366
   30.868874  69.750557
   30.868187  69.751122
   30.868959  69.751434
   30.870804  69.751595
   30.873079  69.750984
   30.874323  69.75029
   30.87604  69.749725
   30.877371  69.750084
   30.877199  69.750931
   30.875225  69.751732
   30.87192  69.752296
   30.87089  69.753098
   30.870504  69.753716
   30.872349  69.754807
   30.872177  69.755638
   30.869217  69.756226
   30.866814  69.755707
   30.866556  69.754623
   30.867285  69.753586
   30.86677  69.7528
   30.865911  69.752563
   30.863724  69.752296
   30.861664  69.752602
   30.861406  69.75351
   30.862135  69.754463
   30.862007  69.755127
   30.863251  69.756287
   30.866642  69.757523
   30.867586  69.758202
   30.864624  69.759598
   30.86132  69.762718
   30.858873  69.763428
   30.856041  69.7631
   30.855183  69.762184
   30.855526  69.760948
   30.854025  69.760666
   30.852608  69.760727
   30.850592  69.7612
   30.850677  69.761696
   30.854025  69.763344
   30.855141  69.764511
   30.854368  69.765198
   30.851406  69.765686
   30.850849  69.76606
   30.851192  69.766624
   30.852608  69.767693
   30.853294  69.768906
   30.852436  69.769363
   30.84866  69.769081
   30.847029  69.769341
   30.846771  69.769798
   30.846943  69.770676
   30.845613  69.77137
   30.840807  69.772263
   30.84042  69.772881
   30.841106  69.7733
   30.84042  69.774147
   30.840677  69.775894
   30.843039  69.77668
   30.843897  69.778
   30.836344  69.780876
   30.830549  69.782333
   30.827803  69.783684
   30.827246  69.784782
   30.82497  69.786087
   30.823339  69.787239
   30.82098  69.788422
   30.817654  69.794838
   30.855352  69.819191
   30.921782  69.862022
   30.958277  69.885521
   31.012384  69.920311
   31.055653  69.94809
   31.086338  69.967766
   31.098787  69.975746
   31.104342  69.979301
   31.130888  69.988716
   31.191195  70.010078
   31.20293  70.014229
   31.24498  70.029114
   31.308998  70.051743
   31.319101  70.055313
   31.325592  70.05761
   31.380655  70.077049
   31.388496  70.079819
   31.393559  70.081604
   31.444799  70.099678
   31.505405  70.120872
   31.556  70.135262
   31.579573  70.141953
   31.605995  70.187195
   31.635126  70.24128
   31.760216  70.35627
   31.764568  70.411919
   31.714941  70.470291
   31.652988  70.510345
   31.557106  70.542107
   31.21859  70.648262
   30.435837  70.872208
   30.057316  70.942017
   29.555077  71.027634
   29.161228  71.122231
   28.469616  71.280151
   28.342064  71.295517
   27.77441  71.330589
   27.061718  71.353188
   26.26018  71.374741
   25.594421  71.383553
   24.920448  71.33712
   24.634813  71.315956
   23.976057  71.301018
   23.773949  71.288071
   23.637739  71.266266
   23.527695  71.245338
   23.248158  71.188614
   22.30061  70.990486
   21.715528  70.855286
   21.172668  70.791275
   20.476603  70.70491
   18.798521  70.485023
   18.598831  70.448196
   18.286621  70.386375
   18.170288  70.349335
   18.078497  70.303238
   17.806889  70.169289
   17.434687  69.987823
   17.365274  69.939819
   17.159298  69.813873
   17.053909  69.746376
   16.569391  69.651009
   16.25634  69.599724
   15.757329  69.513786
   15.024915  69.318611
   14.802541  69.259819
   14.190063  69.003662
   13.846014  68.851189
   13.727155  68.752159
   13.495169  68.60804
   13.38853  68.543724
   13.263125  68.466087
   13.004976  68.396057
   12.801285  68.339798
   12.587319  68.242882
   12.471344  68.154404
   12.27565  68.005188
   12.163216  67.872169
   12.130345  67.825912
   11.988227  67.785202
   11.724772  67.709435
   11.478441  67.623322
   11.419692  67.592163
   11.355798  67.543617
   11.303641  67.456665
   11.306501  67.405922
   11.374249  67.315109
   11.665694  67.017899
   11.858263  66.815285
   11.576428  66.680473
   11.29976  66.406563
   11.084642  66.193665
   10.953204  65.975311
   10.794127  65.699226
   10.673348  65.575333
   10.641686  65.540894
   10.605893  65.503311
   10.577819  65.472946
   11.027007  65.396286
   11.401724  65.297676
   11.484469  65.239319
   11.831052  65.158478
   11.946132  65.149673
   11.957412  65.115189
   11.880464  65.07045
   11.957952  65.078026
   12.048615  65.067184
   12.0495  65.018082
   12.08378  65.001602
   12.129737  65.001022
   12.125153  65.013092
   12.148794  65.020081
   12.189125  65.002037
   12.190297  64.979156
   12.27764  64.962112
   12.394452  64.993202
   12.509327  64.979118
   12.580251  64.988113
   12.629898  64.942596
   12.715919  64.953697
   12.768201  64.943596
   12.774111  64.977089
   12.933691  64.986115
   12.947776  65.001373
   12.909993  65.030151
   12.967216  65.033646
   12.998705  65.069954
   13.055445  65.07505
   13.086178  65.109779
   13.416465  65.099991
   13.528331  65.116905
   13.626386  65.105804
   13.664212  65.108788
   14.011742  65.129181
   14.063753  65.122215
   14.163047  65.139618
   14.32576  65.119064
   14.331272  65.132614
   14.379021  65.248047
   14.505658  65.309921
   14.499603  65.458992
   14.496771  65.517433
   14.529445  65.682091
   14.541983  65.704918
   14.568382  65.738007
   14.624004  65.814194
   14.607989  65.851212
   14.584253  65.901352
   14.57319  65.957603
   14.527421  66.098419
   14.516285  66.132568
   14.535183  66.133316
   14.592985  66.135559
   14.594912  66.135635
   14.647405  66.137627
   14.697555  66.139542
   14.719493  66.140396
   14.782135  66.14286
   14.845283  66.145294
   14.864161  66.146004
   14.931703  66.149178
   14.951339  66.150009
   15.035653  66.153564
   15.178479  66.195084
   15.192443  66.199104
   15.206145  66.203178
   15.229211  66.210114
   15.249542  66.216141
   15.305534  66.23275
   15.316092  66.23568
   15.484715  66.282455
   15.477729  66.296783
   15.461833  66.329247
   15.453935  66.345337
   15.421111  66.370277
   15.410833  66.388611
   15.400556  66.406944
   15.391944  66.425003
   15.381667  66.443336
   15.371389  66.46167
   15.362778  66.480003
   15.369444  66.48278
   15.401389  66.498055
   15.433333  66.513054
   15.463611  66.528053
   15.495833  66.543053
   15.527778  66.55806
   15.558333  66.573334
   15.590556  66.588333
   15.621111  66.603333
   15.625833  66.605835
   15.646111  66.621666
   15.668333  66.637497
   15.688611  66.653336
   15.710833  66.669167
   15.731111  66.684998
   15.753333  66.700836
   15.773889  66.716667
   15.796111  66.732498
   15.816667  66.748337
   15.822924  66.752464
   15.839167  66.764168
   15.989167  66.875
   16.036409  66.912704
   16.196373  66.98127
   16.308615  67.017944
   16.363338  67.03653
   16.368055  67.060837
   16.37389  67.078056
   16.381111  67.095001
   16.386944  67.112221
   16.3925  67.129166
   16.398333  67.146385
   16.405832  67.16333
   16.404444  67.167503
   16.403606  67.169273
   16.401943  67.172775
   16.399166  67.17778
   16.3925  67.181946
   16.387777  67.186386
   16.383057  67.191109
   16.380278  67.196114
   16.379723  67.201942
   16.377222  67.206947
   16.374443  67.212219
   16.371944  67.217224
   16.369167  67.222504
   16.366667  67.227501
   16.36389  67.23278
   16.361389  67.237778
   16.356667  67.2425
   16.351944  67.246941
   16.346945  67.251663
   16.342222  67.256111
   16.3375  67.260834
   16.330557  67.264999
   16.323889  67.26889
   16.316944  67.273056
   16.309999  67.277222
   16.303057  67.281113
   16.296389  67.285278
   16.289444  67.289444
   16.282499  67.293335
   16.275557  67.297501
   16.268888  67.301666
   16.261944  67.305557
   16.257221  67.31028
   16.250278  67.314163
   16.176979  67.3722
   16.089357  67.435165
   16.118452  67.470985
   16.131168  67.486626
   16.147387  67.507927
   16.157221  67.519302
   16.201126  67.522141
   16.248682  67.525627
   16.284607  67.528008
   16.378668  67.532822
   16.407232  67.533836
   16.458055  67.568474
   16.493469  67.592575
   16.49592  67.594437
   16.518087  67.614128
   16.555885  67.647285
   16.621506  67.742897
   16.625689  67.749367
   16.641111  67.765556
   16.6525  67.782219
   16.661943  67.799164
   16.667856  67.808098
   16.673332  67.815559
   16.677252  67.821159
   16.684723  67.832222
   16.694445  67.849167
   16.705833  67.865829
   16.717222  67.882225
   16.726944  67.89917
   16.758057  67.907776
   16.779497  67.913956
   16.805279  67.921387
   16.854445  67.934998
   16.901667  67.948608
   16.948889  67.962502
   16.996389  67.976112
   17.045555  67.989441
   17.093056  68.003059
   17.140833  68.01667
   17.188334  68.030281
   17.2075  68.043335
   17.230278  68.059166
   17.252777  68.074722
   17.274899  68.120316
   17.350054  68.104538
   17.354567  68.103775
   17.403374  68.093895
   17.495419  68.075134
   17.546429  68.064201
   17.598297  68.052612
   17.666178  68.038139
   17.711761  68.024345
   17.789324  68.001724
   17.848309  67.98423
   17.899866  67.969391
   17.919109  67.987282
   17.953682  68.018646
   17.973625  68.03756
   17.993668  68.05513
   18.014641  68.074081
   18.03437  68.091736
   18.053267  68.108932
   18.062508  68.11541
   18.094912  68.148224
   18.126291  68.174591
   18.14012  68.187309
   18.151945  68.199165
   18.145025  68.228333
   18.138475  68.249413
   18.136637  68.25985
   18.127277  68.293976
   18.123857  68.308022
   18.11462  68.34053
   18.107611  68.374191
   18.101089  68.406036
   18.103281  68.418152
   18.105881  68.43071
   18.11067  68.454536
   18.11281  68.465332
   18.117741  68.489807
   18.120319  68.504578
   18.125921  68.536507
   18.22636  68.552727
   18.299921  68.564537
   18.331871  68.569794
   18.361883  68.574707
   18.405689  68.581879
   18.43881  68.571358
   18.464058  68.563324
   18.485529  68.556488
   18.552601  68.532784
   18.62122  68.506958
   18.684959  68.508507
   18.740311  68.510452
   18.82963  68.512878
   18.90197  68.514809
   18.983801  68.51696
   19.03196  68.508858
   19.091139  68.498917
   19.139971  68.490677
   19.231541  68.475151
   19.26869  68.46891
   19.352331  68.454689
   19.449427  68.438248
   19.500927  68.429382
   19.554167  68.420288
   19.653217  68.40329
   19.707668  68.393906
   19.781027  68.380951
   19.824987  68.373169
   19.827974  68.372635
   19.921476  68.35601
   19.95454  68.374847
   19.977961  68.388161
   20.011221  68.402161
   20.07036  68.426979
   20.110571  68.443817
   20.154209  68.46154
   20.22654  68.490807
   20.140579  68.508018
   20.066641  68.52272
   20.025879  68.530807
   20.00172  68.538254
   19.9375  68.557938
   19.9916  68.573593
   20.05225  68.591072
   20.083651  68.606743
   20.161409  68.645393
   20.202839  68.665916
   20.216299  68.680023
   20.246679  68.711861
   20.273849  68.740273
   20.300991  68.767578
   20.31628  68.782768
   20.335871  68.802307
   20.32925  68.827469
   20.323362  68.849854
   20.32185  68.855598
   20.31373  68.893127
   20.30941  68.913132
   20.306591  68.926178
   20.262911  68.944763
   20.237869  68.95607
   20.18829  68.981346
   20.130781  69.010582
   20.10836  69.021919
   20.060051  69.045761
   20.144957  69.047897
END
END
