Relation 406355

1
   6.6072455    58.5617276 
   6.5869895    58.5910499 
   6.6155403    58.6249382 
   6.5813729    58.6156771 
   6.5566427    58.6216956 
   6.5552286    58.6220184 
   6.53176      58.627375  
   6.4955713    58.6092901 
   6.4372943    58.6512002 
   6.4805623    58.6738063 
   6.6237154    58.6975401 
   6.5734322    58.7675803 
   6.5200604    58.7685529 
   6.6079779    58.883196  
   6.565354     58.8872007 
   6.5614791    58.9145541 
   6.6338106    58.9445511 
   6.6652549    58.98765   
   6.9038556    59.1167874 
   6.880166     59.1485065 
   6.9402568    59.1843403 
   6.8390738    59.19508   
   6.8266078    59.2846128 
   6.8658535    59.3698806 
   6.8912405    59.3991855 
   6.9294024    59.4006244 
   6.8834464    59.4294868 
   6.9591297    59.4459286 
   7.0236162    59.4816105 
   6.9622215    59.5177028 
   6.9913729    59.5982666 
   7.0470257    59.5882067 
   7.1013533    59.6523151 
   7.2112436    59.6763308 
   7.3746069    59.6354827 
   7.3935835    59.6354827 
   7.400184     59.6613311 
   7.4414374    59.6592473 
   7.4439126    59.6479925 
   7.5486961    59.5887382 
   7.5144205    59.5628456 
   7.5342221    59.527048  
   7.6239895    59.4643946 
   7.5645846    59.4399048 
   7.5804259    59.4341991 
   7.5395026    59.4006169 
   7.594287     59.3770895 
   7.6094683    59.3360456 
   7.6964634    59.3276289 
   7.7238006    59.2623027 
   7.7792451    59.2209849 
   7.7486186    59.2069309 
   7.7301371    59.1641927 
   7.82118      59.1008901 
   7.9655667    58.9708877 
   8.0088828    58.9671662 
   8.0903582    58.95068   
   8.1316115    58.9639759 
   8.0831388    58.9746089 
   8.1708022    58.9847072 
   8.305801     58.9307983 
   8.4782272    58.8899578 
   8.5756238    58.9324616 
   8.649751     58.8733681 
   8.7433316    58.8333603 
   8.7866477    58.8459077 
   8.7931709    58.8675365 
   8.828623     58.9141617 
   8.7544958    58.9441019 
   8.8343274    58.9904043 
   8.9953186    58.9974702 
   9.0323822    58.9351621 
   9.1596875    58.8885652 
   9.1903052    58.8318988 
   9.1919167    58.8060348 
   9.2724897    58.7976874 
   9.3031074    58.7751396 
   9.3288907    58.7893381 
   9.6656858    58.604304  
   9.5301581    58.5253988 
   9.3643043    58.4276353 
   9.0669387    58.2505838 
   8.9278282    58.1692061 
   8.7443013    58.0811806 
   8.4566328    57.9446856 
   8.3608974    57.9191626 
   8.0850809    57.8489337 
   7.8794303    57.8031537 
   7.7704931    57.7779514 
   7.6870855    57.7676869 
   7.5788095    57.7600872 
   7.2569598    57.7625185 
   7.1581245    57.7638845 
   6.9340816    57.7886108 
   6.7717861    57.821444  
   6.4608718    57.891246  
   6.1650177    58.0220594 
   6.150025     58.0300936 
   6.3729658    58.27593   
   6.3920202    58.2791117 
   6.3960972    58.2812326 
   6.4169969    58.2852937 
   6.4254942    58.2882941 
   6.4368238    58.2908656 
   6.4397421    58.2908656 
   6.4435508    58.2926306 
   6.4489581    58.2956078 
   6.4612105    58.2984438 
   6.4741495    58.3005354 
   6.5581958    58.325085  
   6.609174     58.3733519 
   6.5958753    58.418651  
   6.6313384    58.4540367 
   6.5881178    58.4922828 
   6.6072455    58.5617276 
END

END
