POLY
1
   7.409306  61.899715
   7.389247  61.932335
   7.393937  61.955704
   7.394681  61.958969
   7.396566  61.967266
   7.3978  61.972713
   7.39842  61.97541
   7.398993  61.977905
   7.399099  61.978394
   7.3991  61.978397
   7.398431  61.97998
   7.39842  61.980003
   7.393208  61.992348
   7.393207  61.992352
   7.393106  61.9925
   7.390862  61.995811
   7.390116  61.996887
   7.39005  61.996986
   7.38837  61.997986
   7.387208  61.998676
   7.386776  61.99894
   7.385879  61.999466
   7.385833  61.999493
   7.38583  61.999496
   7.385725  61.999569
   7.384367  62.000511
   7.380859  62.002945
   7.380565  62.002937
   7.374737  62.002792
   7.368977  62.002651
   7.359835  62.004967
   7.354259  62.006378
   7.349114  62.007683
   7.344865  62.035221
   7.402802  62.059906
   7.417432  62.093616
   7.512821  62.097725
   7.584803  62.066212
   7.631619  62.085945
   7.580706  62.12318
   7.734032  62.186325
   7.826495  62.190968
   7.863363  62.173489
   7.983917  62.178406
   8.205706  62.332878
   8.390047  62.366283
   8.730055  62.378765
   8.890988  62.377678
   8.933124  62.355694
   9.061782  62.373844
   9.184404  62.426785
   9.20594  62.521435
   9.244177  62.556702
   9.221322  62.575333
   9.150562  62.57513
   8.92026  62.713673
   9.074528  62.761787
   9.149683  62.759174
   9.365614  62.797028
   9.421896  62.81913
   9.461891  62.850029
   9.450655  62.893307
   9.431756  62.956921
   9.494166  62.996857
   9.582507  63.012218
   9.492847  63.017006
   9.477465  63.040726
   9.433075  63.050488
   9.440546  63.097858
   9.466917  63.131447
   9.450215  63.161224
   9.468675  63.172134
   9.467052  63.179508
   9.363329  63.2029
   9.360252  63.211418
   9.29536  63.196045
   9.228642  63.2052
   9.148872  63.173801
   9.184165  63.137562
   9.127601  63.129696
   9.059916  63.137123
   9.049764  63.131882
   9.052181  63.12598
   9.040094  63.123138
   9.02269  63.130352
   8.984497  63.117893
   8.967093  63.132538
   8.91778  63.116802
   8.808035  63.128166
   8.820605  63.150883
   8.764041  63.189941
   8.830758  63.199097
   8.859765  63.220016
   8.816254  63.266811
   8.865566  63.294853
   8.890706  63.347816
   8.8675  63.37188
   8.797883  63.373611
   8.795949  63.38726
   8.741996  63.449203
   8.341981  63.360504
   8.24041  63.42453
   8.108076  63.601139
   8.009013  63.651272
   7.646618  63.770126
   7.111844  63.431259
   6.970943  63.344612
   6.859843  63.276085
   6.836983  63.26128
   6.798578  63.248932
   6.498657  63.147095
   6.338492  63.093433
   5.987511  62.972683
   5.887842  62.927776
   5.640041  62.811855
   5.34012  62.667782
   4.935044  62.468105
   4.886581  62.434696
   4.817087  62.3843
   4.683479  62.290844
   4.577867  62.182053
   4.440269  62.033672
   4.226598  61.785358
   4.207288  61.762287
   4.186963  61.741604
   4.164604  61.713203
   4.15749  61.69875
   4.148344  61.677544
   4.148344  61.663559
   4.146311  61.646187
   4.132119  61.492119
   4.103697  61.230064
   4.087754  61.073059
   4.09309  61.00071
   4.184936  60.835636
   4.265433  60.689083
   4.41473  60.414635
   4.460146  60.324291
   4.506359  60.232105
   4.5263  60.168976
   4.548267  60.104733
   4.577356  60.009373
   4.60596  59.915329
   4.636594  59.796093
   4.670487  59.663673
   4.602905  59.559448
   4.56827  59.503933
   4.530127  59.445824
   4.477544  59.358818
   4.44856  59.305225
   4.464525  59.236874
   4.49895  59.176357
   4.566128  59.140053
   4.715815  59.069588
   4.894518  59.005787
   4.95779  58.958889
   5.010487  58.920471
   5.071789  58.783619
   5.159718  58.6259
   5.340073  58.445126
   5.519707  58.335251
   5.604802  58.284016
   5.870471  58.160595
   6.150025  58.030094
   6.372966  58.275928
   6.39202  58.27911
   6.396097  58.281231
   6.416997  58.285294
   6.425494  58.288296
   6.436824  58.290867
   6.439742  58.290867
   6.443551  58.292629
   6.448958  58.295609
   6.461211  58.298443
   6.47415  58.300537
   6.558196  58.325085
   6.609174  58.373352
   6.595875  58.418652
   6.631339  58.454037
   6.588118  58.492283
   6.607245  58.561729
   6.586989  58.591049
   6.615541  58.624939
   6.581373  58.615677
   6.556643  58.621696
   6.555229  58.622017
   6.53176  58.627377
   6.495571  58.609291
   6.437294  58.651199
   6.480562  58.673805
   6.623715  58.69754
   6.573432  58.767582
   6.520061  58.768555
   6.607978  58.883198
   6.565354  58.887199
   6.561479  58.914555
   6.633811  58.94455
   6.665255  58.987652
   6.903856  59.116787
   6.880166  59.148506
   6.940257  59.184341
   6.839074  59.19508
   6.826608  59.284615
   6.865853  59.369881
   6.891241  59.399185
   6.929402  59.400623
   6.883446  59.429485
   6.95913  59.44593
   7.023616  59.481609
   6.962222  59.517704
   6.991373  59.598267
   7.047026  59.588207
   7.101353  59.652313
   7.211244  59.676331
   7.10976  59.70298
   7.096191  59.78516
   7.15704  59.82769
   7.145695  59.881039
   7.231296  59.961159
   7.267393  59.984383
   7.372981  59.999359
   7.436924  60.019466
   7.489371  60.099827
   7.583841  60.178417
   7.610913  60.246304
   7.674082  60.296806
   7.688263  60.396309
   7.69342  60.422409
   7.732585  60.522972
   7.639765  60.56152
   7.63564  60.63443
   7.544883  60.658695
   7.438655  60.660717
   7.470626  60.677895
   7.612826  60.744923
   7.704307  60.741116
   7.727015  60.761723
   7.703658  60.795929
   7.750507  60.842518
   7.776922  60.867195
   7.803289  60.897362
   7.87974  60.924671
   7.935266  60.897614
   8.041634  60.895336
   8.153355  60.983074
   8.222878  60.97007
   8.221101  61.008015
   8.257552  61.008446
   8.280667  61.036011
   8.21221  61.05624
   8.249888  61.07555
   8.132014  61.113937
   8.076818  61.182247
   8.043024  61.182606
   8.052035  61.225292
   8.008855  61.237942
   8.05058  61.236687
   8.161348  61.293011
   8.234193  61.321491
   8.249587  61.343468
   8.198522  61.35751
   8.157594  61.375862
   8.151586  61.430141
   8.192154  61.442505
   8.272007  61.434406
   8.303464  61.448868
   8.323427  61.46072
   8.264143  61.53635
   8.25196  61.538906
   8.198203  61.550186
   8.121981  61.526836
   7.945336  61.560558
   7.895125  61.644855
   7.905409  61.684193
   7.907224  61.724911
   7.752806  61.755718
   7.513759  61.727707
   7.514539  61.762032
   7.412429  61.85741
   7.409306  61.899715
END
END
