Relation 224458

1
   19.23409     52.36653   
   19.23383     52.36641   
   19.23497     52.3661    
   19.23552     52.36593   
   19.23595     52.36562   
   19.23612     52.36556   
   19.23662     52.365     
   19.23672     52.36481   
   19.23693     52.36361   
   19.23693     52.36313   
   19.23683     52.3629    
   19.23377     52.36244   
   19.23287     52.3624    
   19.23279     52.36244   
   19.22955     52.36272   
   19.22939     52.36264   
   19.22888     52.362     
   19.22874     52.36175   
   19.22825     52.36134   
   19.22468     52.36162   
   19.22396     52.36209   
   19.22219     52.36316   
   19.22183     52.36343   
   19.21942     52.36477   
   19.21787     52.36495   
   19.21024     52.36564   
   19.21009     52.36554   
   19.20992     52.36548   
   19.20945     52.3649    
   19.2082      52.36192   
   19.20811     52.36159   
   19.20684     52.35866   
   19.20692     52.35842   
   19.207       52.35842   
   19.20756     52.35815   
   19.21096     52.35694   
   19.21123     52.35674   
   19.21162     52.35656   
   19.21132     52.35613   
   19.20919     52.3538    
   19.20919     52.35372   
   19.20976     52.35315   
   19.21274     52.35143   
   19.21397     52.35055   
   19.21495     52.35007   
   19.21553     52.34968   
   19.22346     52.34536   
   19.22355     52.3452    
   19.2234      52.34479   
   19.22241     52.34374   
   19.22118     52.34279   
   19.21964     52.3419    
   19.21827     52.34123   
   19.21794     52.34137   
   19.2138      52.3434    
   19.20869     52.34624   
   19.20749     52.34699   
   19.20749     52.34723   
   19.20757     52.34731   
   19.20724     52.34763   
   19.20682     52.34794   
   19.20223     52.35041   
   19.20134     52.35106   
   19.201       52.35136   
   19.20106     52.35154   
   19.20124     52.35185   
   19.20473     52.35526   
   19.20481     52.35526   
   19.20538     52.35583   
   19.20546     52.35607   
   19.20487     52.35654   
   19.20011     52.35939   
   19.19986     52.35939   
   19.19662     52.35647   
   19.19637     52.35647   
   19.19629     52.35656   
   19.19613     52.35656   
   19.19254     52.35301   
   19.18916     52.35039   
   19.18875     52.34974   
   19.18826     52.34926   
   19.1868      52.34848   
   19.18503     52.34817   
   19.18388     52.34765   
   19.18324     52.34739   
   19.183       52.34721   
   19.18275     52.34715   
   19.18253     52.34727   
   19.18163     52.34798   
   19.18095     52.34859   
   19.1804      52.34901   
   19.18015     52.34901   
   19.17609     52.34716   
   19.17455     52.34644   
   19.17008     52.34465   
   19.16829     52.34356   
   19.15971     52.34085   
   19.15817     52.3407    
   19.15525     52.34058   
   19.15509     52.34066   
   19.15485     52.34098   
   19.15485     52.34163   
   19.15508     52.34213   
   19.15542     52.34277   
   19.15542     52.34317   
   19.15533     52.34325   
   19.15419     52.34404   
   19.1516      52.34501   
   19.15023     52.34538   
   19.14876     52.34606   
   19.14853     52.34612   
   19.14633     52.34642   
   19.14585     52.34642   
   19.14464     52.34616   
   19.14432     52.34599   
   19.14396     52.34571   
   19.14358     52.34558   
   19.14349     52.34553   
   19.14106     52.34561   
   19.13984     52.34523   
   19.13887     52.34509   
   19.13807     52.34486   
   19.13765     52.34467   
   19.13352     52.34382   
   19.13303     52.34382   
   19.1323      52.34398   
   19.13133     52.34398   
   19.1263      52.34305   
   19.12549     52.34297   
   19.12516     52.34285   
   19.12281     52.34285   
   19.12248     52.34297   
   19.11868     52.34337   
   19.11777     52.34356   
   19.11664     52.34386   
   19.11495     52.34394   
   19.10829     52.3459    
   19.10789     52.34596   
   19.10536     52.34677   
   19.10505     52.34685   
   19.10285     52.34712   
   19.10107     52.34784   
   19.0997      52.34796   
   19.09863     52.34782   
   19.098       52.34768   
   19.09727     52.34745   
   19.09709     52.34733   
   19.0945      52.34637   
   19.0928      52.34622   
   19.09158     52.34604   
   19.09086     52.3459    
   19.0872      52.34466   
   19.083       52.34339   
   19.082       52.34287   
   19.07838     52.34072   
   19.07661     52.33973   
   19.07623     52.33955   
   19.07261     52.33916   
   19.07033     52.33843   
   19.07017     52.33847   
   19.06991     52.33824   
   19.06921     52.33803   
   19.06888     52.33795   
   19.06863     52.33782   
   19.05695     52.33823   
   19.05646     52.33801   
   19.05605     52.33776   
   19.05582     52.33758   
   19.05582     52.3375    
   19.0563      52.33701   
   19.05736     52.33644   
   19.05856     52.33624   
   19.06012     52.33506   
   19.06012     52.33498   
   19.06018     52.33496   
   19.06111     52.33427   
   19.06263     52.3332    
   19.06312     52.33271   
   19.06312     52.33263   
   19.0636      52.33214   
   19.06368     52.33214   
   19.06417     52.33166   
   19.06423     52.33119   
   19.06369     52.33099   
   19.0636      52.33093   
   19.06174     52.33128   
   19.061       52.33172   
   19.05995     52.33239   
   19.05768     52.3321    
   19.05566     52.33194   
   19.05508     52.33183   
   19.05444     52.33166   
   19.05338     52.33166   
   19.0533      52.33171   
   19.05273     52.33187   
   19.05096     52.33218   
   19.04787     52.33279   
   19.04714     52.33271   
   19.04688     52.32688   
   19.04565     52.32295   
   19.0452      52.32147   
   19.0445      52.3185    
   19.0405      52.319     
   19.0315      52.318     
   19.031       52.317     
   19.03253     52.3162    
   19.035       52.316     
   19.036       52.315     
   19.03671     52.31103   
   19.038       52.3       
   19.045       52.296     
   19.04065     52.28745   
   19.04035     52.28655   
   19.037       52.2795    
   19.0365      52.2795    
   19.0323      52.2739    
   19.0325      52.271     
   19.033       52.2705    
   19.04299     52.27124   
   19.04645     52.2721    
   19.04742     52.27262   
   19.0485      52.2735    
   19.05654     52.27318   
   19.074       52.2725    
   19.074       52.272     
   19.07596     52.27132   
   19.08757     52.27009   
   19.0945      52.271     
   19.09609     52.26962   
   19.10015     52.26505   
   19.102       52.247     
   19.103       52.243     
   19.08598     52.23922   
   19.08145     52.23865   
   19.08        52.238     
   19.0796      52.23195   
   19.071       52.2285    
   19.0724      52.22395   
   19.073       52.223     
   19.081       52.223     
   19.0826      52.22155   
   19.0841      52.21855   
   19.0895      52.207     
   19.08        52.2005    
   19.077       52.2       
   19.05708     52.21062   
   19.05147     52.21279   
   19.0185      52.2155    
   18.9985      52.21125   
   18.9915      52.214     
   18.98805     52.2114    
   18.981       52.2075    
   18.9735      52.2065    
   18.973       52.207     
   18.9725      52.206     
   18.972       52.206     
   18.97        52.2055    
   18.9705      52.2035    
   18.969       52.2025    
   18.965       52.2025    
   18.96419     52.20404   
   18.964       52.206     
   18.95105     52.1974    
   18.9495      52.1965    
   18.94555     52.1986    
   18.944       52.1995    
   18.94        52.1975    
   18.931       52.1995    
   18.928       52.196     
   18.924       52.196     
   18.9187      52.1869    
   18.9175      52.179     
   18.9175      52.1765    
   18.91612     52.17488   
   18.916       52.161     
   18.9105      52.1565    
   18.9085      52.149     
   18.9105      52.135     
   18.913       52.13      
   18.91496     52.12981   
   18.92205     52.1276    
   18.92605     52.1256    
   18.9305      52.1235    
   18.935       52.124     
   18.935       52.1245    
   18.93787     52.12588   
   18.93782     52.12404   
   18.9375      52.123     
   18.94045     52.12185   
   18.946       52.1215    
   18.9485      52.122     
   18.9495      52.121     
   18.95        52.12      
   18.94635     52.11005   
   18.944       52.1035    
   18.94145     52.1021    
   18.9399      52.1013    
   18.93497     52.1038    
   18.93253     52.1042    
   18.931       52.104     
   18.9295      52.0945    
   18.92735     52.08655   
   18.926       52.081     
   18.9255      52.08      
   18.91862     52.07937   
   18.918       52.0785    
   18.911       52.0805    
   18.9025      52.08      
   18.8989      52.0818    
   18.89805     52.08215   
   18.885       52.0805    
   18.88041     52.08317   
   18.87288     52.08537   
   18.87262     52.08563   
   18.872       52.086     
   18.8715      52.0855    
   18.871       52.0845    
   18.8705      52.0865    
   18.86648     52.08773   
   18.853       52.087     
   18.852       52.086     
   18.853       52.082     
   18.85155     52.08135   
   18.842       52.0805    
   18.841       52.077     
   18.84        52.072     
   18.83142     52.06662   
   18.8285      52.0645    
   18.82        52.065     
   18.819       52.067     
   18.819       52.07      
   18.815       52.0705    
   18.8145      52.068     
   18.80703     52.0663    
   18.80353     52.06579   
   18.79541     52.06212   
   18.79512     52.06188   
   18.7915      52.061     
   18.786       52.061     
   18.77212     52.06462   
   18.77187     52.06488   
   18.76754     52.06669   
   18.764       52.0675    
   18.7605      52.071     
   18.75409     52.07512   
   18.7525      52.0765    
   18.72755     52.0664    
   18.719       52.0655    
   18.72        52.065     
   18.7205      52.063     
   18.7194      52.06155   
   18.72        52.0595    
   18.722       52.058     
   18.72219     52.05646   
   18.72181     52.05454   
   18.71912     52.04941   
   18.716       52.044     
   18.7195      52.04      
   18.7195      52.038     
   18.718       52.0365    
   18.716       52.036     
   18.7155      52.036     
   18.715       52.033     
   18.72165     52.02705   
   18.72215     52.02555   
   18.7275      52.01      
   18.72945     52.0084    
   18.73355     52.0036    
   18.73438     52.00337   
   18.7225      51.9965    
   18.7175      51.9935    
   18.71987     51.99137   
   18.72037     51.99087   
   18.722       51.99      
   18.7225      51.988     
   18.727       51.9855    
   18.7275      51.986     
   18.7305      51.9855    
   18.7331      51.97845   
   18.7325      51.977     
   18.73278     51.97648   
   18.7335      51.9715    
   18.7345      51.9715    
   18.7365      51.969     
   18.72948     51.96878   
   18.7155      51.97      
   18.7153      51.96865   
   18.71638     51.96691   
   18.7245      51.9575    
   18.7285      51.958     
   18.7294      51.95645   
   18.73        51.9555    
   18.73389     51.95862   
   18.738       51.9625    
   18.73912     51.96158   
   18.74138     51.95792   
   18.741       51.957     
   18.7405      51.9565    
   18.74087     51.95537   
   18.741       51.955     
   18.7411      51.95045   
   18.737       51.945     
   18.7415      51.9455    
   18.74328     51.94337   
   18.7445      51.9405    
   18.743       51.9375    
   18.76505     51.9291    
   18.76605     51.92865   
   18.768       51.9275    
   18.7665      51.9255    
   18.7661      51.92538   
   18.75245     51.9121    
   18.752       51.912     
   18.74645     51.9066    
   18.7365      51.901     
   18.739       51.899     
   18.736       51.896     
   18.7405      51.8935    
   18.73854     51.89282   
   18.7284      51.88555   
   18.721       51.877     
   18.7215      51.876     
   18.7215      51.8735    
   18.7235      51.8725    
   18.7235      51.872     
   18.715       51.871     
   18.7135      51.869     
   18.70995     51.8709    
   18.70955     51.8711    
   18.699       51.867     
   18.697       51.8655    
   18.697       51.864     
   18.69819     51.85904   
   18.698       51.8545    
   18.7005      51.853     
   18.70012     51.85137   
   18.7         51.849     
   18.699       51.848     
   18.695       51.8465    
   18.6915      51.8385    
   18.6925      51.838     
   18.69182     51.83554   
   18.6915      51.835     
   18.6915      51.8315    
   18.6895      51.831     
   18.6905      51.83      
   18.6905      51.8285    
   18.689       51.826     
   18.649       51.827     
   18.6425      51.834     
   18.63645     51.83265   
   18.629       51.831     
   18.613       51.8345    
   18.61162     51.83808   
   18.59755     51.8471    
   18.595       51.848     
   18.59145     51.84715   
   18.58899     51.84624   
   18.57204     51.84481   
   18.546       51.8455    
   18.546       51.8435    
   18.53958     51.84238   
   18.5385      51.8415    
   18.5355      51.842     
   18.536       51.8365    
   18.52897     51.83522   
   18.51562     51.83462   
   18.51        51.842     
   18.51        51.846     
   18.5105      51.851     
   18.50662     51.85511   
   18.503       51.859     
   18.48697     51.8577    
   18.4815      51.8565    
   18.47912     51.8534    
   18.4785      51.8525    
   18.47354     51.85182   
   18.4715      51.8505    
   18.47128     51.84963   
   18.469       51.8445    
   18.471       51.843     
   18.47137     51.84112   
   18.4695      51.839     
   18.46703     51.8388    
   18.464       51.837     
   18.46442     51.83438   
   18.467       51.832     
   18.467       51.8315    
   18.46722     51.82702   
   18.47088     51.8219    
   18.472       51.8205    
   18.4715      51.82      
   18.4705      51.82      
   18.46292     51.82238   
   18.46255     51.8226    
   18.45096     51.82631   
   18.4425      51.827     
   18.44045     51.8261    
   18.4395      51.8255    
   18.4406      51.82305   
   18.4424      51.81845   
   18.4415      51.809     
   18.44238     51.80792   
   18.444       51.8045    
   18.4415      51.80425   
   18.43746     51.80368   
   18.4355      51.803     
   18.437       51.794     
   18.4365      51.7935    
   18.426       51.793     
   18.426       51.7955    
   18.429       51.801     
   18.4275      51.8015    
   18.42696     51.80119   
   18.4245      51.8005    
   18.4245      51.7935    
   18.42098     51.79273   
   18.411       51.792     
   18.411       51.7915    
   18.42        51.78      
   18.42304     51.77819   
   18.425       51.778     
   18.427       51.7735    
   18.4295      51.773     
   18.42985     51.77009   
   18.432       51.7665    
   18.4305      51.7595    
   18.4295      51.757     
   18.4265      51.7575    
   18.422       51.758     
   18.42092     51.75712   
   18.417       51.75      
   18.4135      51.749     
   18.406       51.7495    
   18.4055      51.747     
   18.41247     51.74579   
   18.4174      51.74388   
   18.421       51.741     
   18.42262     51.73758   
   18.4235      51.7365    
   18.42232     51.73104   
   18.42        51.7255    
   18.41303     51.7262    
   18.40602     51.72673   
   18.40205     51.7234    
   18.40145     51.7231    
   18.4005      51.7225    
   18.407       51.718     
   18.4064      51.71655   
   18.406       51.715     
   18.4075      51.714     
   18.4105      51.7145    
   18.4115      51.714     
   18.41115     51.71345   
   18.4125      51.7095    
   18.4125646   51.7064976 
   18.4045      51.704     
   18.403       51.7005    
   18.3935      51.701     
   18.39458     51.70012   
   18.39665     51.69755   
   18.397       51.697     
   18.3965      51.696     
   18.38        51.696     
   18.379       51.694     
   18.38        51.684     
   18.37298     51.68322   
   18.36852     51.68278   
   18.3645      51.682     
   18.3615      51.679     
   18.35772     51.66948   
   18.3559      51.66155   
   18.3555      51.661     
   18.37696     51.65432   
   18.37754     51.65418   
   18.3815      51.6525    
   18.3815      51.651     
   18.37788     51.64308   
   18.37562     51.63942   
   18.374       51.637     
   18.37305     51.63685   
   18.3695      51.6345    
   18.3665      51.635     
   18.3665      51.6365    
   18.35562     51.63712   
   18.35537     51.63737   
   18.353       51.637     
   18.3529      51.63295   
   18.3535      51.63      
   18.3505      51.627     
   18.36142     51.62538   
   18.3626      51.62476   
   18.365       51.6235    
   18.3685      51.617     
   18.35645     51.6091    
   18.35288     51.60658   
   18.3505      51.6025    
   18.35258     51.60112   
   18.3765      51.6005    
   18.3771      51.59955   
   18.379       51.5925    
   18.372       51.5915    
   18.371       51.5905    
   18.37165     51.58855   
   18.373       51.577     
   18.37138     51.57508   
   18.37        51.573     
   18.3704      51.57145   
   18.3665      51.567     
   18.366       51.5655    
   18.3655      51.5655    
   18.3655      51.564     
   18.367       51.563     
   18.37        51.5565    
   18.3685      51.5495    
   18.3685      51.549     
   18.37346     51.54832   
   18.374       51.548     
   18.37345     51.5476    
   18.36645     51.54315   
   18.36512     51.54287   
   18.3605      51.541     
   18.3585      51.5365    
   18.361       51.532     
   18.37205     51.5236    
   18.37505     51.5221    
   18.3765      51.521     
   18.3765      51.5195    
   18.3775      51.5185    
   18.38        51.5185    
   18.383       51.48      
   18.3825      51.4765    
   18.38205     51.4764    
   18.3774      51.47405   
   18.3771      51.47345   
   18.37546     51.47219   
   18.3615      51.469     
   18.3595      51.471     
   18.3595      51.4715    
   18.3575      51.473     
   18.3575      51.47      
   18.3565      51.4695    
   18.3545      51.4705    
   18.3525      51.47      
   18.3585      51.467     
   18.3565      51.465     
   18.3565      51.463     
   18.3575      51.462     
   18.3575      51.4605    
   18.35362     51.45342   
   18.3523      51.45135   
   18.35005     51.4489    
   18.34855     51.44835   
   18.34538     51.4466    
   18.34268     51.44296   
   18.34025     51.4385    
   18.341       51.437     
   18.34068     51.43146   
   18.3405      51.43      
   18.337       51.4265    
   18.33305     51.4244    
   18.3265      51.42      
   18.32355     51.4216    
   18.29548     51.42978   
   18.28346     51.43181   
   18.25209     51.44062   
   18.24705     51.4436    
   18.22846     51.45182   
   18.222       51.4535    
   18.2125      51.4545    
   18.2115      51.4525    
   18.2145      51.4475    
   18.20296     51.44418   
   18.20096     51.44369   
   18.1885      51.441     
   18.1895      51.4395    
   18.19363     51.43722   
   18.1985      51.434     
   18.2015      51.4345    
   18.206       51.433     
   18.2065      51.4325    
   18.208       51.4285    
   18.2075      51.428     
   18.21062     51.42458   
   18.2115      51.4235    
   18.2109      51.42205   
   18.2105      51.421     
   18.211       51.421     
   18.20755     51.4174    
   18.206       51.417     
   18.2055      51.41725   
   18.2045      51.4165    
   18.205       51.416     
   18.20512     51.41512   
   18.205       51.413     
   18.206       51.4125    
   18.207       51.412     
   18.2065      51.4115    
   18.2065      51.41      
   18.2055      51.4095    
   18.2065      51.409     
   18.20755     51.4086    
   18.20787     51.40438   
   18.208       51.404     
   18.203       51.3985    
   18.2015      51.398     
   18.199       51.395     
   18.1975      51.3955    
   18.1976      51.39505   
   18.19487     51.39187   
   18.1951      51.39105   
   18.195       51.39      
   18.193       51.3905    
   18.192       51.3895    
   18.192       51.389     
   18.1935      51.388     
   18.19        51.3865    
   18.18002     51.38822   
   18.1495      51.3915    
   18.13888     51.37908   
   18.13826     51.3779    
   18.13628     51.36703   
   18.135       51.361     
   18.13        51.3625    
   18.1265      51.358     
   18.11401     51.35874   
   18.10802     51.35923   
   18.09945     51.3619    
   18.0985      51.362     
   18.09795     51.36165   
   18.0965      51.361     
   18.0965      51.359     
   18.0925      51.3575    
   18.09112     51.35813   
   18.0905      51.3585    
   18.083       51.355     
   18.0834      51.35445   
   18.075       51.35      
   18.0755      51.3495    
   18.08945     51.3429    
   18.0935      51.342     
   18.09271     51.33597   
   18.09229     51.33303   
   18.092       51.3265    
   18.093       51.3255    
   18.113       51.311     
   18.113       51.307     
   18.113       51.3025    
   18.1115      51.302     
   18.1129      51.29895   
   18.1131      51.29855   
   18.113       51.2975    
   18.1115      51.296     
   18.1125      51.2925    
   18.1145      51.292     
   18.115       51.2915    
   18.1135      51.29      
   18.1195      51.287     
   18.11545     51.28565   
   18.105       51.2855    
   18.1054      51.28395   
   18.1065      51.2825    
   18.104       51.281     
   18.117       51.2775    
   18.117       51.2765    
   18.11287     51.27362   
   18.1125      51.2735    
   18.1095      51.2725    
   18.109       51.2705    
   18.10595     51.26915   
   18.104       51.2685    
   18.1045      51.266     
   18.10487     51.26588   
   18.1105      51.2605    
   18.11155     51.2609    
   18.1195      51.2625    
   18.11888     51.26342   
   18.118       51.2645    
   18.1185      51.266     
   18.1209      51.26588   
   18.12318     51.26429   
   18.12588     51.26762   
   18.126       51.268     
   18.12852     51.26928   
   18.1365      51.27      
   18.138       51.267     
   18.1375      51.266     
   18.1385      51.2645    
   18.153       51.2645    
   18.1522      51.26703   
   18.1516      51.27005   
   18.151       51.273     
   18.1515      51.2735    
   18.15454     51.27318   
   18.1575      51.272     
   18.1585      51.2735    
   18.16205     51.2731    
   18.169       51.27125   
   18.1725      51.2695    
   18.1735      51.2685    
   18.1725      51.2675    
   18.171       51.2675    
   18.17081     51.26646   
   18.172       51.263     
   18.172       51.2625    
   18.1715      51.2595    
   18.171       51.2595    
   18.168       51.255     
   18.1685      51.2545    
   18.1679      51.25105   
   18.1679      51.24945   
   18.16862     51.24813   
   18.1695      51.243     
   18.17242     51.24088   
   18.1751      51.23855   
   18.17565     51.23705   
   18.176       51.236     
   18.175       51.2305    
   18.17562     51.22959   
   18.1785      51.2235    
   18.18        51.2225    
   18.17912     51.22042   
   18.17288     51.21658   
   18.17235     51.21495   
   18.17265     51.21405   
   18.1691      51.20945   
   18.167       51.207     
   18.1665      51.2075    
   18.1645      51.2075    
   18.1615      51.206     
   18.1622      51.2049    
   18.163       51.2005    
   18.16702     51.19973   
   18.1755      51.199     
   18.18        51.1985    
   18.1815      51.1945    
   18.17788     51.19163   
   18.1775      51.1915    
   18.173       51.1895    
   18.17265     51.18845   
   18.167       51.181     
   18.169       51.1795    
   18.16735     51.17605   
   18.167       51.175     
   18.16688     51.17458   
   18.1635      51.171     
   18.1625      51.1695    
   18.167       51.1655    
   18.1714      51.16324   
   18.17496     51.16182   
   18.184       51.1605    
   18.185       51.1585    
   18.19692     51.15788   
   18.19807     51.1574    
   18.2095      51.156     
   18.21053     51.15622   
   18.2315      51.1565    
   18.2315      51.157     
   18.23787     51.15912   
   18.238       51.1595    
   18.25862     51.15787   
   18.2655      51.156     
   18.27253     51.1502    
   18.2925      51.145     
   18.2925      51.144     
   18.29763     51.14162   
   18.30337     51.13887   
   18.304       51.1365    
   18.31197     51.13478   
   18.3145      51.134     
   18.3221      51.13774   
   18.33338     51.13938   
   18.33362     51.13912   
   18.34602     51.13728   
   18.3505      51.1375    
   18.35155     51.13665   
   18.35362     51.13638   
   18.3555      51.137     
   18.3595      51.1355    
   18.3616      51.13738   
   18.3675      51.139     
   18.368       51.1375    
   18.37405     51.1341    
   18.375       51.1335    
   18.375       51.1325    
   18.379       51.1305    
   18.3815      51.128     
   18.3885      51.13      
   18.39112     51.12763   
   18.39259     51.12685   
   18.4008      51.1256    
   18.4035      51.124     
   18.419       51.1255    
   18.422       51.1175    
   18.429       51.1175    
   18.429       51.117     
   18.43505     51.1151    
   18.439       51.1145    
   18.45095     51.11465   
   18.46045     51.1186    
   18.466       51.1205    
   18.4665      51.116     
   18.4675      51.115     
   18.46824     51.1089    
   18.4689      51.10695   
   18.47095     51.1039    
   18.47695     51.10135   
   18.481       51.0995    
   18.4785      51.093     
   18.48353     51.09171   
   18.49        51.091     
   18.49255     51.0924    
   18.49463     51.09378   
   18.498       51.0985    
   18.49987     51.09962   
   18.5175      51.106     
   18.52        51.109     
   18.51713     51.11113   
   18.51788     51.11312   
   18.51895     51.1146    
   18.521       51.1165    
   18.5195      51.117     
   18.5167      51.12103   
   18.5155      51.1305    
   18.5155      51.1335    
   18.51661     51.13492   
   18.521       51.1405    
   18.5235      51.141     
   18.533       51.138     
   18.53905     51.13835   
   18.54403     51.1413    
   18.547       51.1415    
   18.553       51.1395    
   18.555       51.1375    
   18.56638     51.1214    
   18.56712     51.12013   
   18.5669      51.11755   
   18.5661      51.11595   
   18.56355     51.1124    
   18.5615      51.1115    
   18.563       51.1065    
   18.5695      51.101     
   18.57988     51.09242   
   18.581       51.0905    
   18.57785     51.08405   
   18.5775      51.082     
   18.58204     51.08219   
   18.593       51.081     
   18.59445     51.08165   
   18.6085      51.082     
   18.61009     51.08062   
   18.6235      51.077     
   18.6239      51.07445   
   18.63245     51.0669    
   18.63508     51.06562   
   18.638       51.0635    
   18.63946     51.06332   
   18.65142     51.05988   
   18.65258     51.05912   
   18.66        51.0545    
   18.6655      51.0545    
   18.67012     51.05637   
   18.673       51.057     
   18.67946     51.05868   
   18.7025      51.0635    
   18.7025      51.064     
   18.70603     51.06529   
   18.70897     51.06571   
   18.71937     51.06537   
   18.71962     51.06513   
   18.734       51.0665    
   18.7475      51.0625    
   18.754       51.0625    
   18.76696     51.06468   
   18.7675      51.065     
   18.776       51.066     
   18.78703     51.0652    
   18.7917293   51.064439  
   18.79302     51.06423   
   18.8025      51.0635    
   18.8015      51.0715    
   18.8165      51.073     
   18.8185      51.0685    
   18.83672     51.0704581 
   18.84902     51.07178   
   18.857       51.0725    
   18.8575      51.074     
   18.857       51.0755    
   18.8565      51.076     
   18.857       51.0765    
   18.8575      51.076     
   18.86158     51.07412   
   18.8825      51.062     
   18.884       51.059     
   18.8995      51.0625    
   18.89695     51.0644    
   18.8955      51.066     
   18.8974      51.07105   
   18.89835     51.07505   
   18.9         51.079     
   18.9115      51.09      
   18.91841     51.09762   
   18.9215      51.0995    
   18.93145     51.0939    
   18.93396     51.09331   
   18.938       51.0915    
   18.942       51.092     
   18.94705     51.0921    
   18.9515      51.09      
   18.951       51.0895    
   18.95655     51.08815   
   18.96492     51.08388   
   18.96645     51.0829    
   18.9809      51.08088   
   18.98405     51.0786    
   18.98803     51.07722   
   18.99147     51.07678   
   18.9966      51.07412   
   19.005       51.068     
   19.005       51.066     
   19.0045      51.064     
   19.006       51.0625    
   19.00895     51.06135   
   19.00955     51.06115   
   19.0115      51.0605    
   19.014       51.058     
   19.0161      51.05405   
   19.0164      51.05345   
   19.017       51.0525    
   19.019       51.0525    
   19.019       51.052     
   19.0267127   51.0498665 
   19.04387     51.04512   
   19.04412     51.04537   
   19.0485      51.0435    
   19.0485      51.043     
   19.05082     51.04271   
   19.0546      51.03955   
   19.0545      51.0365    
   19.0575      51.0365    
   19.0585      51.0365    
   19.05738     51.03412   
   19.0555      51.033     
   19.055       51.0335    
   19.0525      51.033     
   19.0525      51.0325    
   19.053       51.0325    
   19.053       51.0315    
   19.0515      51.032     
   19.05        51.0315    
   19.05059     51.02938   
   19.0485      51.0275    
   19.0555      51.0245    
   19.07245     51.0356    
   19.073       51.036     
   19.08596     51.03432   
   19.09942     51.02938   
   19.10408     51.02662   
   19.10612     51.02408   
   19.10688     51.02292   
   19.10822     51.01753   
   19.10988     51.01392   
   19.1245      50.9995    
   19.1325      51.0       
   19.133       51.0025    
   19.129       51.003     
   19.12785     51.00495   
   19.1275      51.0055    
   19.12945     51.0071    
   19.13112     51.00841   
   19.133       51.011     
   19.149       51.01      
   19.149       51.0085    
   19.14838     51.00708   
   19.1455      51.002     
   19.149       51.0015    
   19.1505      51.0015    
   19.161       51.001     
   19.1615      51.0015    
   19.161       51.003     
   19.1615      51.004     
   19.1635      51.004     
   19.16478     50.99847   
   19.165       50.995     
   19.1674817   50.994401  
   19.17196     50.99332   
   19.18996     50.98932   
   19.2065      50.9855    
   19.20362     50.98092   
   19.20312     50.97863   
   19.209       50.9775    
   19.209       50.9745    
   19.217       50.974     
   19.217       50.9715    
   19.2185      50.971     
   19.2196      50.97245   
   19.22        50.9735    
   19.2195      50.9735    
   19.22008     50.97688   
   19.22049     50.97864   
   19.222       50.986     
   19.22304     50.98581   
   19.2269      50.98712   
   19.23035     50.9893    
   19.23452     50.99127   
   19.23948     50.99173   
   19.245       50.995     
   19.24588     50.99808   
   19.251       51.0035    
   19.251       51.0055    
   19.253       51.0055    
   19.254       51.0025    
   19.257       51.0035    
   19.25635     51.00595   
   19.2505      51.0175    
   19.24762     51.01863   
   19.24588     51.0199    
   19.24382     51.02346   
   19.2465      51.0295    
   19.247       51.03      
   19.246       51.0345    
   19.2445      51.0355    
   19.243       51.037     
   19.243       51.038     
   19.2455      51.039     
   19.2455      51.04      
   19.2465      51.0405    
   19.247       51.04      
   19.251       51.04      
   19.251       51.0395    
   19.252       51.0385    
   19.2525      51.0385    
   19.25595     51.0364    
   19.25655     51.0361    
   19.2594      51.03576   
   19.2615      51.037     
   19.2625      51.036     
   19.2595      51.034     
   19.257       51.034     
   19.257       51.033     
   19.2595      51.0335    
   19.261       51.033     
   19.2615      51.0325    
   19.2675      51.0325    
   19.271       51.0365    
   19.2725      51.038     
   19.27858     51.03888   
   19.28096     51.03968   
   19.2905      51.0455    
   19.29805     51.0446    
   19.303       51.0435    
   19.305       51.045     
   19.30312     51.04563   
   19.3035      51.047     
   19.30597     51.0468    
   19.31        51.0465    
   19.311       51.0475    
   19.31797     51.04678   
   19.32147     51.04629   
   19.33061     51.03962   
   19.331       51.0395    
   19.331       51.0365    
   19.3216      51.03124   
   19.318       51.0295    
   19.32        51.0245    
   19.31808     51.02138   
   19.319       51.0195    
   19.3245      51.02      
   19.3265      51.018     
   19.3275      51.013     
   19.34547     51.01128   
   19.35395     51.0079    
   19.362       51.0045    
   19.3615      51.0035    
   19.352       50.9965    
   19.356       50.993     
   19.3615      50.9925    
   19.3675      50.995     
   19.37003     50.99471   
   19.37363     50.99488   
   19.37487     50.99562   
   19.3775      50.9965    
   19.379       50.996     
   19.3795      50.996     
   19.38392     50.99812   
   19.38508     50.99888   
   19.3885      50.9995    
   19.39        50.9985    
   19.3905      50.9975    
   19.393       50.9985    
   19.395       50.9965    
   19.396       50.9945    
   19.39762     50.99587   
   19.39841     50.99588   
   19.402       50.993     
   19.401       50.9915    
   19.40255     50.9906    
   19.4035      50.99      
   19.4025      50.9885    
   19.408       50.985     
   19.408       50.9845    
   19.4105      50.9815    
   19.411       50.98      
   19.4105      50.9785    
   19.4085      50.978     
   19.40705     50.97865   
   19.406       50.9785    
   19.4035      50.975     
   19.40855     50.9721    
   19.41        50.9715    
   19.41        50.974     
   19.41205     50.97485   
   19.41295     50.97515   
   19.42339     50.97138   
   19.42911     50.96612   
   19.4315      50.9655    
   19.4325      50.9645    
   19.433       50.9565    
   19.43438     50.95342   
   19.4352      50.95003   
   19.4355      50.947     
   19.4405      50.942     
   19.44387     50.94037   
   19.4475      50.935     
   19.46195     50.9289    
   19.46295     50.9284    
   19.4645      50.927     
   19.46412     50.92562   
   19.4675      50.92      
   19.47        50.9175    
   19.47        50.915     
   19.46862     50.91341   
   19.46558     50.91138   
   19.46412     50.91038   
   19.463       50.907     
   19.464       50.8965    
   19.46705     50.8951    
   19.47147     50.89379   
   19.475       50.892     
   19.468       50.8885    
   19.46942     50.88738   
   19.47153     50.88621   
   19.47503     50.8857    
   19.4835      50.884     
   19.487       50.8795    
   19.49055     50.8794    
   19.49092     50.87962   
   19.4965      50.88      
   19.499       50.883     
   19.50645     50.88235   
   19.509       50.881     
   19.5141      50.88438   
   19.52112     50.8889    
   19.52362     50.89191   
   19.5255      50.8945    
   19.52703     50.8948    
   19.55755     50.9024    
   19.56095     50.9041    
   19.56554     50.90781   
   19.568       50.9085    
   19.57655     50.90765   
   19.578       50.9075    
   19.578       50.907     
   19.5785      50.905     
   19.5865      50.9055    
   19.59        50.9025    
   19.59258     50.90062   
   19.60537     50.88737   
   19.60562     50.88712   
   19.615       50.8775    
   19.618       50.8805    
   19.621       50.8805    
   19.62153     50.8802    
   19.6275      50.879     
   19.6345      50.8795    
   19.643       50.879     
   19.64946     50.87781   
   19.6605      50.8755    
   19.662       50.874     
   19.6609      50.87155   
   19.6605      50.8705    
   19.6625      50.869     
   19.661       50.867     
   19.6655      50.8645    
   19.66488     50.86308   
   19.664       50.861     
   19.66        50.8595    
   19.662       50.8545    
   19.667       50.8545    
   19.6681      50.85305   
   19.6686      50.85205   
   19.6705      50.8485    
   19.675       50.8475    
   19.677       50.85      
   19.6775      50.8505    
   19.6795      50.85      
   19.681       50.8485    
   19.681       50.846     
   19.68897     50.84429   
   19.68953     50.8442    
   19.695       50.8435    
   19.69565     50.84495   
   19.6965      50.846     
   19.69903     50.8447    
   19.7275      50.8435    
   19.729       50.8495    
   19.73154     50.85019   
   19.734       50.8495    
   19.736       50.851     
   19.73562     50.85162   
   19.736       50.8535    
   19.743       50.8535    
   19.744       50.8555    
   19.743       50.859     
   19.74387     50.85963   
   19.7455      50.86      
   19.74665     50.86245   
   19.748       50.866     
   19.75095     50.86485   
   19.7525      50.8645    
   19.75845     50.86765   
   19.77245     50.8756    
   19.77342     50.87612   
   19.7765      50.879     
   19.776       50.8825    
   19.776       50.884     
   19.7765      50.8855    
   19.7795      50.8855    
   19.7835      50.886     
   19.78538     50.89058   
   19.78637     50.89137   
   19.789       50.8935    
   19.789       50.8945    
   19.7895      50.8955    
   19.791       50.898     
   19.78955     50.8991    
   19.7875      50.9005    
   19.79        50.9025    
   19.793       50.9055    
   19.7925      50.906     
   19.79287     50.90662   
   19.7985      50.9095    
   19.799       50.91      
   19.80505     50.90965   
   19.8066      50.90855   
   19.807       50.9075    
   19.81002     50.90672   
   19.814       50.9065    
   19.8145      50.907     
   19.81469     50.90896   
   19.816       50.9105    
   19.8165      50.91      
   19.8165      50.9095    
   19.81737     50.90912   
   19.8175      50.91      
   19.8215      50.911     
   19.822       50.9105    
   19.82237     50.91137   
   19.8215      50.9115    
   19.821       50.912     
   19.823       50.913     
   19.8235      50.9125    
   19.8245      50.9135    
   19.824       50.914     
   19.824       50.9145    
   19.8235      50.9145    
   19.823       50.915     
   19.824       50.9155    
   19.8245      50.9155    
   19.829       50.9155    
   19.83113     50.91687   
   19.832       50.917     
   19.833       50.917     
   19.8335      50.917     
   19.83737     50.91763   
   19.8375      50.918     
   19.836       50.92      
   19.84312     50.92692   
   19.8455      50.9305    
   19.84562     50.9309    
   19.8475      50.935     
   19.8475      50.9375    
   19.84487     50.94237   
   19.84463     50.94262   
   19.8435      50.945     
   19.844       50.945     
   19.8445      50.9455    
   19.844       50.9485    
   19.838       50.949     
   19.8375      50.949     
   19.8335      50.9505    
   19.8345      50.9525    
   19.8335      50.9545    
   19.8345      50.9555    
   19.833       50.956     
   19.8325      50.9565    
   19.8335      50.957     
   19.8335      50.9585    
   19.83        50.9595    
   19.82845     50.9636    
   19.8305      50.965     
   19.83        50.966     
   19.8285      50.966     
   19.828       50.967     
   19.8305      50.97      
   19.83282     50.97504   
   19.84688     50.9941    
   19.85005     50.9964    
   19.858       51.001     
   19.861       51.004     
   19.863       51.007     
   19.8605      51.0095    
   19.861       51.0115    
   19.86        51.0125    
   19.8604      51.01505   
   19.8615      51.0175    
   19.8605      51.0185    
   19.863       51.0195    
   19.8635      51.02      
   19.8665      51.021     
   19.8665      51.0225    
   19.865       51.024     
   19.867       51.026     
   19.86737     51.02662   
   19.86688     51.03487   
   19.866       51.036     
   19.8665      51.0375    
   19.8725      51.0385    
   19.867       51.0435    
   19.866       51.045     
   19.868       51.0465    
   19.868       51.047     
   19.8764      51.0477    
   19.8785      51.0485    
   19.885       51.048     
   19.886       51.047     
   19.88688     51.04542   
   19.897       51.0285    
   19.92        51.026     
   19.92062     51.02512   
   19.9365      51.0245    
   19.93577     51.01352   
   19.9355      51.0115    
   19.939       51.0095    
   19.941       51.0095    
   19.94408     51.01138   
   19.94445     51.0116    
   19.948       51.0135    
   19.95738     51.0039    
   19.9579      51.00155   
   19.956       50.9955    
   19.956       50.9925    
   19.95905     50.9901    
   19.97195     50.98435   
   20.00555     50.9681    
   20.018       50.962     
   20.0255      50.9715    
   20.0265      50.9715    
   20.02795     50.9729    
   20.0285      50.9725    
   20.036       50.973     
   20.0386      50.98745   
   20.039       50.9905    
   20.03792     50.99138   
   20.03596     50.99168   
   20.0345      50.9915    
   20.0325      50.995     
   20.0345      50.9985    
   20.041       51.0015    
   20.0431      51.00345   
   20.04868     51.01296   
   20.05        51.018     
   20.0485      51.021     
   20.048       51.0215    
   20.04962     51.02492   
   20.0505      51.026     
   20.04988     51.02791   
   20.0485      51.0295    
   20.05022     51.03452   
   20.04978     51.03848   
   20.048       51.0545    
   20.05045     51.05565   
   20.0555      51.058     
   20.0555      51.0585    
   20.052       51.062     
   20.04948     51.06172   
   20.045       51.0615    
   20.046       51.068     
   20.045       51.0695    
   20.03997     51.06978   
   20.03046     51.07068   
   20.0285      51.07      
   19.9825      51.073     
   19.982       51.0735    
   19.984       51.0765    
   19.9845      51.0765    
   19.98765     51.08395   
   19.98818     51.08596   
   19.9885      51.0875    
   19.988       51.092     
   19.9921      51.09845   
   19.9925      51.099     
   19.99135     51.10695   
   19.9905      51.11      
   19.9875      51.113     
   19.98565     51.11505   
   19.9851      51.11655   
   19.982       51.1315    
   19.9865      51.1355    
   20.0015      51.1325    
   20.0025      51.134     
   19.99945     51.13485   
   19.99795     51.1354    
   19.99046     51.13932   
   19.9885      51.1395    
   20.00792     51.15262   
   20.012       51.1555    
   20.01342     51.15488   
   20.017       51.1525    
   20.02        51.154     
   20.0225      51.1565    
   20.0225      51.1595    
   20.0255      51.164     
   20.0255      51.1645    
   20.00045     51.1799    
   19.9945      51.184     
   19.99495     51.1846    
   20.00005     51.18835   
   20.00154     51.18881   
   20.008       51.19      
   20.0093      51.19253   
   20.0095      51.195     
   20.01446     51.19668   
   20.024       51.1975    
   20.0255      51.2005    
   20.03        51.2005    
   20.0515      51.203     
   20.05187     51.20312   
   20.05395     51.2024    
   20.05455     51.2021    
   20.0596      51.19955   
   20.06        51.197     
   20.0585      51.196     
   20.0585      51.1955    
   20.056       51.1955    
   20.05532     51.19354   
   20.055       51.193     
   20.055       51.1915    
   20.056       51.1905    
   20.058       51.1905    
   20.06555     51.19665   
   20.07355     51.19415   
   20.07945     51.1926    
   20.10153     51.19129   
   20.10447     51.19171   
   20.10995     51.19385   
   20.11054     51.19368   
   20.11688     51.19138   
   20.117       51.1905    
   20.1175      51.1905    
   20.1195      51.1895    
   20.12115     51.1907    
   20.1465      51.193     
   20.14955     51.1926    
   20.1535      51.1905    
   20.15542     51.19212   
   20.1585      51.194     
   20.158       51.196     
   20.1585      51.198     
   20.17597     51.1963    
   20.1765      51.196     
   20.176       51.195     
   20.179       51.1945    
   20.178       51.2065    
   20.179       51.2075    
   20.18904     51.20569   
   20.19096     51.20531   
   20.192       51.2045    
   20.1916      51.20345   
   20.191       51.201     
   20.2         51.1995    
   20.19837     51.19888   
   20.19312     51.19837   
   20.193       51.198     
   20.19445     51.19735   
   20.198       51.198     
   20.201       51.199     
   20.2015      51.199     
   20.2095      51.2005    
   20.2135      51.2045    
   20.213       51.2055    
   20.2115      51.207     
   20.214       51.2095    
   20.2155      51.209     
   20.21615     51.20655   
   20.217       51.1995    
   20.21947     51.1993    
   20.2345      51.204     
   20.235       51.204     
   20.23905     51.2044    
   20.2404      51.20655   
   20.24062     51.20737   
   20.24747     51.2068    
   20.251       51.2065    
   20.25312     51.20942   
   20.254       51.211     
   20.255       51.212     
   20.2635      51.2145    
   20.2645      51.22      
   20.2515      51.222     
   20.2525      51.2255    
   20.25319     51.22996   
   20.2558      51.2369    
   20.252       51.2415    
   20.24898     51.24278   
   20.2425      51.2435    
   20.24181     51.24596   
   20.2415      51.2465    
   20.2435      51.249     
   20.2425      51.251     
   20.243       51.252     
   20.24087     51.25487   
   20.2405      51.255     
   20.2425      51.2575    
   20.24404     51.25719   
   20.24596     51.25681   
   20.25355     51.2569    
   20.25855     51.25835   
   20.2605      51.259     
   20.26105     51.2586    
   20.2624      51.25645   
   20.2626      51.25605   
   20.26265     51.25395   
   20.262       51.251     
   20.26497     51.25079   
   20.26955     51.2481    
   20.27295     51.24585   
   20.27751     51.24474   
   20.2979      51.2438    
   20.29908     51.24312   
   20.3035      51.241     
   20.31295     51.2451    
   20.33        51.2545    
   20.32975     51.255     
   20.331       51.2575    
   20.33473     51.25485   
   20.357       51.25      
   20.35722     51.24602   
   20.359       51.242     
   20.36305     51.2401    
   20.371       51.237     
   20.37438     51.2416    
   20.3795      51.2465    
   20.37582     51.25946   
   20.37363     51.26837   
   20.37653     51.26878   
   20.3915      51.271     
   20.385       51.2775    
   20.3794      51.28595   
   20.37459     51.29312   
   20.366       51.305     
   20.366       51.307     
   20.3635      51.308     
   20.3645      51.3105    
   20.365       51.311     
   20.36898     51.31122   
   20.3819      51.31662   
   20.38466     51.31797   
   20.39799     51.31924   
   20.4055      51.3195    
   20.406       51.319     
   20.4105      51.319     
   20.4135      51.3205    
   20.414       51.3215    
   20.41        51.3265    
   20.4185      51.326     
   20.42095     51.3271    
   20.424       51.329     
   20.424       51.3335    
   20.42685     51.3338    
   20.4325      51.3355    
   20.43224     51.3395    
   20.4316      51.33962   
   20.43125     51.33998   
   20.43058     51.34316   
   20.43042     51.3455    
   20.43019     51.34678   
   20.42939     51.34728   
   20.42873     51.34972   
   20.42835     51.35053   
   20.42689     51.35065   
   20.42634     51.35088   
   20.426       51.35118   
   20.42578     51.352     
   20.42537     51.35322   
   20.42594     51.36208   
   20.43187     51.37055   
   20.42918     51.37407   
   20.42778     51.37495   
   20.43227     51.37926   
   20.43287     51.38227   
   20.4338      51.38312   
   20.43432     51.38379   
   20.43441     51.38421   
   20.43466     51.38498   
   20.43425     51.38573   
   20.43411     51.38614   
   20.43411     51.38711   
   20.4355      51.38816   
   20.43605     51.38979   
   20.43654     51.39028   
   20.43807     51.39078   
   20.43831     51.39095   
   20.44052     51.39222   
   20.44119     51.39392   
   20.44175     51.39496   
   20.44254     51.39587   
   20.44245     51.39659   
   20.44245     51.39702   
   20.44718     51.40957   
   20.44735     51.40981   
   20.4509      51.41428   
   20.45097     51.4143    
   20.45277     51.41382   
   20.45406     51.41331   
   20.45422     51.41315   
   20.45325     51.41193   
   20.45339     51.41167   
   20.45445     51.41022   
   20.45519     51.4094    
   20.45552     51.40929   
   20.45706     51.40917   
   20.45747     51.40934   
   20.4586      51.40934   
   20.45887     51.40919   
   20.45949     51.40909   
   20.45981     51.40927   
   20.46031     51.40947   
   20.46087     51.40958   
   20.46252     51.40919   
   20.46323     51.40914   
   20.4651      51.4092    
   20.46533     51.40909   
   20.46655     51.40942   
   20.46671     51.40934   
   20.46753     51.40947   
   20.46786     51.40956   
   20.4685      51.40966   
   20.46998     51.40928   
   20.4715      51.40861   
   20.47377     51.40881   
   20.47491     51.40906   
   20.47644     51.40921   
   20.4774      51.4096    
   20.47807     51.41039   
   20.47945     51.41086   
   20.47991     51.41114   
   20.48187     51.41243   
   20.48221     51.41255   
   20.48407     51.4129    
   20.48441     51.41338   
   20.48472     51.41404   
   20.48461     51.41484   
   20.48512     51.41607   
   20.48731     51.41788   
   20.48786     51.41812   
   20.48969     51.42018   
   20.49007     51.42102   
   20.49138     51.42147   
   20.49332     51.42222   
   20.49388     51.42239   
   20.49461     51.42215   
   20.49518     51.42215   
   20.49575     51.42256   
   20.49575     51.42272   
   20.49512     51.42323   
   20.49348     51.42507   
   20.49218     51.42515   
   20.49165     51.42574   
   20.49155     51.42597   
   20.49038     51.42748   
   20.48942     51.42832   
   20.48942     51.42896   
   20.48722     51.43033   
   20.48715     51.43042   
   20.4878      51.43261   
   20.4878      51.4331    
   20.48715     51.43347   
   20.48683     51.43351   
   20.48634     51.43391   
   20.4865      51.43505   
   20.48603     51.43555   
   20.48569     51.4357    
   20.48472     51.43643   
   20.48503     51.43685   
   20.48602     51.43699   
   20.48632     51.43741   
   20.48676     51.43779   
   20.48713     51.43799   
   20.48774     51.43861   
   20.4879      51.43909   
   20.48819     51.43973   
   20.48796     51.44024   
   20.48815     51.44038   
   20.48902     51.44069   
   20.48958     51.44083   
   20.49793     51.44179   
   20.49808     51.44188   
   20.49761     51.44762   
   20.49755     51.44772   
   20.49768     51.44837   
   20.50087     51.4493    
   20.51308     51.45106   
   20.51676     51.45343   
   20.51732     51.45364   
   20.52057     51.45476   
   20.52356     51.45543   
   20.52577     51.45652   
   20.52607     51.45672   
   20.52722     51.45776   
   20.52711     51.45856   
   20.52756     51.46059   
   20.5279      51.46172   
   20.52829     51.46268   
   20.52869     51.46301   
   20.52934     51.46296   
   20.53234     51.46257   
   20.53346     51.4623    
   20.53395     51.46262   
   20.53385     51.46293   
   20.52908     51.46584   
   20.52819     51.46627   
   20.52773     51.46701   
   20.52768     51.46724   
   20.52716     51.468     
   20.5266      51.46871   
   20.52708     51.47137   
   20.52723     51.4717    
   20.52787     51.47349   
   20.52787     51.47811   
   20.52727     51.47989   
   20.52661     51.48144   
   20.52657     51.48233   
   20.52632     51.48238   
   20.52446     51.4822    
   20.52308     51.48209   
   20.5229      51.48249   
   20.52227     51.48842   
   20.52227     51.48988   
   20.52231     51.49069   
   20.52214     51.49143   
   20.52094     51.50285   
   20.52061     51.50634   
   20.52023     51.50933   
   20.52009     51.50952   
   20.5191      51.50953   
   20.51853     51.50936   
   20.51326     51.5084    
   20.51279     51.50833   
   20.50605     51.50703   
   20.50508     51.50695   
   20.45687     51.54034   
   20.45568     51.54235   
   20.45594     51.54372   
   20.45684     51.54525   
   20.45763     51.54568   
   20.45842     51.54659   
   20.4598      51.54927   
   20.46047     51.55014   
   20.46218     51.55109   
   20.46256     51.55121   
   20.46515     51.55267   
   20.46663     51.55411   
   20.46774     51.55574   
   20.46834     51.55727   
   20.46834     51.55849   
   20.46795     51.55988   
   20.46786     51.56004   
   20.46663     51.56157   
   20.46653     51.56163   
   20.4634      51.56451   
   20.46241     51.56513   
   20.45988     51.56772   
   20.45977     51.56791   
   20.45948     51.57316   
   20.45941     51.57341   
   20.45892     51.57344   
   20.45601     51.57268   
   20.45284     51.57285   
   20.44967     51.5723    
   20.44206     51.57114   
   20.4406      51.57118   
   20.43994     51.57136   
   20.43841     51.5719    
   20.43388     51.574     
   20.43257     51.57479   
   20.43255     51.57521   
   20.4332      51.57587   
   20.43338     51.57601   
   20.43433     51.57748   
   20.43532     51.57966   
   20.43595     51.58057   
   20.43727     51.58217   
   20.43727     51.5825    
   20.43668     51.58346   
   20.43648     51.58373   
   20.43429     51.58754   
   20.4323      51.59521   
   20.43218     51.5954    
   20.43149     51.59732   
   20.43096     51.59832   
   20.42932     51.59926   
   20.42786     51.59977   
   20.42129     51.60132   
   20.42041     51.60215   
   20.41829     51.60348   
   20.41691     51.60415   
   20.41604     51.6049    
   20.41594     51.60537   
   20.41616     51.6058    
   20.41674     51.60621   
   20.41797     51.60659   
   20.41854     51.60659   
   20.41927     51.60636   
   20.4201      51.60538   
   20.42022     51.6052    
   20.42049     51.605     
   20.42089     51.60488   
   20.42168     51.60507   
   20.42185     51.60514   
   20.42415     51.60657   
   20.42428     51.60676   
   20.42438     51.60724   
   20.42381     51.60845   
   20.42381     51.60878   
   20.42448     51.60981   
   20.42624     51.61154   
   20.42616     51.6117    
   20.42404     51.61306   
   20.42391     51.6131    
   20.42058     51.61576   
   20.42034     51.61609   
   20.41845     51.62094   
   20.41845     51.62224   
   20.41865     51.62353   
   20.41959     51.62832   
   20.41959     51.62987   
   20.41935     51.63019   
   20.41821     51.63023   
   20.41456     51.63056   
   20.41408     51.63063   
   20.41359     51.63092   
   20.41359     51.63133   
   20.41438     51.63304   
   20.41482     51.63375   
   20.41497     51.63465   
   20.41481     51.63475   
   20.41318     51.63502   
   20.41118     51.63517   
   20.41034     51.63546   
   20.40548     51.63603   
   20.40459     51.63447   
   20.40426     51.63441   
   20.39681     51.63541   
   20.39574     51.63546   
   20.39097     51.6363    
   20.39039     51.63652   
   20.3894      51.63731   
   20.38729     51.63918   
   20.38701     51.63962   
   20.38626     51.64106   
   20.38561     51.64171   
   20.38958     51.6443    
   20.38958     51.64438   
   20.38966     51.64438   
   20.39126     51.64546   
   20.39316     51.64654   
   20.395       51.64687   
   20.3955      51.6473    
   20.39525     51.65105   
   20.39517     51.65135   
   20.39432     51.65275   
   20.39179     51.65493   
   20.39161     51.65523   
   20.39025     51.65923   
   20.39033     51.65972   
   20.39092     51.6601    
   20.39122     51.66117   
   20.39398     51.66134   
   20.39457     51.6618    
   20.3952      51.66239   
   20.39526     51.66399   
   20.39522     51.66403   
   20.39531     51.66612   
   20.39555     51.6666    
   20.3966      51.66911   
   20.39725     51.67024   
   20.39908     51.67182   
   20.40023     51.67277   
   20.40054     51.67287   
   20.40266     51.67282   
   20.40461     51.67283   
   20.40484     51.67288   
   20.40678     51.6749    
   20.40818     51.67504   
   20.41061     51.67508   
   20.41369     51.67549   
   20.41662     51.67591   
   20.42059     51.6767    
   20.42131     51.67663   
   20.42286     51.67626   
   20.42391     51.6763    
   20.42648     51.67742   
   20.42806     51.67851   
   20.42932     51.67888   
   20.43354     51.67953   
   20.43688     51.68041   
   20.43835     51.68096   
   20.43948     51.68161   
   20.43827     51.68291   
   20.43852     51.68314   
   20.44102     51.6844    
   20.44136     51.68452   
   20.44221     51.68519   
   20.44224     51.68543   
   20.44183     51.68591   
   20.43908     51.68632   
   20.43762     51.68656   
   20.43711     51.68761   
   20.43689     51.68794   
   20.43689     51.68835   
   20.43754     51.68875   
   20.43852     51.68913   
   20.44072     51.69011   
   20.44192     51.69102   
   20.44282     51.69047   
   20.44336     51.68987   
   20.4438      51.68926   
   20.44713     51.68715   
   20.44954     51.68632   
   20.45035     51.6864    
   20.45042     51.68649   
   20.45056     51.68819   
   20.4511      51.69043   
   20.45207     51.69117   
   20.45329     51.69238   
   20.45392     51.69329   
   20.45424     51.69329   
   20.45562     51.69289   
   20.45692     51.69248   
   20.45773     51.69248   
   20.45845     51.69274   
   20.45975     51.69339   
   20.46478     51.69608   
   20.466       51.69633   
   20.46624     51.69648   
   20.46673     51.6967    
   20.46692     51.69631   
   20.4671      51.69516   
   20.46729     51.69304   
   20.47029     51.69117   
   20.47146     51.69056   
   20.47453     51.6895    
   20.47956     51.68633   
   20.48182     51.68583   
   20.48595     51.68524   
   20.48638     51.68488   
   20.48646     51.68472   
   20.48727     51.68374   
   20.4875      51.68364   
   20.49432     51.68524   
   20.49626     51.68567   
   20.50843     51.68554   
   20.51369     51.68559   
   20.51379     51.68527   
   20.51375     51.68414   
   20.51356     51.68355   
   20.51321     51.68024   
   20.51321     51.67951   
   20.51353     51.67918   
   20.51474     51.6793    
   20.5154      51.67918   
   20.51543     51.67853   
   20.51499     51.67537   
   20.51503     51.67472   
   20.51524     51.67449   
   20.5184      51.67383   
   20.51848     51.67375   
   20.51848     51.67221   
   20.51842     51.6721    
   20.5184      51.67115   
   20.51856     51.67099   
   20.51945     51.67099   
   20.5197      51.67139   
   20.5197      51.6735    
   20.51951     51.67413   
   20.51962     51.67545   
   20.51968     51.67555   
   20.51953     51.67699   
   20.51937     51.67756   
   20.51969     51.67822   
   20.52107     51.6788    
   20.52197     51.67907   
   20.52733     51.67978   
   20.52789     51.67959   
   20.52891     51.67601   
   20.53089     51.66945   
   20.53892     51.66818   
   20.57112     51.66356   
   20.57234     51.66348   
   20.57899     51.66296   
   20.57909     51.6629    
   20.58085     51.66284   
   20.58377     51.66292   
   20.58506     51.66254   
   20.58708     51.66172   
   20.59133     51.65933   
   20.59505     51.65754   
   20.59513     51.65753   
   20.59569     51.65736   
   20.5965      51.65736   
   20.59687     51.65802   
   20.59695     51.65874   
   20.59717     51.65937   
   20.59782     51.65941   
   20.60194     51.6589    
   20.60567     51.65899   
   20.61314     51.65789   
   20.61403     51.658     
   20.61953     51.65717   
   20.62026     51.65701   
   20.62149     51.65702   
   20.62189     51.6572    
   20.62189     51.65777   
   20.62264     51.65865   
   20.62286     51.66101   
   20.62236     51.66172   
   20.62213     51.66223   
   20.62222     51.66231   
   20.62192     51.66354   
   20.62166     51.66387   
   20.62101     51.66413   
   20.62049     51.6644    
   20.62037     51.66452   
   20.61954     51.66572   
   20.62043     51.66645   
   20.62125     51.6663    
   20.62165     51.6662    
   20.62211     51.66663   
   20.62268     51.66759   
   20.62368     51.66896   
   20.62652     51.66982   
   20.62943     51.67026   
   20.63365     51.66993   
   20.63546     51.67389   
   20.63589     51.67489   
   20.63664     51.67628   
   20.63748     51.67648   
   20.64046     51.67699   
   20.64598     51.67675   
   20.64697     51.67697   
   20.6493      51.67735   
   20.65044     51.67756   
   20.65304     51.6774    
   20.65401     51.68032   
   20.65521     51.68569   
   20.6559      51.68654   
   20.65622     51.69158   
   20.65636     51.69191   
   20.65644     51.69329   
   20.65687     51.69417   
   20.65731     51.69469   
   20.65857     51.69758   
   20.65901     51.69825   
   20.65896     51.70278   
   20.65877     51.70317   
   20.658       51.70402   
   20.65721     51.7053    
   20.65742     51.70651   
   20.65717     51.70903   
   20.65698     51.70959   
   20.65505     51.71243   
   20.65464     51.71323   
   20.65464     51.71513   
   20.6549      51.71673   
   20.65482     51.71746   
   20.6566      51.72055   
   20.65709     51.72103   
   20.6579      51.72176   
   20.65782     51.72265   
   20.65818     51.72388   
   20.65815     51.72419   
   20.65792     51.72438   
   20.65667     51.72531   
   20.65587     51.72578   
   20.65533     51.72584   
   20.65377     51.72614   
   20.65334     51.72661   
   20.65262     51.72709   
   20.65166     51.72752   
   20.65085     51.72801   
   20.65034     51.72888   
   20.64964     51.72973   
   20.64891     51.73029   
   20.64792     51.73065   
   20.64348     51.73119   
   20.64225     51.73174   
   20.64079     51.73166   
   20.63868     51.73279   
   20.63852     51.73295   
   20.63862     51.7375    
   20.6386      51.73758   
   20.62839     51.74044   
   20.62171     51.74218   
   20.61978     51.74265   
   20.61403     51.74289   
   20.60883     51.74447   
   20.60804     51.74475   
   20.6021      51.74666   
   20.60048     51.74658   
   20.60016     51.74669   
   20.59983     51.74674   
   20.59829     51.74711   
   20.59324     51.74737   
   20.58582     51.74733   
   20.58564     51.74749   
   20.58418     51.74804   
   20.5828      51.7482    
   20.5827      51.74844   
   20.58324     51.7542    
   20.58397     51.76036   
   20.58416     51.76168   
   20.58557     51.7623    
   20.5858      51.76236   
   20.58866     51.7644    
   20.59108     51.76529   
   20.59206     51.76594   
   20.5934      51.76728   
   20.59501     51.76929   
   20.59504     51.76986   
   20.59245     51.77667   
   20.59237     51.77675   
   20.58856     51.77716   
   20.58785     51.77718   
   20.58635     51.77796   
   20.58608     51.77854   
   20.58601     51.77918   
   20.58485     51.7805    
   20.58452     51.7814    
   20.58426     51.78251   
   20.58642     51.78438   
   20.58645     51.7847    
   20.58523     51.78665   
   20.58517     51.7869    
   20.58395     51.78837   
   20.58217     51.79088   
   20.58133     51.79166   
   20.58084     51.79197   
   20.57909     51.79283   
   20.57874     51.79378   
   20.57902     51.79502   
   20.57944     51.79622   
   20.5799      51.79782   
   20.5804      51.79859   
   20.5808      51.80083   
   20.58187     51.80522   
   20.58191     51.80725   
   20.58166     51.81106   
   20.58159     51.81108   
   20.56236     51.81216   
   20.56098     51.8122    
   20.56027     51.81246   
   20.55975     51.81389   
   20.55736     51.8178    
   20.55731     51.81838   
   20.55749     51.81901   
   20.55757     51.81901   
   20.55984     51.82006   
   20.56059     51.82069   
   20.5622      51.82116   
   20.56283     51.82122   
   20.56495     51.82136   
   20.56504     51.82128   
   20.56544     51.82128   
   20.5656      51.82144   
   20.56934     51.82116   
   20.57575     51.82097   
   20.57607     51.82039   
   20.57615     51.82006   
   20.57712     51.81986   
   20.58328     51.8195    
   20.58491     51.8195    
   20.5948      51.81779   
   20.60721     51.8162    
   20.60752     51.81627   
   20.60817     51.81918   
   20.60818     51.81933   
   20.60834     51.81935   
   20.61158     51.81951   
   20.61184     51.81964   
   20.61921     51.82047   
   20.61968     51.82138   
   20.61887     51.82711   
   20.61865     51.82744   
   20.61467     51.82708   
   20.61281     51.82696   
   20.6086      51.8273    
   20.60851     51.82736   
   20.59975     51.82752   
   20.59959     51.82769   
   20.59746     51.83553   
   20.59626     51.83977   
   20.59993     51.84397   
   20.60445     51.84837   
   20.60396     51.84868   
   20.60023     51.84874   
   20.5992      51.84888   
   20.59325     51.84863   
   20.59262     51.84843   
   20.58963     51.84847   
   20.58864     51.84861   
   20.58826     51.8513    
   20.58822     51.85178   
   20.58874     51.85257   
   20.58963     51.85363   
   20.58975     51.85404   
   20.58918     51.85493   
   20.58917     51.85648   
   20.58896     51.8594    
   20.58801     51.86161   
   20.58764     51.86206   
   20.58594     51.86384   
   20.58521     51.86465   
   20.5828      51.86678   
   20.58363     51.86815   
   20.58361     51.86873   
   20.58199     51.86972   
   20.57582     51.87059   
   20.57411     51.87097   
   20.57397     51.87102   
   20.5729      51.87165   
   20.57276     51.87206   
   20.57249     51.87228   
   20.57136     51.87238   
   20.56884     51.87309   
   20.56626     51.8745    
   20.56489     51.87547   
   20.56471     51.8757    
   20.56471     51.87619   
   20.56555     51.87926   
   20.56568     51.87968   
   20.56687     51.88301   
   20.56723     51.8843    
   20.56714     51.88552   
   20.56773     51.88614   
   20.56809     51.88658   
   20.56812     51.88681   
   20.56795     51.88688   
   20.56738     51.88701   
   20.56707     51.88694   
   20.56041     51.88702   
   20.55725     51.88738   
   20.54403     51.88944   
   20.53776     51.89036   
   20.53202     51.8906    
   20.53169     51.89068   
   20.52692     51.89103   
   20.52538     51.89107   
   20.51532     51.89176   
   20.51288     51.89221   
   20.51215     51.89225   
   20.50882     51.89336   
   20.5084      51.89361   
   20.50451     51.89235   
   20.50325     51.89213   
   20.50146     51.89093   
   20.50136     51.89089   
   20.50009     51.89004   
   20.50007     51.88998   
   20.49958     51.88968   
   20.49845     51.88957   
   20.49724     51.89016   
   20.4936      51.89259   
   20.49292     51.8932    
   20.49033     51.89385   
   20.48938     51.8943    
   20.487       51.89629   
   20.48668     51.89645   
   20.4853      51.897     
   20.48457     51.89725   
   20.47898     51.90044   
   20.47905     51.90053   
   20.48083     51.90216   
   20.48871     51.90912   
   20.48873     51.90918   
   20.48904     51.90952   
   20.48904     51.91001   
   20.48805     51.91187   
   20.48779     51.91309   
   20.48578     51.91787   
   20.48515     51.91877   
   20.48401     51.91991   
   20.48329     51.92002   
   20.48231     51.91988   
   20.48135     51.91984   
   20.47663     51.91958   
   20.4763      51.91991   
   20.4763      51.9212    
   20.47659     51.92348   
   20.47679     51.92639   
   20.47616     51.92746   
   20.47511     51.92893   
   20.47372     51.9303    
   20.47142     51.93059   
   20.46114     51.93175   
   20.45943     51.93175   
   20.45709     51.9321    
   20.45312     51.93347   
   20.45207     51.93388   
   20.44939     51.93501   
   20.44818     51.93574   
   20.44784     51.93605   
   20.44767     51.9371    
   20.44646     51.93767   
   20.44467     51.93771   
   20.44338     51.93786   
   20.44329     51.93789   
   20.4421      51.93858   
   20.44427     51.94132   
   20.44411     51.94148   
   20.43989     51.9433    
   20.43948     51.94326   
   20.43883     51.94294   
   20.43804     51.94211   
   20.43551     51.93929   
   20.43453     51.93937   
   20.43293     51.93789   
   20.43239     51.93748   
   20.43063     51.93798   
   20.42917     51.93862   
   20.42827     51.93928   
   20.42807     51.93955   
   20.42792     51.94011   
   20.42785     51.9405    
   20.42724     51.94156   
   20.42681     51.94187   
   20.42496     51.9431    
   20.42494     51.94349   
   20.42041     51.9477    
   20.42026     51.94772   
   20.41955     51.94691   
   20.41937     51.94635   
   20.41948     51.94612   
   20.42089     51.94381   
   20.42326     51.94124   
   20.42326     51.94083   
   20.42202     51.93785   
   20.42196     51.93783   
   20.4219      51.93766   
   20.42068     51.93603   
   20.41874     51.93392   
   20.41643     51.93201   
   20.41468     51.931     
   20.41345     51.93045   
   20.40818     51.93085   
   20.40655     51.93045   
   20.40558     51.93041   
   20.40193     51.93049   
   20.40007     51.93065   
   20.39691     51.93071   
   20.39624     51.93116   
   20.39551     51.93198   
   20.39514     51.93257   
   20.39476     51.93466   
   20.39396     51.93676   
   20.39335     51.93776   
   20.39266     51.93862   
   20.39172     51.93915   
   20.39023     51.94016   
   20.38903     51.94205   
   20.38141     51.94245   
   20.37971     51.94164   
   20.37831     51.94101   
   20.37257     51.93897   
   20.37078     51.93824   
   20.37078     51.93815   
   20.37168     51.93418   
   20.37199     51.93421   
   20.37567     51.93642   
   20.37599     51.93659   
   20.3776      51.93848   
   20.37792     51.9388    
   20.3789      51.93851   
   20.38293     51.93724   
   20.38336     51.93694   
   20.38334     51.93686   
   20.37403     51.9255    
   20.37249     51.9238    
   20.37169     51.92406   
   20.37012     51.925     
   20.3656      51.9269    
   20.36032     51.92826   
   20.35984     51.92826   
   20.35539     51.92208   
   20.35368     51.91981   
   20.35359     51.91974   
   20.32398     51.92195   
   20.32212     51.91901   
   20.32212     51.91893   
   20.31823     51.91252   
   20.3179      51.91252   
   20.31666     51.91265   
   20.31568     51.91265   
   20.3152      51.91257   
   20.31227     51.9125    
   20.31083     51.91279   
   20.31033     51.9131    
   20.31001     51.91383   
   20.30984     51.91389   
   20.30775     51.91374   
   20.30563     51.91277   
   20.30507     51.91287   
   20.30463     51.91308   
   20.30293     51.91332   
   20.30125     51.91326   
   20.30053     51.91283   
   20.30012     51.91274   
   20.29956     51.91235   
   20.29948     51.91227   
   20.29798     51.91223   
   20.29727     51.91204   
   20.29681     51.91231   
   20.29599     51.91201   
   20.29557     51.91229   
   20.2963      51.91261   
   20.2963      51.91269   
   20.29646     51.9131    
   20.29711     51.91375   
   20.29793     51.91406   
   20.29856     51.91434   
   20.30409     51.91521   
   20.30474     51.91521   
   20.30522     51.91456   
   20.30538     51.9144    
   20.30695     51.91417   
   20.30743     51.91471   
   20.31173     51.91867   
   20.31176     51.91921   
   20.31446     51.9178    
   20.31483     51.91844   
   20.31197     51.91993   
   20.31194     51.91998   
   20.31212     51.92324   
   20.31228     51.9234    
   20.3139      51.9234    
   20.31414     51.92372   
   20.31414     51.92397   
   20.313       51.92507   
   20.31163     51.92535   
   20.31158     51.92552   
   20.31177     51.9269    
   20.3121      51.92779   
   20.3122      51.92859   
   20.311       51.93136   
   20.31078     51.93443   
   20.31066     51.93467   
   20.30749     51.93529   
   20.307       51.93537   
   20.30515     51.93582   
   20.30376     51.93638   
   20.30278     51.93616   
   20.30134     51.93571   
   20.30019     51.9354    
   20.29963     51.9354    
   20.29808     51.93587   
   20.29752     51.93597   
   20.29695     51.93589   
   20.29574     51.93631   
   20.29556     51.93644   
   20.29502     51.93711   
   20.29494     51.93728   
   20.29251     51.9398    
   20.292       51.94027   
   20.29176     51.94027   
   20.29101     51.93964   
   20.29018     51.93881   
   20.29187     51.93677   
   20.29014     51.93694   
   20.29028     51.93712   
   20.29039     51.93764   
   20.28899     51.93765   
   20.28915     51.93851   
   20.28818     51.93827   
   20.28592     51.938     
   20.2852      51.93842   
   20.28429     51.93843   
   20.26881     51.93514   
   20.26822     51.93486   
   20.26636     51.93209   
   20.26608     51.93159   
   20.26605     51.9311    
   20.26581     51.93101   
   20.2645      51.93107   
   20.26362     51.93122   
   20.24845     51.93354   
   20.24366     51.93346   
   20.24287     51.93421   
   20.24267     51.9345    
   20.24199     51.93995   
   20.24074     51.95089   
   20.24131     51.95126   
   20.24674     51.95279   
   20.24739     51.95292   
   20.26557     51.95858   
   20.29306     51.96702   
   20.29362     51.96744   
   20.29358     51.96753   
   20.29354     51.96801   
   20.29306     51.96849   
   20.27187     51.97131   
   20.27164     51.97141   
   20.27156     51.97158   
   20.27226     51.97434   
   20.27229     51.97531   
   20.27189     51.9822    
   20.26873     51.98416   
   20.26598     51.98571   
   20.26507     51.98658   
   20.26388     51.9879    
   20.26029     51.99137   
   20.26029     51.99153   
   20.26144     51.99289   
   20.26183     51.99339   
   20.26183     51.99364   
   20.26054     51.99447   
   20.25865     51.99504   
   20.25705     51.99529   
   20.25592     51.9956    
   20.2555      51.99583   
   20.25558     51.99599   
   20.26183     52.00029   
   20.26183     52.00045   
   20.26133     52.00092   
   20.25056     52.00588   
   20.24983     52.00605   
   20.24563     52.00157   
   20.24342     51.99932   
   20.24293     51.99912   
   20.23313     52.00201   
   20.23058     52.00335   
   20.22583     52.00493   
   20.22482     52.00587   
   20.22281     52.00822   
   20.22191     52.00887   
   20.21598     52.0117    
   20.21327     52.01288   
   20.21209     52.0139    
   20.21197     52.01409   
   20.21171     52.01473   
   20.21238     52.01544   
   20.21238     52.0158    
   20.21171     52.01627   
   20.21095     52.01731   
   20.21073     52.01773   
   20.20815     52.01905   
   20.20385     52.02115   
   20.20351     52.02138   
   20.20214     52.02389   
   20.20207     52.02422   
   20.20182     52.02464   
   20.20133     52.02481   
   20.20102     52.02497   
   20.20033     52.02557   
   20.19889     52.02592   
   20.19956     52.0272    
   20.19969     52.02812   
   20.19995     52.02825   
   20.20043     52.02876   
   20.20035     52.02973   
   20.20052     52.02988   
   20.20262     52.03054   
   20.20287     52.03054   
   20.20499     52.02886   
   20.20587     52.02819   
   20.20619     52.02819   
   20.22689     52.04017   
   20.23287     52.04352   
   20.24992     52.05356   
   20.25041     52.05388   
   20.25204     52.05502   
   20.25218     52.05528   
   20.25031     52.05641   
   20.24892     52.05908   
   20.2479      52.06097   
   20.24764     52.06307   
   20.24764     52.06469   
   20.24901     52.06712   
   20.24901     52.06761   
   20.24342     52.07288   
   20.24342     52.07296   
   20.24348     52.07306   
   20.24424     52.07358   
   20.24464     52.07369   
   20.24555     52.07473   
   20.2461      52.07556   
   20.25024     52.07609   
   20.25436     52.07656   
   20.25737     52.07693   
   20.26953     52.07719   
   20.26962     52.07726   
   20.2697      52.07791   
   20.26864     52.08245   
   20.2684      52.08456   
   20.2684      52.0874    
   20.26866     52.09168   
   20.27047     52.09357   
   20.27051     52.09421   
   20.27016     52.09534   
   20.26962     52.0977    
   20.26928     52.10004   
   20.26923     52.10014   
   20.26874     52.10072   
   20.26814     52.10117   
   20.265       52.10307   
   20.26337     52.10394   
   20.2633      52.10396   
   20.2615      52.10481   
   20.2612      52.10486   
   20.25721     52.10646   
   20.25622     52.10823   
   20.25583     52.10994   
   20.2552      52.11069   
   20.25456     52.11198   
   20.25453     52.11222   
   20.25403     52.11286   
   20.25345     52.11505   
   20.25292     52.11636   
   20.25268     52.1171    
   20.25235     52.11734   
   20.25155     52.11731   
   20.25151     52.11726   
   20.24683     52.11716   
   20.24082     52.11781   
   20.2305591   52.1178412 
   20.22768     52.11785   
   20.21787     52.11769   
   20.21779     52.11765   
   20.21627     52.11783   
   20.21558     52.11804   
   20.21349     52.11854   
   20.21284     52.11854   
   20.21105     52.11759   
   20.2061      52.11509   
   20.20327     52.11465   
   20.20222     52.11469   
   20.19921     52.11608   
   20.19767     52.11674   
   20.19355     52.11889   
   20.18853     52.12164   
   20.18593     52.12375   
   20.18452     52.12493   
   20.18269     52.127     
   20.18163     52.12828   
   20.1782      52.13215   
   20.177       52.13268   
   20.17246     52.13487   
   20.16952     52.13604   
   20.16857     52.13656   
   20.16485     52.13884   
   20.16361     52.14004   
   20.16158     52.14255   
   20.16166     52.1432    
   20.16294     52.14508   
   20.16304     52.14515   
   20.16306     52.14522   
   20.16434     52.14709   
   20.16434     52.14742   
   20.16383     52.14813   
   20.16356     52.1487    
   20.16297     52.14962   
   20.16231     52.15001   
   20.16127     52.151     
   20.1607      52.15118   
   20.15501     52.15078   
   20.15461     52.15082   
   20.15061     52.15011   
   20.14683     52.14925   
   20.14431     52.14804   
   20.14252     52.14761   
   20.13759     52.14618   
   20.13652     52.14579   
   20.1336      52.1451    
   20.12508     52.14417   
   20.12338     52.14417   
   20.12062     52.14454   
   20.12006     52.14466   
   20.11681     52.14385   
   20.11584     52.14393   
   20.11584     52.1445    
   20.11694     52.14597   
   20.11697     52.1462    
   20.1168      52.14626   
   20.11608     52.14661   
   20.11567     52.14665   
   20.09102     52.15261   
   20.09035     52.15348   
   20.08664     52.15861   
   20.08664     52.1595    
   20.08745     52.16818   
   20.08386     52.17221   
   20.08167     52.17457   
   20.07837     52.17647   
   20.07747     52.17692   
   20.07303     52.17939   
   20.07236     52.18002   
   20.07236     52.1801    
   20.06847     52.18375   
   20.06756     52.18585   
   20.06699     52.18746   
   20.06579     52.18777   
   20.06215     52.18829   
   20.0621      52.18854   
   20.06299     52.19883   
   20.06509     52.20295   
   20.06634     52.20518   
   20.07131     52.21433   
   20.07158     52.21513   
   20.07527     52.22439   
   20.07641     52.22636   
   20.08032     52.23268   
   20.08032     52.23292   
   20.07763     52.23452   
   20.07336     52.23748   
   20.06953     52.23883   
   20.05794     52.2422    
   20.05404     52.24295   
   20.05356     52.24301   
   20.04334     52.24558   
   20.03871     52.24639   
   20.03871     52.24817   
   20.03824     52.24859   
   20.03774     52.2489    
   20.03967     52.2515    
   20.04026     52.25247   
   20.04155     52.25709   
   20.04163     52.25758   
   20.04146     52.25764   
   20.03798     52.25811   
   20.03734     52.25818   
   20.02687     52.25985   
   20.02493     52.26042   
   20.02282     52.26115   
   20.02112     52.26142   
   20.0186      52.26196   
   20.01771     52.26196   
   20.01737     52.2619393 
   20.01584     52.26172   
   19.99475     52.26172   
   19.98851     52.26228   
   19.98745     52.26225   
   19.98665     52.26232   
   19.98275     52.2633    
   19.96514     52.26835   
   19.9650627   52.2684144 
   19.96494     52.26861   
   19.96487     52.26925   
   19.9642      52.27049   
   19.96379     52.27114   
   19.96278     52.2724    
   19.96087     52.27398   
   19.95881     52.2759    
   19.95843     52.27665   
   19.95801     52.27964   
   19.95837     52.28077   
   19.95996     52.28491   
   19.95988     52.28524   
   19.95915     52.2852    
   19.95404     52.28305   
   19.95347     52.28305   
   19.94173     52.28818   
   19.93952     52.28921   
   19.93889     52.29068   
   19.9382      52.29244   
   19.93672     52.29594   
   19.93666     52.29738   
   19.93644     52.29935   
   19.93563     52.29943   
   19.9293      52.29849   
   19.92395     52.29813   
   19.91916     52.29813   
   19.91851     52.29829   
   19.91535     52.29883   
   19.91186     52.29958   
   19.90886     52.30138   
   19.90383     52.30306   
   19.90189     52.30373   
   19.90181     52.30389   
   19.90248     52.30737   
   19.90254     52.30819   
   19.90237     52.30834   
   19.90149     52.30847   
   19.89476     52.30902   
   19.89443     52.30916   
   19.89467     52.31014   
   19.89444     52.31024   
   19.89191     52.31091   
   19.89126     52.31099   
   19.88988     52.30933   
   19.88801     52.30946   
   19.8877      52.30952   
   19.88559     52.30955   
   19.88512     52.30936   
   19.876       52.30359   
   19.86919     52.29912   
   19.86241     52.29203   
   19.86142     52.29083   
   19.86168     52.29061   
   19.86677     52.28937   
   19.87066     52.29006   
   19.87172     52.29002   
   19.87247     52.29033   
   19.87569     52.28957   
   19.87682     52.28942   
   19.87716     52.28923   
   19.87745     52.28903   
   19.8775      52.28799   
   19.87741     52.28766   
   19.87422     52.28502   
   19.87011     52.28359   
   19.87003     52.28351   
   19.86644     52.28215   
   19.8657      52.28153   
   19.86442     52.28005   
   19.86246     52.27885   
   19.86075     52.27763   
   19.85996     52.27742   
   19.85873     52.27723   
   19.85249     52.27526   
   19.84949     52.2755    
   19.84788     52.27524   
   19.84746     52.27511   
   19.84594     52.27435   
   19.84577     52.27419   
   19.84503     52.2738    
   19.84412     52.27275   
   19.84315     52.27172   
   19.84049     52.27145   
   19.83911     52.27145   
   19.83644     52.27317   
   19.83108     52.27412   
   19.83068     52.27412   
   19.82866     52.27479   
   19.82856     52.27484   
   19.82709     52.27582   
   19.82656     52.27697   
   19.82453     52.2795    
   19.82419     52.27996   
   19.82201     52.28177   
   19.82029     52.28207   
   19.81795     52.28314   
   19.81608     52.28361   
   19.81396     52.28266   
   19.80561     52.27903   
   19.80513     52.27899   
   19.80479     52.2792    
   19.80391     52.27935   
   19.80132     52.27948   
   19.78973     52.27975   
   19.78915     52.2794    
   19.78998     52.27836   
   19.79012     52.2781    
   19.79018     52.27808   
   19.79037     52.27753   
   19.78996     52.27672   
   19.79004     52.27656   
   19.78939     52.27591   
   19.79223     52.27372   
   19.79135     52.27297   
   19.7902      52.27258   
   19.78955     52.27303   
   19.78629     52.27123   
   19.7846      52.2701    
   19.78438     52.27003   
   19.77992     52.26786   
   19.7794      52.26749   
   19.77805     52.26688   
   19.77203     52.26442   
   19.76564     52.26234   
   19.76376     52.26228   
   19.76092     52.26275   
   19.76076     52.26282   
   19.75955     52.26301   
   19.75509     52.26249   
   19.75022     52.26169   
   19.74649     52.26066   
   19.74265     52.26088   
   19.74169     52.26077   
   19.74065     52.26047   
   19.73831     52.25967   
   19.73757     52.25927   
   19.73594     52.25863   
   19.72972     52.26506   
   19.72784     52.26676   
   19.72071     52.26993   
   19.71233     52.27272   
   19.71186     52.27286   
   19.7048      52.27534   
   19.70017     52.278     
   19.69936     52.27834   
   19.69581     52.27338   
   19.69509     52.27257   
   19.68985     52.26733   
   19.68436     52.26309   
   19.68442     52.26299   
   19.6873      52.26141   
   19.68736     52.26131   
   19.68744     52.26131   
   19.68817     52.26082   
   19.68815     52.26068   
   19.68728     52.26017   
   19.6872      52.26017   
   19.68556     52.25946   
   19.67657     52.25725   
   19.67309     52.25661   
   19.66676     52.25563   
   19.66668     52.25567   
   19.66425     52.25554   
   19.66019     52.25454   
   19.65742     52.25435   
   19.65305     52.25397   
   19.64786     52.25393   
   19.63983     52.25536   
   19.63627     52.25597   
   19.63441     52.25634   
   19.63413     52.25669   
   19.63401     52.25782   
   19.63385     52.25887   
   19.63304     52.2596    
   19.63285     52.2604    
   19.6327      52.26063   
   19.63215     52.26122   
   19.63215     52.26155   
   19.63223     52.26203   
   19.63207     52.2622    
   19.62794     52.2632    
   19.62663     52.26346   
   19.62467     52.26404   
   19.6242      52.2643    
   19.62446     52.26477   
   19.6341      52.27444   
   19.6341      52.27477   
   19.63124     52.27759   
   19.63069     52.27789   
   19.62501     52.27761   
   19.6196      52.27702   
   19.61869     52.27677   
   19.61796     52.27663   
   19.61414     52.27663   
   19.61382     52.27679   
   19.61374     52.27679   
   19.61366     52.27704   
   19.61574     52.28621   
   19.61625     52.28815   
   19.6161564   52.2882483 
   19.61583     52.28846   
   19.6131      52.28922   
   19.61        52.28965   
   19.60684     52.28993   
   19.6045      52.28949   
   19.60287     52.28925   
   19.60011     52.2892    
   19.59168     52.28933   
   19.57862     52.28973   
   19.57853     52.28976   
   19.57833     52.29002   
   19.57826     52.29033   
   19.57725     52.29165   
   19.57715     52.2917    
   19.55897     52.29332   
   19.55705     52.29346   
   19.54781     52.29441   
   19.54747     52.29456   
   19.548       52.29545   
   19.54676     52.2966    
   19.54624     52.29697   
   19.54308     52.29866   
   19.54066     52.29983   
   19.53663     52.30188   
   19.53628     52.3021    
   19.53662     52.30274   
   19.53683     52.30301   
   19.53734     52.30421   
   19.53636     52.30478   
   19.5349      52.30502   
   19.53456     52.3048    
   19.52412     52.30441   
   19.5199      52.30429   
   19.51925     52.30445   
   19.51684     52.30512   
   19.51452     52.30849   
   19.51349     52.31005   
   19.51258     52.31084   
   19.50864     52.31266   
   19.50553     52.31514   
   19.50318     52.31612   
   19.5001      52.31715   
   19.49961     52.31724   
   19.49491     52.31895   
   19.49192     52.32035   
   19.49484     52.32335   
   19.49944     52.3288    
   19.50009     52.32969   
   19.50149     52.33227   
   19.5017261   52.3331502 
   19.4988      52.33427   
   19.49557     52.33522   
   19.48185     52.33864   
   19.47764     52.33949   
   19.468       52.34179   
   19.46694     52.34211   
   19.4662      52.34237   
   19.46375     52.34271   
   19.46265     52.3434    
   19.45938     52.34629   
   19.45645     52.34863   
   19.45536     52.34965   
   19.45503     52.35038   
   19.45462     52.35078   
   19.45402     52.35112   
   19.44828     52.35239   
   19.44802     52.35216   
   19.44757     52.35084   
   19.44457     52.34572   
   19.44391     52.34482   
   19.44251     52.34397   
   19.43886     52.34161   
   19.43879     52.34152   
   19.43902     52.34102   
   19.43923     52.34039   
   19.4392      52.34006   
   19.43888     52.33988   
   19.4332      52.33934   
   19.43262     52.33902   
   19.4314      52.33845   
   19.42809     52.338     
   19.42638     52.33758   
   19.42589     52.33754   
   19.42435     52.338     
   19.42013     52.3388    
   19.41032     52.33929   
   19.40853     52.33936   
   19.40774     52.33915   
   19.40738     52.33915   
   19.40718     52.3395    
   19.40622     52.34428   
   19.40596     52.34494   
   19.40592     52.34499   
   19.39726     52.34399   
   19.38932     52.34387   
   19.3808      52.34359   
   19.38025     52.34336   
   19.37674     52.34071   
   19.37633     52.34076   
   19.37228     52.3414    
   19.37098     52.34148   
   19.3602      52.34148   
   19.35801     52.34156   
   19.35063     52.34622   
   19.35045     52.34644   
   19.34941     52.34708   
   19.34836     52.34728   
   19.33879     52.34809   
   19.33626     52.34754   
   19.3361      52.34745   
   19.33441     52.34703   
   19.33432     52.3471    
   19.33303     52.34914   
   19.33213     52.34935   
   19.33118     52.34945   
   19.32297     52.34857   
   19.32265     52.34874   
   19.32265     52.34882   
   19.32413     52.35099   
   19.32635     52.35418   
   19.32865     52.36074   
   19.32782     52.36218   
   19.32364     52.36862   
   19.3233      52.36887   
   19.32183     52.36877   
   19.31923     52.37021   
   19.31792     52.3707    
   19.31543     52.37153   
   19.31162     52.37108   
   19.30935     52.37037   
   19.30884     52.37009   
   19.30464     52.36869   
   19.30285     52.36857   
   19.2962      52.36874   
   19.29533     52.36887   
   19.29494     52.36934   
   19.29476     52.37056   
   19.29337     52.37136   
   19.29206     52.37192   
   19.29077     52.37274   
   19.2912      52.37345   
   19.2932      52.37647   
   19.2932      52.37688   
   19.29247     52.37753   
   19.29281     52.37783   
   19.29378     52.37822   
   19.29442     52.37826   
   19.2997      52.38026   
   19.30124     52.38066   
   19.30651     52.38142   
   19.30754     52.38132   
   19.30812     52.38144   
   19.30855     52.38173   
   19.30857     52.38216   
   19.30833     52.38523   
   19.3081      52.38636   
   19.3079      52.38711   
   19.30764     52.3873    
   19.30114     52.38757   
   19.30106     52.38766   
   19.30162     52.38987   
   19.30188     52.39124   
   19.30002     52.39152   
   19.29856     52.3916    
   19.2902      52.39258   
   19.289       52.39289   
   19.28868     52.39279   
   19.28859     52.39273   
   19.28794     52.39273   
   19.28747     52.39292   
   19.28453     52.39326   
   19.283       52.39341   
   19.28251     52.39362   
   19.28235     52.39354   
   19.27992     52.39398   
   19.27983     52.39403   
   19.27894     52.39395   
   19.27813     52.39411   
   19.27805     52.39403   
   19.27643     52.39411   
   19.27586     52.39395   
   19.27578     52.39403   
   19.27326     52.39403   
   19.27318     52.39398   
   19.2727      52.39391   
   19.27075     52.39305   
   19.27033     52.39258   
   19.26848     52.38981   
   19.268       52.38939   
   19.26781     52.38927   
   19.26484     52.38849   
   19.26442     52.38835   
   19.26426     52.38843   
   19.26409     52.38829   
   19.26232     52.38784   
   19.26175     52.38754   
   19.26179     52.38723   
   19.26189     52.38704   
   19.26361     52.38454   
   19.26361     52.38429   
   19.26313     52.38381   
   19.26305     52.38379   
   19.25403     52.37798   
   19.25154     52.37641   
   19.25097     52.376     
   19.24878     52.37502   
   19.2461      52.37405   
   19.24229     52.37226   
   19.24173     52.37215   
   19.24138     52.37198   
   19.24016     52.37125   
   19.2362      52.36945   
   19.23599     52.36882   
   19.23585     52.36858   
   19.23409     52.36661   
   19.23409     52.36653   
END

END
