Relation 130969

1
   15.9645      53.0425    
   15.966       53.045     
   15.9737      53.0521    
   15.973       53.0555    
   15.9725      53.056     
   15.972       53.0565    
   15.9725      53.057     
   15.973       53.0565    
   15.9735      53.056     
   15.97695     53.0566    
   15.984       53.0555    
   15.9855      53.0545    
   15.986       53.054     
   15.986       53.055     
   15.989       53.0565    
   15.9885      53.057     
   15.987       53.0575    
   15.98537     53.06162   
   15.9856      53.06195   
   15.9845      53.065     
   15.985       53.065     
   15.986       53.0685    
   15.989       53.071     
   15.9935      53.0735    
   15.994       53.079     
   15.9935      53.079     
   15.9915      53.081     
   15.9935      53.0815    
   15.99662     53.08487   
   15.9975      53.087     
   15.9945      53.0895    
   15.993       53.0915    
   15.9865      53.0935    
   15.9855      53.0925    
   15.984       53.0935    
   15.985       53.096     
   15.98408     53.09662   
   15.98        53.0975    
   15.9822084   53.0997085 
   15.9835      53.102     
   15.982       53.103     
   15.9805      53.1025    
   15.98        53.102     
   15.9785      53.1035    
   15.9845      53.114     
   15.9815      53.117     
   15.97919     53.11296   
   15.979       53.111     
   15.92198     53.11828   
   15.918       53.1185    
   15.91455     53.1206    
   15.91395     53.1209    
   15.9115      53.124     
   15.90354     53.12281   
   15.879       53.119     
   15.875       53.121     
   15.87055     53.11985   
   15.86695     53.11865   
   15.85205     53.11685   
   15.8485      53.1155    
   15.8595      53.0945    
   15.85654     53.09331   
   15.84058     53.08988   
   15.83755     53.08835   
   15.82246     53.08669   
   15.81996     53.08619   
   15.8115      53.084     
   15.812       53.083     
   15.81095     53.08215   
   15.8095      53.0815    
   15.8125      53.0805    
   15.8135      53.081     
   15.8169      53.07395   
   15.821       53.066     
   15.7925      53.0595    
   15.79        53.0595    
   15.7834      53.0613    
   15.78187     53.06112   
   15.78155     53.0609    
   15.78        53.06      
   15.78        53.059     
   15.7795      53.0585    
   15.7805      53.0585    
   15.78297     53.0583    
   15.7975      53.0535    
   15.7985      53.054     
   15.803       53.0515    
   15.804       53.0505    
   15.803       53.048     
   15.80505     53.0471    
   15.809       53.0455    
   15.808       53.0445    
   15.8045      53.0435    
   15.78996     53.04368   
   15.78854     53.04332   
   15.7845      53.04      
   15.783       53.038     
   15.78104     53.03781   
   15.7786      53.03345   
   15.778       53.0315    
   15.77409     53.02838   
   15.762       53.0265    
   15.763       53.0255    
   15.76538     53.0224    
   15.77395     53.01885   
   15.77555     53.0181    
   15.7765      53.0175    
   15.776       53.0165    
   15.777       53.0155    
   15.7745      53.0145    
   15.775       53.0135    
   15.7755      53.013     
   15.77515     53.01245   
   15.774       53.01      
   15.7725      53.009     
   15.77175     53.0055    
   15.77165     53.00345   
   15.7685      52.9995    
   15.76704     52.99932   
   15.7645      52.9995    
   15.76388     53.00037   
   15.758       52.995     
   15.7515      52.994     
   15.75095     52.9944    
   15.748       52.9965    
   15.7465      52.995     
   15.7465      52.9935    
   15.74445     52.99215   
   15.74296     52.99168   
   15.729       52.9895    
   15.729       52.988     
   15.726       52.986     
   15.72205     52.9871    
   15.719       52.9895    
   15.71595     52.9894    
   15.71391     52.99088   
   15.7074      52.9952    
   15.705       52.996     
   15.696       52.9935    
   15.6955      52.994     
   15.6936      52.99695   
   15.694       52.998     
   15.69059     52.99738   
   15.688       52.996     
   15.68746     52.99632   
   15.678       52.998     
   15.672       52.998     
   15.6695      52.996     
   15.669       52.9935    
   15.6695      52.9925    
   15.669       52.992     
   15.63205     52.9769    
   15.63        52.976     
   15.62658     52.97812   
   15.6245      52.9795    
   15.62154     52.97882   
   15.615       52.9765    
   15.6145      52.9765    
   15.61081     52.97796   
   15.6065      52.9815    
   15.60246     52.98068   
   15.59554     52.97882   
   15.58992     52.98038   
   15.58695     52.98185   
   15.576       52.984     
   15.57295     52.98685   
   15.565       52.9955    
   15.5609      53.00345   
   15.5551      53.00955   
   15.555       53.0115    
   15.54704     53.01368   
   15.5455      53.014     
   15.54442     53.01312   
   15.5395      53.0095    
   15.54        53.009     
   15.53845     53.0081    
   15.529       53.0055    
   15.526       53.0065    
   15.52305     53.00385   
   15.5015      53.0       
   15.5004      53.0007    
   15.475       52.994     
   15.46655     52.9899    
   15.464       52.9885    
   15.4525      52.9875    
   15.44795     52.9894    
   15.445       52.9905    
   15.42755     52.98585   
   15.4175      52.983     
   15.415       52.986     
   15.41438     52.98511   
   15.41012     52.97992   
   15.4105      52.979     
   15.41155     52.97865   
   15.414       52.9775    
   15.4135      52.9765    
   15.39704     52.97282   
   15.39403     52.9723    
   15.38842     52.97012   
   15.388       52.97      
   15.3865      52.969     
   15.38569     52.96646   
   15.386       52.964     
   15.387       52.9635    
   15.387       52.9615    
   15.38345     52.96015   
   15.37355     52.9534    
   15.3719      52.95205   
   15.3715      52.949     
   15.36895     52.9471    
   15.3665      52.9465    
   15.366       52.946     
   15.365       52.9465    
   15.366       52.947     
   15.366       52.9475    
   15.365       52.9485    
   15.362       52.948     
   15.36185     52.94705   
   15.3615      52.946     
   15.362       52.9455    
   15.3635      52.9445    
   15.3615      52.944     
   15.341       52.9405    
   15.33746     52.94182   
   15.3355      52.9425    
   15.3375      52.9445    
   15.335       52.947     
   15.32754     52.94968   
   15.32496     52.95031   
   15.3125      52.954     
   15.309       52.953     
   15.30254     52.95418   
   15.286       52.9585    
   15.2855      52.9585    
   15.282       52.956     
   15.282       52.948     
   15.28762     52.9391    
   15.291       52.934     
   15.30058     52.92762   
   15.30195     52.9269    
   15.3124      52.91588   
   15.3146      52.91412   
   15.3205      52.9085    
   15.32        52.908     
   15.319       52.9075    
   15.3188      52.90503   
   15.32112     52.90159   
   15.32263     52.89963   
   15.3226      52.89845   
   15.31958     52.89588   
   15.21196     52.86718   
   15.1955      52.863     
   15.18955     52.86135   
   15.16815     52.8557    
   15.1665      52.8545    
   15.163       52.8545    
   15.1609309   52.8564304 
   15.1605      52.856     
   15.1595      52.854     
   15.10646     52.83968   
   15.071       52.831     
   15.0685      52.8325    
   15.0691      52.83755   
   15.069       52.838     
   15.058       52.843     
   15.05195     52.8454    
   15.043       52.8535    
   15.03785     52.86045   
   15.037       52.8625    
   15.032       52.8615    
   15.02915     52.85795   
   15.029       52.857     
   15.01854     52.85732   
   15.01795     52.85715   
   15.013       52.8565    
   15.013       52.8555    
   15.015       52.8535    
   15.015       52.85      
   14.99104     52.84382   
   14.9905      52.8435    
   14.98712     52.8471    
   14.9825      52.8495    
   14.982       52.849     
   14.979       52.853     
   14.9795      52.8545    
   14.98        52.8545    
   14.98        52.86      
   14.97824     52.8634    
   14.9775      52.8655    
   14.96805     52.8701    
   14.9675      52.8705    
   14.9625      52.8675    
   14.95404     52.86918   
   14.946       52.87      
   14.9525      52.874     
   14.9515      52.875     
   14.94646     52.87768   
   14.94504     52.87732   
   14.94155     52.8776    
   14.93595     52.8799    
   14.924       52.883     
   14.91904     52.88182   
   14.912       52.8805    
   14.911       52.877     
   14.903       52.878     
   14.9015      52.876     
   14.89795     52.8736    
   14.8975      52.8735    
   14.8941      52.86745   
   14.894       52.867     
   14.8931      52.86505   
   14.8935      52.8645    
   14.893       52.8635    
   14.89325     52.863     
   14.8905      52.861     
   14.89438     52.85687   
   14.90255     52.85485   
   14.906       52.856     
   14.91        52.8555    
   14.9125      52.853     
   14.912       52.8525    
   14.91395     52.8504    
   14.91646     52.84981   
   14.919       52.848     
   14.919       52.8445    
   14.918       52.8435    
   14.9155      52.8425    
   14.9165      52.8415    
   14.91445     52.8406    
   14.90062     52.83637   
   14.8996      52.83445   
   14.8985      52.8335    
   14.8955      52.8335    
   14.8945      52.836     
   14.895       52.8365    
   14.8945      52.8405    
   14.888       52.847     
   14.87448     52.84677   
   14.868       52.8475    
   14.8665      52.847     
   14.866       52.84      
   14.87208     52.83462   
   14.873       52.834     
   14.86395     52.8301    
   14.854       52.825     
   14.8545      52.8245    
   14.847       52.8085    
   14.849       52.8065    
   14.861       52.801     
   14.8625      52.7995    
   14.86038     52.79559   
   14.8589      52.79355   
   14.85755     52.7919    
   14.8555      52.7915    
   14.8545      52.7885    
   14.8549      52.78745   
   14.8554      52.78605   
   14.8549      52.78505   
   14.849       52.7805    
   14.84881     52.77854   
   14.847       52.7755    
   14.83605     52.7734    
   14.83355     52.77235   
   14.82945     52.7709    
   14.8215      52.7725    
   14.81438     52.77112   
   14.8115      52.769     
   14.811       52.7685    
   14.8115      52.768     
   14.813       52.7645    
   14.811       52.763     
   14.808       52.7635    
   14.809       52.7625    
   14.80492     52.76062   
   14.801       52.7575    
   14.795       52.7575    
   14.7935      52.758     
   14.7925      52.757     
   14.80087     52.74537   
   14.8025      52.7425    
   14.80105     52.74185   
   14.7985      52.741     
   14.79912     52.73908   
   14.8         52.7375    
   14.79855     52.73685   
   14.79796     52.73669   
   14.7955      52.736     
   14.795       52.735     
   14.79683     52.73009   
   14.7975      52.724     
   14.79562     52.71787   
   14.7954      52.71755   
   14.7925      52.7085    
   14.793       52.708     
   14.792       52.7075    
   14.7908      52.69997   
   14.79087     52.69712   
   14.777       52.6815    
   14.7645      52.673     
   14.7655      52.672     
   14.76538     52.67162   
   14.7555      52.672     
   14.75        52.6665    
   14.7496061   52.6635859 
   14.7475      52.648     
   14.7405      52.646     
   14.74238     52.64292   
   14.7425      52.6415    
   14.7315      52.642     
   14.7316      52.64155   
   14.732       52.6405    
   14.729       52.6375    
   14.72605     52.63685   
   14.725       52.636     
   14.7265      52.6345    
   14.72345     52.6331    
   14.723       52.633     
   14.7215      52.631     
   14.7145      52.633     
   14.6985      52.633     
   14.698       52.634     
   14.6895      52.634     
   14.689       52.636     
   14.67951     52.63673   
   14.6695      52.638     
   14.6575      52.6435    
   14.659       52.645     
   14.66046     52.64518   
   14.6635      52.6465    
   14.663       52.648     
   14.65945     52.6494    
   14.654       52.651     
   14.653       52.65      
   14.65095     52.65035   
   14.6475      52.6515    
   14.6495      52.653     
   14.64145     52.65785   
   14.63995     52.6584    
   14.63298     52.65972   
   14.6285      52.6595    
   14.628       52.6555    
   14.61145     52.64665   
   14.60995     52.6461    
   14.5875      52.635     
   14.59758     52.62912   
   14.606       52.623     
   14.606       52.6215    
   14.60175     52.6147    
   14.5973456   52.6098794 
   14.5980918   52.609255  
   14.5988507   52.6080041 
   14.5999996   52.6067073 
   14.6004265   52.6062263 
   14.6013204   52.6056504 
   14.6028752   52.6051655 
   14.60384     52.6046815 
   14.6056478   52.6022288 
   14.6074646   52.5999971 
   14.6086565   52.5985323 
   14.6094984   52.5966595 
   14.6098414   52.5937518 
   14.6104704   52.5912951 
   14.6112333   52.5897773 
   14.6123662   52.5879955 
   14.6130451   52.5872486 
   14.613866    52.5863477 
   14.6149139   52.5852798 
   14.6188894   52.5829761 
   14.6208941   52.5819533 
   14.6265513   52.5795536 
   14.628468    52.5788557 
   14.6286201   52.5788003 
   14.6322435   52.5774789 
   14.6346142   52.576674  
   14.635803    52.5761401 
   14.6369169   52.5754682 
   14.6381867   52.5743923 
   14.6390136   52.5733174 
   14.6395476   52.5719246 
   14.6397066   52.5709827 
   14.6397196   52.5701738 
   14.6395116   52.5691859 
   14.6392247   52.568465  
   14.6387908   52.5677891 
   14.6380639   52.5670221 
   14.637479    52.5665272 
   14.6366032   52.5659432 
   14.6345525   52.5648143 
   14.6245211   52.5602368 
   14.6228974   52.5594958 
   14.6207758   52.5583599 
   14.6186521   52.557181  
   14.6169024   52.5558222 
   14.6153787   52.5540644 
   14.6149598   52.5523135 
   14.614577    52.548159  
   14.6145763   52.548151  
   14.614512    52.5474611 
   14.6142371   52.5460682 
   14.6136653   52.5447224 
   14.6129444   52.5436385 
   14.6114237   52.5417467 
   14.6088771   52.5394459 
   14.6074874   52.538542  
   14.6063256   52.5374131 
   14.6048849   52.5350744 
   14.604178    52.5331406 
   14.6038381   52.5310308 
   14.6042351   52.529063  
   14.605448    52.5266023 
   14.6069338   52.5245846 
   14.6085997   52.5223178 
   14.6104905   52.5188353 
   14.6109715   52.5161076 
   14.6110795   52.5136888 
   14.6113185   52.512259  
   14.6122974   52.5107862 
   14.6135663   52.5094973 
   14.6150531   52.5084745 
   14.6170548   52.5073686 
   14.6191975   52.5067537 
   14.6205993   52.5064487 
   14.6231059   52.5061058 
   14.6240678   52.5059528 
   14.6250306   52.5055979 
   14.6270304   52.504751  
   14.6287371   52.5039081 
   14.629926    52.5031952 
   14.6310428   52.5023523 
   14.6323097   52.5012805 
   14.6333685   52.4999986 
   14.6335815   52.4997086 
   14.6343364   52.4986708 
   14.6350644   52.4974119 
   14.6353494   52.4959741 
   14.6352684   52.4947612 
   14.6351154   52.4938143 
   14.6348175   52.4930974 
   14.6339257   52.4914836 
   14.632222    52.4892408 
   14.6283757   52.4855142 
   14.6263101   52.4838164 
   14.6242424   52.4822945 
   14.6229876   52.4814856 
   14.6212959   52.4808146 
   14.6184234   52.4798337 
   14.6161407   52.4789378 
   14.6142981   52.4779529 
   14.6128203   52.476832  
   14.6120804   52.4758021 
   14.6115086   52.4729634 
   14.6111768   52.4698888 
   14.6110228   52.468108  
   14.610479    52.4661122 
   14.6096101   52.4647243 
   14.6077145   52.4633005 
   14.6051369   52.4618856 
   14.6028363   52.4608447 
   14.6009966   52.4598218 
   14.5999918   52.4590708 
   14.598571    52.457499  
   14.5970383   52.4557742 
   14.5965854   52.4550763 
   14.5955866   52.4538824 
   14.5939838   52.4525545 
   14.5915692   52.4514216 
   14.5884448   52.4500987 
   14.586677    52.4492328 
   14.5856222   52.4485459 
   14.5844764   52.447535  
   14.5834206   52.4463181 
   14.5817709   52.4441623 
   14.5801942   52.4425835 
   14.5788254   52.4415686 
   14.5775607   52.4409696 
   14.5763738   52.4405697 
   14.5744661   52.4401797 
   14.5718645   52.4399817 
   14.568545    52.4401536 
   14.5673332   52.4402186 
   14.5637758   52.4399096 
   14.5594594   52.4390887 
   14.5575368   52.4384177 
   14.5554611   52.4374638 
   14.5516667   52.435267  
   14.5481154   52.4323373 
   14.5467986   52.4308185 
   14.5457478   52.4293046 
   14.544769    52.4276338 
   14.5442241   52.4263519 
   14.5439612   52.425505  
   14.5438742   52.4240892 
   14.5439172   52.4230633 
   14.5442052   52.4216105 
   14.5449462   52.4196567 
   14.546403    52.41733   
   14.546688    52.4162731 
   14.546862    52.4158271 
   14.5468471   52.4140383 
   14.5465301   52.4126915 
   14.5459003   52.4112117 
   14.5430378   52.408293  
   14.541865    52.4072901 
   14.5393744   52.4051613 
   14.5378187   52.4037844 
   14.5365109   52.4021476 
   14.5355281   52.4007287 
   14.5348983   52.3994739 
   14.5343504   52.397715  
   14.5341205   52.3961392 
   14.5342595   52.3950943 
   14.5346465   52.3940605 
   14.5352504   52.3929766 
   14.5356293   52.3924334 
   14.5360743   52.3919627 
   14.5367292   52.3911308 
   14.538548    52.389246  
   14.5411597   52.3865604 
   14.5419136   52.3857365 
   14.5443853   52.3835547 
   14.5472369   52.3809571 
   14.5482298   52.3799692 
   14.5497796   52.3779284 
   14.5504555   52.3771195 
   14.5514734   52.3750098 
   14.5521824   52.37327   
   14.5526484   52.3714202 
   14.5527924   52.3685895 
   14.5525815   52.3654849 
   14.5523746   52.3635161 
   14.5529406   52.3614823 
   14.5531176   52.3598805 
   14.5529907   52.3584656 
   14.5527089   52.3562697 
   14.5526274   52.3550197 
   14.5525779   52.354452  
   14.5525519   52.3541091 
   14.5526414   52.3534805 
   14.553217    52.3522211 
   14.5538708   52.3508321 
   14.5557688   52.3482644 
   14.5560097   52.3479142 
   14.5563625   52.347135  
   14.5586872   52.3449732 
   14.5598466   52.3435762 
   14.5606239   52.342625  
   14.5615747   52.3408113 
   14.5627806   52.3373226 
   14.5628968   52.3361625 
   14.5628509   52.3346314 
   14.5623855   52.3329663 
   14.5616624   52.3309681 
   14.5612846   52.3299996 
   14.5616883   52.3283457 
   14.5627751   52.3268263 
   14.5640259   52.3261094 
   14.5662581   52.3251667 
   14.5694047   52.3246464 
   14.5718624   52.3240304 
   14.5740284   52.3227674 
   14.5758984   52.3213366 
   14.576616    52.3202368 
   14.577546    52.3185337 
   14.57805     52.3175485 
   14.5780648   52.3163869 
   14.5782323   52.3154114 
   14.5783177   52.3150701 
   14.5784877   52.3142378 
   14.5787817   52.313398  
   14.5790006   52.3126192 
   14.5792755   52.3119443 
   14.5807648   52.3108083 
   14.5813107   52.3104493 
   14.5827856   52.3091565 
   14.5842444   52.3074477 
   14.5848443   52.3065318 
   14.5850503   52.3060519 
   14.5850773   52.3057119 
   14.5851823   52.304915  
   14.5849914   52.3039001 
   14.5845555   52.3029122 
   14.5836106   52.3018783 
   14.5806704   52.2992363 
   14.5765862   52.2971008 
   14.5744792   52.2939439 
   14.5744773   52.2920175 
   14.5757455   52.2891766 
   14.5762957   52.2882457 
   14.5783184   52.2868317 
   14.5807205   52.2859591 
   14.5875716   52.2834564 
   14.5897773   52.2792189 
   14.5919141   52.2753664 
   14.592943    52.2744275 
   14.5949197   52.2734436 
   14.5967408   52.2725559 
   14.6008868   52.2719718 
   14.6040905   52.2717761 
   14.6131608   52.2713703 
   14.6171511   52.270984  
   14.6213119   52.2702342 
   14.6275561   52.2679442 
   14.6396317   52.2639214 
   14.6441246   52.2630523 
   14.6461813   52.2627014 
   14.6473581   52.2625254 
   14.650438    52.2622407 
   14.6561443   52.2621012 
   14.6606716   52.2617773 
   14.6635213   52.2612525 
   14.6698045   52.2595159 
   14.675422    52.2582722 
   14.6796814   52.2576623 
   14.6865304   52.2566406 
   14.6884177   52.2563652 
   14.6903278   52.255968  
   14.6953919   52.2542415 
   14.6988057   52.2523481 
   14.6999985   52.2513482 
   14.7010984   52.2504253 
   14.7026502   52.2483961 
   14.7052252   52.2437259 
   14.7070416   52.2423731 
   14.7146027   52.236891  
   14.7154156   52.2360361 
   14.7158809   52.2342151 
   14.7156992   52.2320589 
   14.7135112   52.2284259 
   14.7130694   52.2220723 
   14.7127202   52.21986   
   14.7108862   52.2144744 
   14.7072833   52.2088602 
   14.7050088   52.2067448 
   14.6995983   52.2037482 
   14.6906437   52.1994131 
   14.6882788   52.197932  
   14.6865936   52.1964643 
   14.6858141   52.193906  
   14.6859007   52.1922391 
   14.6869066   52.1907313 
   14.6879381   52.1892951 
   14.688711    52.1887001 
   14.6903788   52.1876923 
   14.6950051   52.1851936 
   14.6975068   52.1835458 
   14.6992576   52.182173  
   14.6997905   52.181581  
   14.6999985   52.1814101 
   14.7009024   52.1806582 
   14.7017103   52.1796173 
   14.7028631   52.1784994 
   14.704131    52.1762747 
   14.704755    52.1747649 
   14.7054009   52.173197  
   14.7055049   52.1717194 
   14.7055672   52.1689142 
   14.7046982   52.1665978 
   14.7044782   52.1662498 
   14.7035524   52.164793  
   14.7028275   52.16416   
   14.701957    52.1630913 
   14.7009326   52.1621521 
   14.7002701   52.1614308 
   14.6988655   52.1602508 
   14.6974374   52.158806  
   14.6959438   52.1574647 
   14.6941617   52.1558624 
   14.6897726   52.1526138 
   14.6869898   52.1507562 
   14.6856436   52.1496062 
   14.6833622   52.1476747 
   14.6827414   52.147088  
   14.6819552   52.1463451 
   14.6810449   52.1454816 
   14.6804177   52.1441222 
   14.680016    52.1433834 
   14.6796064   52.1421177 
   14.6794487   52.1402495 
   14.6801367   52.1379147 
   14.6809756   52.135492  
   14.6812766   52.1348631 
   14.6815906   52.1332913 
   14.6819146   52.1309565 
   14.6820596   52.1305596 
   14.6820936   52.1304606 
   14.6824956   52.1293547 
   14.6835735   52.127283  
   14.6839984   52.1263031 
   14.6841094   52.1256432 
   14.6841205   52.1247233 
   14.6839905   52.1230484 
   14.6835676   52.1221825 
   14.6823438   52.1205387 
   14.6818759   52.1194898 
   14.681715    52.1189519 
   14.681583    52.1185129 
   14.6814421   52.1172431 
   14.6818121   52.1156403 
   14.682477    52.1139654 
   14.6831929   52.1124206 
   14.6849027   52.1102309 
   14.6874394   52.1076412 
   14.6902121   52.1051805 
   14.690674    52.1048336 
   14.6928887   52.1030058 
   14.6971392   52.0999962 
   14.6980481   52.0993513 
   14.6998438   52.0983214 
   14.6999988   52.0982454 
   14.7002558   52.0981084 
   14.7023125   52.0973145 
   14.7033383   52.0969596 
   14.70559     52.0966356 
   14.7094065   52.0963607 
   14.7114791   52.0961398 
   14.7150386   52.0956938 
   14.7178912   52.0952359 
   14.7208928   52.094625  
   14.7221416   52.0942131 
   14.7242653   52.0935232 
   14.7279338   52.0920124 
   14.7308814   52.0907076 
   14.7346469   52.0888268 
   14.7386563   52.0865801 
   14.7395252   52.0861532 
   14.741175    52.0851873 
   14.7421069   52.0845274 
   14.7431558   52.0834445 
   14.7436657   52.0830786 
   14.7447615   52.0823877 
   14.7458624   52.0814918 
   14.7470413   52.0800109 
   14.7480012   52.0785731 
   14.7486671   52.0770473 
   14.749926    52.0748006 
   14.7511089   52.0728698 
   14.7518448   52.0717939 
   14.7536025   52.070944  
   14.7552456   52.0703487 
   14.7557823   52.0697466 
   14.7563004   52.0691295 
   14.7573191   52.068516  
   14.758357    52.0673466 
   14.7589083   52.0663459 
   14.7591183   52.0651954 
   14.7588133   52.0639306 
   14.7581685   52.0623916 
   14.7573926   52.060803  
   14.7564822   52.0600558 
   14.7554244   52.0594415 
   14.7491433   52.0568501 
   14.7475736   52.0560994 
   14.746311    52.0553145 
   14.7455944   52.0543931 
   14.7453555   52.0535741 
   14.7458467   52.0526079 
   14.7464492   52.0517583 
   14.7468725   52.0506683 
   14.7468398   52.0496198 
   14.7465727   52.0486022 
   14.7461671   52.0477942 
   14.7458937   52.0470946 
   14.7458055   52.0465306 
   14.7461931   52.046014  
   14.7483363   52.0449632 
   14.749271    52.0444046 
   14.7495778   52.0439188 
   14.7498883   52.0423816 
   14.7498883   52.0415843 
   14.7496208   52.0408543 
   14.7479395   52.0380966 
   14.7475427   52.0373101 
   14.7474959   52.0366059 
   14.7480319   52.0341132 
   14.7483874   52.0328009 
   14.7484382   52.0322306 
   14.748214    52.0317752 
   14.7477906   52.0312931 
   14.7467748   52.030801  
   14.745759    52.0305817 
   14.7426226   52.0300354 
   14.7417464   52.029801  
   14.7410292   52.0294761 
   14.7400957   52.0287697 
   14.7399179   52.0280275 
   14.7402466   52.0271178 
   14.741467    52.0248711 
   14.741593    52.0242638 
   14.7414924   52.0236209 
   14.7410734   52.0229646 
   14.7400735   52.0222922 
   14.7371624   52.0209955 
   14.7343893   52.019585  
   14.7320198   52.0171196 
   14.7314865   52.0165179 
   14.7309358   52.0162348 
   14.7291246   52.0151737 
   14.7277533   52.0145954 
   14.7265569   52.0138645 
   14.7261787   52.0131574 
   14.7260663   52.0124535 
   14.7258657   52.0096218 
   14.7257216   52.0089369 
   14.7254703   52.0084128 
   14.7244899   52.0077098 
   14.7234242   52.0071223 
   14.7220033   52.0066157 
   14.7207581   52.006285  
   14.7176956   52.0058807 
   14.7160691   52.0055325 
   14.7151113   52.0051112 
   14.7142605   52.0043293 
   14.7139748   52.0035199 
   14.7140908   52.0026594 
   14.7148204   52.001922  
   14.7165671   52.0012415 
   14.7172425   52.0010257 
   14.7179962   52.0005346 
   14.7196961   51.9988366 
   14.7207974   51.9969608 
   14.7214436   51.9958585 
   14.7216172   51.9945948 
   14.7213742   51.9938912 
   14.7200214   51.9910057 
   14.7184653   51.9894933 
   14.7176258   51.9888548 
   14.7168821   51.9873118 
   14.7166571   51.9862925 
   14.7168338   51.9850511 
   14.7169805   51.9838607 
   14.7165985   51.982867  
   14.7158021   51.9820509 
   14.7138419   51.9806796 
   14.7128302   51.980117  
   14.7113857   51.9795889 
   14.7096913   51.9796713 
   14.7082353   51.9797376 
   14.7074783   51.979743  
   14.7068336   51.9794864 
   14.706191    51.9790182 
   14.7053553   51.978006  
   14.7051111   51.9775801 
   14.7050563   51.9774896 
   14.7048378   51.9768614 
   14.7048134   51.9760977 
   14.7049415   51.9757576 
   14.7052448   51.9753961 
   14.7069605   51.9735046 
   14.7070651   51.9731255 
   14.7067515   51.9719273 
   14.7068042   51.9701116 
   14.7073655   51.9687435 
   14.7073058   51.9667893 
   14.7073375   51.965609  
   14.7078922   51.9646462 
   14.7088856   51.9632976 
   14.7100504   51.9619227 
   14.7116514   51.9602566 
   14.713383    51.9576168 
   14.713809    51.9570742 
   14.7144703   51.9566641 
   14.7154183   51.9563884 
   14.7165543   51.9562746 
   14.7177275   51.956134  
   14.7186901   51.9555497 
   14.7194428   51.9548291 
   14.7209457   51.952854  
   14.7213059   51.9520838 
   14.7212769   51.9517841 
   14.7212604   51.9516136 
   14.720913    51.9507172 
   14.7194911   51.9473357 
   14.7190315   51.9457879 
   14.7190586   51.9448597 
   14.7194815   51.9435523 
   14.7195823   51.9426881 
   14.719305    51.9419412 
   14.7188027   51.9413133 
   14.71754     51.9403176 
   14.7163638   51.9397135 
   14.7151762   51.93902   
   14.7145461   51.9382453 
   14.7136156   51.9373413 
   14.7122231   51.9365813 
   14.7112182   51.9362928 
   14.7098943   51.9361277 
   14.7083594   51.9361349 
   14.7075839   51.9360467 
   14.706875    51.9356807 
   14.7064691   51.9352371 
   14.7055822   51.933701  
   14.7049901   51.9327085 
   14.7040995   51.9320589 
   14.703681    51.9316293 
   14.7033502   51.931146  
   14.7034048   51.930545  
   14.7055226   51.9239093 
   14.7054834   51.9234298 
   14.7050287   51.9227725 
   14.7024929   51.9213706 
   14.7021932   51.9210162 
   14.7015391   51.9194193 
   14.700487    51.916465  
   14.7000866   51.9150313 
   14.6996381   51.9141352 
   14.6986158   51.9131321 
   14.6970018   51.9119372 
   14.6954185   51.9113842 
   14.6940606   51.9108878 
   14.6934749   51.9104573 
   14.6924043   51.9093575 
   14.6913985   51.908367  
   14.6910782   51.9077346 
   14.6911335   51.9071381 
   14.6915588   51.9063616 
   14.6925203   51.9056266 
   14.6936783   51.9047785 
   14.6943301   51.9036671 
   14.6943925   51.9023818 
   14.6942893   51.9020269 
   14.6937418   51.9014371 
   14.693094    51.9010321 
   14.6872759   51.8993122 
   14.6854755   51.8986482 
   14.6839093   51.8975363 
   14.6830829   51.896753  
   14.6814838   51.8955527 
   14.6806961   51.895132  
   14.680068    51.8949959 
   14.6791938   51.8949258 
   14.6771794   51.8949828 
   14.6757451   51.8948542 
   14.6745601   51.8945112 
   14.6738341   51.8940604 
   14.6734577   51.8935567 
   14.6735328   51.8929997 
   14.6750887   51.8909268 
   14.6751783   51.8904276 
   14.6750506   51.8899344 
   14.6745947   51.889664  
   14.6739751   51.8895365 
   14.6729048   51.8895253 
   14.6703845   51.8897776 
   14.6686339   51.8901367 
   14.6664527   51.8907145 
   14.6651815   51.8908973 
   14.6641796   51.8908512 
   14.6634709   51.8906515 
   14.6627492   51.8903489 
   14.6623287   51.8898968 
   14.6621319   51.8893169 
   14.6623246   51.8885383 
   14.6622405   51.8878135 
   14.6618171   51.8869926 
   14.661039    51.8864723 
   14.659986    51.8861362 
   14.6583072   51.8858528 
   14.6569594   51.8853689 
   14.6556477   51.8848248 
   14.6548388   51.8841169 
   14.6544979   51.8833146 
   14.6540753   51.8825566 
   14.6539992   51.8818359 
   14.6540647   51.8807395 
   14.6538778   51.8799477 
   14.6529437   51.8793988 
   14.6523824   51.8783461 
   14.6524025   51.8761946 
   14.6527199   51.8751355 
   14.6526529   51.8745449 
   14.6524237   51.874052  
   14.6517211   51.873609  
   14.650365    51.8732874 
   14.648764    51.8729821 
   14.6472262   51.8726018 
   14.6464201   51.8720287 
   14.6457795   51.8713847 
   14.6452668   51.8695018 
   14.6450089   51.8686639 
   14.6446184   51.8679269 
   14.6439717   51.8671752 
   14.6432449   51.8667692 
   14.6420347   51.8664495 
   14.6403166   51.8660778 
   14.6395975   51.8660224 
   14.6364732   51.8659116 
   14.6353288   51.8657102 
   14.6345383   51.8653747 
   14.633789    51.8646729 
   14.6328982   51.863537  
   14.6311609   51.8621987 
   14.6265787   51.8593773 
   14.6250505   51.8584294 
   14.6234438   51.8578991 
   14.6224086   51.8576968 
   14.6203961   51.8575818 
   14.6139263   51.8577297 
   14.6121061   51.8576414 
   14.6111992   51.8572439 
   14.6105204   51.8565194 
   14.6103877   51.8555731 
   14.6098572   51.8546987 
   14.6081562   51.8537588 
   14.6072864   51.8530175 
   14.6071083   51.8523467 
   14.6073319   51.8517512 
   14.6079988   51.8512154 
   14.6096894   51.8503247 
   14.6114287   51.8483114 
   14.6124267   51.8470535 
   14.612644    51.8462332 
   14.6123786   51.8455036 
   14.6120412   51.8451284 
   14.6113773   51.8448137 
   14.6106369   51.8447592 
   14.6100404   51.8448102 
   14.6091652   51.845131  
   14.6088227   51.8455883 
   14.6087574   51.8461133 
   14.6087515   51.846532  
   14.6086373   51.8470728 
   14.6081743   51.8476708 
   14.6073618   51.8480291 
   14.6063404   51.8482264 
   14.60553     51.8482516 
   14.6044317   51.8480657 
   14.6036605   51.8476482 
   14.6032637   51.8470868 
   14.6032718   51.8463935 
   14.6039323   51.8452237 
   14.6050804   51.8435942 
   14.6058915   51.8428176 
   14.6060723   51.8421116 
   14.6058542   51.8412943 
   14.6051846   51.84035   
   14.6046085   51.8399231 
   14.6037192   51.8395472 
   14.6028217   51.8394552 
   14.6020042   51.8395392 
   14.6010284   51.8397523 
   14.5990905   51.841163  
   14.5979621   51.8419007 
   14.5970014   51.8422345 
   14.5965487   51.8422741 
   14.5960898   51.8422178 
   14.5952284   51.8417028 
   14.5938575   51.840432  
   14.5919163   51.8393639 
   14.5913103   51.8390464 
   14.5908099   51.8388183 
   14.5902145   51.8383518 
   14.5901306   51.8377934 
   14.5905382   51.8372746 
   14.5915172   51.8366206 
   14.5920048   51.8362779 
   14.592138    51.8357722 
   14.5920153   51.8352517 
   14.5912955   51.8344267 
   14.5909872   51.8338745 
   14.5909467   51.8334311 
   14.591106    51.833077  
   14.5925946   51.8315574 
   14.5930055   51.8310654 
   14.593137    51.8306047 
   14.5931631   51.8301716 
   14.5929915   51.8296669 
   14.5926688   51.8293494 
   14.5909064   51.8281962 
   14.5901612   51.8276334 
   14.5897142   51.8270159 
   14.5895998   51.826387  
   14.5897436   51.8257323 
   14.5906741   51.8241628 
   14.5908506   51.823538  
   14.5908034   51.8230994 
   14.5901216   51.8213503 
   14.5902248   51.8206031 
   14.590781    51.8199962 
   14.5918019   51.8194481 
   14.5934539   51.8190139 
   14.5950759   51.8185721 
   14.5961867   51.8181636 
   14.5969671   51.8175505 
   14.597608    51.8166336 
   14.599032    51.8149505 
   14.6001341   51.8137731 
   14.6006429   51.81302   
   14.6008403   51.8120388 
   14.6008299   51.8106131 
   14.6007203   51.8095566 
   14.6009494   51.8088888 
   14.6014588   51.8083741 
   14.6023444   51.8077919 
   14.6034369   51.8069479 
   14.60393     51.806011  
   14.6046045   51.8052499 
   14.6058618   51.8045645 
   14.6067467   51.8039778 
   14.6075413   51.8035978 
   14.6081788   51.8034729 
   14.6089591   51.803503  
   14.6104364   51.8037697 
   14.6125087   51.8040934 
   14.6135131   51.8040588 
   14.6141539   51.8038437 
   14.6144596   51.8035591 
   14.6152791   51.8024491 
   14.6158177   51.8020544 
   14.6165989   51.8018595 
   14.6173691   51.8018091 
   14.6188974   51.8019023 
   14.6197264   51.801858  
   14.620355    51.8016614 
   14.6212174   51.8010712 
   14.6224273   51.8005318 
   14.6234154   51.8003674 
   14.6243349   51.8004673 
   14.6252195   51.8006363 
   14.6267286   51.8010407 
   14.6288976   51.8015575 
   14.6301812   51.8017253 
   14.6316638   51.801627  
   14.6327551   51.8014171 
   14.6336255   51.8011818 
   14.634504    51.8007212 
   14.6348897   51.8002078 
   14.6352021   51.7991085 
   14.635482    51.7982132 
   14.6360391   51.7976781 
   14.6369371   51.7973739 
   14.6383123   51.7971728 
   14.6404406   51.7970749 
   14.6425958   51.7968452 
   14.6439402   51.7963981 
   14.6456047   51.7954361 
   14.646214    51.7946824 
   14.6464095   51.7939261 
   14.6462227   51.7926664 
   14.6462559   51.7917155 
   14.648038    51.7892632 
   14.6486856   51.7876573 
   14.6492488   51.7869418 
   14.6500513   51.7863992 
   14.6522965   51.7853866 
   14.6532918   51.7847043 
   14.653801    51.7839059 
   14.6537273   51.7827397 
   14.6530215   51.7808706 
   14.6527332   51.7801332 
   14.6526914   51.7796268 
   14.6536455   51.778501  
   14.6546446   51.7766937 
   14.6550425   51.774083  
   14.6550216   51.7725859 
   14.6546034   51.7713328 
   14.6543624   51.7702782 
   14.6544145   51.7694793 
   14.6547574   51.7683965 
   14.6547487   51.7676906 
   14.6544129   51.7670949 
   14.6537624   51.7665909 
   14.6524009   51.7658276 
   14.6522182   51.7657251 
   14.6513374   51.7650028 
   14.6506958   51.7640484 
   14.650307    51.7630864 
   14.6503459   51.7622387 
   14.6507971   51.7613261 
   14.651437    51.7607432 
   14.6517752   51.7605681 
   14.6530697   51.7601952 
   14.6545229   51.7598731 
   14.659437    51.7592265 
   14.6605051   51.7590714 
   14.6619337   51.7587279 
   14.6628627   51.7582736 
   14.6634685   51.7578439 
   14.6639738   51.7573651 
   14.6641711   51.7569731 
   14.6640357   51.7565298 
   14.6636968   51.7560243 
   14.6631051   51.7555265 
   14.6622492   51.7551179 
   14.6610531   51.7548293 
   14.6600916   51.7546193 
   14.658565    51.7542386 
   14.6576569   51.7537021 
   14.6571983   51.7531664 
   14.6570579   51.7522779 
   14.6573994   51.7515325 
   14.6592042   51.7500282 
   14.6597976   51.7495001 
   14.6599604   51.7490648 
   14.6597925   51.7478987 
   14.6589332   51.7457851 
   14.6585682   51.7447815 
   14.65769     51.7437306 
   14.6563462   51.7422029 
   14.6561686   51.7415951 
   14.6563462   51.7409296 
   14.6569343   51.7402444 
   14.6581355   51.739363  
   14.6599434   51.7384659 
   14.6609099   51.7377938 
   14.6619255   51.7369934 
   14.6622469   51.736204  
   14.6645196   51.7321395 
   14.6653003   51.7309132 
   14.6653922   51.7307205 
   14.6653241   51.7300625 
   14.6655815   51.7294102 
   14.6663526   51.728789  
   14.6669109   51.7283301 
   14.6673876   51.7277986 
   14.667743    51.7269941 
   14.6680609   51.7258899 
   14.6696096   51.7254146 
   14.6705166   51.7250225 
   14.6725683   51.7245155 
   14.6751879   51.7239162 
   14.6764308   51.723487  
   14.677263    51.7230193 
   14.6781449   51.7221397 
   14.6794093   51.7184251 
   14.6806531   51.717141  
   14.6828882   51.7152735 
   14.6855796   51.7135232 
   14.6870995   51.7125361 
   14.6877583   51.7119012 
   14.6881117   51.7108537 
   14.6889802   51.7095833 
   14.6901133   51.7088039 
   14.690612    51.7084512 
   14.6917073   51.7079481 
   14.695523    51.7069077 
   14.7011515   51.7049692 
   14.7044672   51.7027246 
   14.7072076   51.7010299 
   14.7170648   51.6958969 
   14.719157    51.6941211 
   14.7210831   51.6928077 
   14.7235034   51.6911102 
   14.7279302   51.6889096 
   14.7290138   51.6884922 
   14.7300907   51.6882505 
   14.7310138   51.6882233 
   14.7320832   51.6884364 
   14.7337631   51.6888401 
   14.7348321   51.6889362 
   14.7355642   51.6888869 
   14.7362272   51.6886924 
   14.7375248   51.6876795 
   14.738374    51.6868415 
   14.7393773   51.6841378 
   14.7394791   51.6833995 
   14.7392531   51.6828166 
   14.7389352   51.6823643 
   14.7376972   51.6816196 
   14.7371743   51.6810918 
   14.7368309   51.6804383 
   14.7368077   51.679913  
   14.7370864   51.6793145 
   14.7378004   51.6784381 
   14.7388152   51.677709  
   14.7400723   51.6773504 
   14.7415205   51.677014  
   14.7438267   51.6766534 
   14.7447632   51.6765625 
   14.7454536   51.6765286 
   14.7460061   51.676434  
   14.746864    51.6761804 
   14.7473321   51.67582   
   14.7475472   51.675463  
   14.7477463   51.6745804 
   14.7480281   51.6736082 
   14.748234    51.6732921 
   14.7485448   51.6719226 
   14.7488487   51.6711248 
   14.7493163   51.6704765 
   14.750088    51.6699436 
   14.751314    51.669456  
   14.7522306   51.668925  
   14.7528035   51.668366  
   14.7529709   51.6678044 
   14.7527774   51.667193  
   14.7527881   51.6669607 
   14.7527929   51.6669262 
   14.7528085   51.6668149 
   14.7528428   51.6665689 
   14.7527833   51.6656449 
   14.7529442   51.6648047 
   14.7533345   51.6640611 
   14.7539327   51.6634738 
   14.7564207   51.6623302 
   14.7573728   51.6617389 
   14.7577192   51.6612765 
   14.7578123   51.6605295 
   14.7575413   51.6597645 
   14.7559215   51.6577205 
   14.7551851   51.6561955 
   14.7547524   51.6554654 
   14.7538898   51.6548824 
   14.7515101   51.6535731 
   14.7510644   51.6529111 
   14.7508945   51.6521996 
   14.7512149   51.651419  
   14.7543707   51.6476451 
   14.7558598   51.646249  
   14.7556737   51.6442015 
   14.7539053   51.6415025 
   14.7550222   51.6388965 
   14.7545568   51.6367559 
   14.7546499   51.6354529 
   14.756139    51.6337776 
   14.7559529   51.631544  
   14.7539984   51.6293103 
   14.75344     51.6281934 
   14.7542776   51.626332  
   14.7566044   51.6252152 
   14.7583727   51.6230746 
   14.7595179   51.6225516 
   14.762582    51.620274  
   14.7630779   51.6196381 
   14.7640911   51.6171796 
   14.7639704   51.6164263 
   14.7635766   51.6152156 
   14.7642132   51.6140588 
   14.7660975   51.611627  
   14.765446    51.6098587 
   14.7652599   51.6075319 
   14.7626539   51.6055774 
   14.7624678   51.6039022 
   14.7613509   51.6027853 
   14.7569766   51.6007378 
   14.7535331   51.5995279 
   14.7531476   51.5966691 
   14.7522549   51.5957678 
   14.7509442   51.595021  
   14.7497234   51.5947202 
   14.7488396   51.5945863 
   14.7474661   51.5946118 
   14.7463953   51.5945513 
   14.7459173   51.5944964 
   14.7454694   51.5943432 
   14.7449527   51.5939081 
   14.744778    51.5938603 
   14.7442889   51.5937266 
   14.7426693   51.5932373 
   14.7417795   51.5928813 
   14.7406249   51.5917638 
   14.7397841   51.5909006 
   14.7399677   51.5901977 
   14.737525    51.5885456 
   14.7337091   51.5869634 
   14.7301176   51.5837273 
   14.7298296   51.5815857 
   14.7296141   51.5793317 
   14.7267289   51.5747713 
   14.7237507   51.5731891 
   14.7200279   51.5705831 
   14.7180734   51.5678841 
   14.7154674   51.5652781 
   14.7130476   51.5641613 
   14.7113723   51.5630445 
   14.7116516   51.5614623 
   14.7154674   51.5571811 
   14.7163981   51.5551335 
   14.717162    51.554671  
   14.7179989   51.5543796 
   14.719769    51.5543328 
   14.7211359   51.5545442 
   14.721879    51.5545007 
   14.7225733   51.5543046 
   14.7244021   51.5535513 
   14.7250252   51.5531209 
   14.7256735   51.5523036 
   14.7263844   51.551755  
   14.7282179   51.5509081 
   14.7289612   51.5504794 
   14.7293655   51.5502462 
   14.729517    51.5500116 
   14.7296234   51.5498467 
   14.7297178   51.5495275 
   14.7296336   51.5489919 
   14.7294555   51.5478932 
   14.7296336   51.5472399 
   14.7301035   51.5466544 
   14.7307958   51.5457751 
   14.7311863   51.5451013 
   14.7312485   51.5442045 
   14.7309189   51.5438285 
   14.7292884   51.5428526 
   14.7290852   51.5427337 
   14.7267564   51.540475  
   14.7264849   51.5395549 
   14.7264677   51.538957  
   14.7265364   51.5383378 
   14.7269484   51.5378039 
   14.7271667   51.5376339 
   14.728913    51.5360685 
   14.7290855   51.5357645 
   14.7284042   51.5324244 
   14.7294279   51.5310284 
   14.7330577   51.5297254 
   14.7342676   51.5287947 
   14.7351052   51.5263749 
   14.7360359   51.5257234 
   14.7378477   51.525364  
   14.7398005   51.5252732 
   14.7421785   51.5254442 
   14.7435746   51.5250719 
   14.7457152   51.5237689 
   14.750457    51.5220269 
   14.7514242   51.5218345 
   14.7525427   51.5217217 
   14.7543551   51.5219861 
   14.7593631   51.52349   
   14.7613501   51.5231892 
   14.7621886   51.522559  
   14.762747    51.5205115 
   14.7637776   51.5195808 
   14.7652599   51.5189293 
   14.7673002   51.5190565 
   14.769247    51.5189185 
   14.7720542   51.5188661 
   14.7728968   51.5189434 
   14.7732294   51.5189075 
   14.7736185   51.5188334 
   14.7742804   51.5185405 
   14.7746599   51.5182778 
   14.7757306   51.5179223 
   14.7763559   51.5177706 
   14.777102    51.5176594 
   14.7778327   51.5176409 
   14.7793311   51.5177427 
   14.7809991   51.5180879 
   14.7820123   51.5183646 
   14.782804    51.518535  
   14.7834249   51.5185294 
   14.7838651   51.5184128 
   14.7875967   51.517161  
   14.7899234   51.5173471 
   14.7929017   51.5181847 
   14.7967175   51.5178124 
   14.7981136   51.515951  
   14.7993235   51.5151134 
   14.8008023   51.5148738 
   14.8023855   51.5150248 
   14.803404    51.5149765 
   14.8043493   51.5148342 
   14.80528     51.5143689 
   14.8068678   51.5125875 
   14.8079503   51.5107251 
   14.8085323   51.5103151 
   14.8098368   51.509864  
   14.8102832   51.5096217 
   14.8111734   51.506644  
   14.8113408   51.506358  
   14.8115937   51.506158  
   14.8119673   51.506009  
   14.8128106   51.505924  
   14.8133917   51.505907  
   14.8140244   51.5060388 
   14.8147657   51.5063197 
   14.8160236   51.5068346 
   14.8172199   51.5074217 
   14.8176643   51.5076175 
   14.8181794   51.5077354 
   14.8186897   51.5077536 
   14.8192229   51.5076813 
   14.8197493   51.5075664 
   14.8202163   51.5073966 
   14.8211371   51.506592  
   14.8217934   51.5062091 
   14.82248     51.5059213 
   14.8241792   51.5051921 
   14.8247389   51.5050826 
   14.8262711   51.504941  
   14.8270777   51.504941  
   14.8277087   51.5049433 
   14.8284792   51.5048262 
   14.830829    51.5042412 
   14.8318973   51.5039879 
   14.8323416   51.5038347 
   14.8326425   51.5036658 
   14.8334802   51.502549  
   14.8336747   51.5022006 
   14.8338251   51.5017879 
   14.8341643   51.5002137 
   14.8347821   51.4995281 
   14.8349804   51.4994218 
   14.8352485   51.4993846 
   14.8369219   51.4993537 
   14.8372773   51.4992728 
   14.8375068   51.4991771 
   14.8380635   51.4989068 
   14.8383802   51.4986747 
   14.8385899   51.4983493 
   14.8389112   51.4972045 
   14.8391043   51.496641  
   14.8394171   51.4963278 
   14.8397315   51.4960937 
   14.8401917   51.4957547 
   14.8411858   51.4954337 
   14.8421037   51.4952595 
   14.8436965   51.4950722 
   14.8443036   51.4948273 
   14.8455647   51.4937168 
   14.8467555   51.4927991 
   14.8476137   51.492361  
   14.8494426   51.4912414 
   14.8499927   51.4907649 
   14.8505455   51.4902126 
   14.8510318   51.4898454 
   14.851908    51.4894261 
   14.8526588   51.4893219 
   14.8530416   51.4893091 
   14.8533971   51.489333  
   14.8540192   51.4894538 
   14.8558033   51.4899814 
   14.8577068   51.4902229 
   14.8583944   51.4906755 
   14.8591864   51.4908897 
   14.8609169   51.4909053 
   14.8627041   51.4908222 
   14.8647517   51.4905429 
   14.8671715   51.489333  
   14.8688468   51.4877508 
   14.870429    51.4850518 
   14.8720111   51.4846795 
   14.8750825   51.485331  
   14.8778746   51.4860756 
   14.8809459   51.4871924 
   14.883738    51.4876578 
   14.8872746   51.4880301 
   14.8886707   51.4871924 
   14.8910023   51.4846657 
   14.8937895   51.4834696 
   14.8966028   51.4823484 
   14.8979138   51.4820596 
   14.8995599   51.4819805 
   14.9013786   51.4820596 
   14.9030597   51.4822249 
   14.904495    51.4826555 
   14.9058886   51.4837488 
   14.9075639   51.484028  
   14.9112867   51.4835627 
   14.9133342   51.4836558 
   14.9163125   51.4838419 
   14.9189184   51.4829112 
   14.9214313   51.4825389 
   14.9231996   51.4817013 
   14.924968    51.4803983 
   14.9254333   51.47863   
   14.9253392   51.4767302 
   14.9253186   51.4743616 
   14.9258873   51.4735751 
   14.9268294   51.4731389 
   14.9281135   51.473031  
   14.9294353   51.4730458 
   14.9319482   51.473325  
   14.9336235   51.4731389 
   14.9367879   51.4724874 
   14.9397661   51.4723012 
   14.9423721   51.4722082 
   14.9446988   51.4719289 
   14.9467463   51.472022  
   14.9485147   51.4718359 
   14.9493523   51.4709982 
   14.9503761   51.4696953 
   14.9513998   51.4695091 
   14.9520513   51.4689507 
   14.952889    51.4682992 
   14.9535405   51.4664378 
   14.9546573   51.4651348 
   14.9561464   51.4638319 
   14.9567048   51.4629012 
   14.9561813   51.4614456 
   14.9554811   51.4595067 
   14.9560197   51.4583756 
   14.9571508   51.4576216 
   14.9576647   51.4571378 
   14.9578733   51.4562641 
   14.9584434   51.4558442 
   14.9609748   51.4544439 
   14.9629677   51.4529358 
   14.964368    51.4510507 
   14.9653375   51.4496503 
   14.9651221   51.4480884 
   14.9657145   51.4469035 
   14.9673842   51.445557  
   14.9691077   51.444372  
   14.9727702   51.4428101 
   14.9737935   51.4421638 
   14.9742244   51.4407634 
   14.9737973   51.4399341 
   14.9733126   51.438873  
   14.9737935   51.4373164 
   14.9734468   51.4361173 
   14.9719447   51.4344792 
   14.970873    51.4325668 
   14.9703037   51.4321748 
   14.9696463   51.432092  
   14.9688536   51.4321119 
   14.9680732   51.4323437 
   14.966489    51.4335142 
   14.9652594   51.4339602 
   14.9642975   51.4342422 
   14.963421    51.4342607 
   14.9625906   51.4338694 
   14.9613519   51.4330076 
   14.9594926   51.4321348 
   14.9589714   51.4318174 
   14.9587051   51.4312312 
   14.9588204   51.4305839 
   14.9595745   51.4295606 
   14.9607632   51.4286904 
   14.9613976   51.4283009 
   14.9620808   51.4280498 
   14.9644219   51.4277293 
   14.9658222   51.4271369 
   14.9663608   51.4261135 
   14.9658761   51.424767  
   14.9643142   51.4239053 
   14.9641526   51.4229358 
   14.9656607   51.4212661 
   14.9664147   51.4201351 
   14.9671149   51.4171189 
   14.9670674   51.4163239 
   14.9649863   51.412609  
   14.9644273   51.4121635 
   14.9631511   51.4118248 
   14.9601419   51.4113015 
   14.9594807   51.4111282 
   14.9588743   51.4107634 
   14.9586294   51.4104365 
   14.958606    51.4100907 
   14.9587337   51.4097826 
   14.9591292   51.4093698 
   14.9598165   51.4088193 
   14.9603137   51.4086334 
   14.961597    51.4083517 
   14.9621593   51.4082396 
   14.962745    51.4080253 
   14.9631292   51.4078011 
   14.9634322   51.4074164 
   14.9640449   51.4060238 
   14.964877    51.4050245 
   14.9660652   51.4041095 
   14.9678907   51.4027091 
   14.9682506   51.402004  
   14.9686724   51.3997385 
   14.9691175   51.3984717 
   14.9692693   51.3981063 
   14.968891    51.3977214 
   14.9677073   51.3973523 
   14.9660377   51.3976755 
   14.9647833   51.397965  
   14.9637271   51.3978953 
   14.961675    51.3974062 
   14.9583645   51.3958654 
   14.9582155   51.3955775 
   14.9585293   51.3952799 
   14.9603865   51.3951262 
   14.9627526   51.3947136 
   14.9633819   51.3939765 
   14.9639454   51.3931438 
   14.965971    51.3912324 
   14.9661706   51.3908642 
   14.9661642   51.3903893 
   14.9653884   51.3894282 
   14.9649501   51.3884655 
   14.9647309   51.3874333 
   14.9646632   51.3864773 
   14.9673292   51.3831486 
   14.9690795   51.3821688 
   14.9694292   51.3814747 
   14.9686757   51.3806794 
   14.9688013   51.379591  
   14.9696385   51.3789212 
   14.9744525   51.3785026 
   14.976378    51.3767445 
   14.977504    51.3757028 
   14.9785948   51.3752994 
   14.98066     51.3753341 
   14.9815082   51.3751932 
   14.9822097   51.374987  
   14.9835267   51.3741574 
   14.98373     51.3737709 
   14.9836733   51.3733605 
   14.9835362   51.3731026 
   14.9815648   51.371188  
   14.9813154   51.3709332 
   14.9810289   51.3708062 
   14.9795333   51.3706103 
   14.9789009   51.3704378 
   14.9783036   51.3702142 
   14.9774664   51.3692514 
   14.977163    51.3686306 
   14.9777578   51.3678506 
   14.9783036   51.3669072 
   14.9778806   51.3660004 
   14.9767845   51.3652061 
   14.9755      51.3645    
   14.97704     51.36418   
   14.986       51.3635    
   14.9905      51.364     
   14.99598     51.36423   
   15.00903     51.3642    
   15.012       51.3635    
   15.0124      51.36445   
   15.012       51.365     
   15.0125      51.366     
   15.0125      51.369     
   15.009       51.373     
   15.0134      51.38505   
   15.0145      51.388     
   15.0155      51.3925    
   15.0165      51.3935    
   15.019       51.394     
   15.0285      51.3935    
   15.04297     51.39522   
   15.04787     51.39562   
   15.07105     51.3974    
   15.07295     51.3986    
   15.08287     51.40812   
   15.0828315   51.4092    
   15.0827438   51.4116614 
   15.0826522   51.4142298 
   15.0825      51.4185    
   15.083       51.4195    
   15.08338     51.41962   
   15.0845      51.421     
   15.0845      51.4225    
   15.0855      51.4225    
   15.0859      51.42505   
   15.08629     51.42565   
   15.087       51.4265    
   15.08783     51.42721   
   15.08995     51.4286    
   15.0925      51.43      
   15.0932036   51.4289446 
   15.0955      51.4255    
   15.107       51.428     
   15.1075      51.4285    
   15.12246     51.43469   
   15.123       51.435     
   15.1264      51.43562   
   15.1291      51.43788   
   15.15062     51.44288   
   15.1521      51.44495   
   15.16995     51.4546    
   15.17608     51.45838   
   15.18505     51.4629    
   15.1856356   51.4631573 
   15.18656     51.46359   
   15.193       51.4635    
   15.19596     51.46282   
   15.1964633   51.4622507 
   15.1986872   51.4618729 
   15.2026571   51.4630315 
   15.2027708   51.4612452 
   15.2033346   51.4596392 
   15.2024767   51.4574687 
   15.2024895   51.4573315 
   15.2030054   51.4518031 
   15.2020057   51.4512034 
   15.2         51.45      
   15.2006388   51.4477869 
   15.20112     51.44612   
   15.20604     51.44518   
   15.21903     51.44478   
   15.2290449   51.4451623 
   15.2369844   51.4461953 
   15.24546     51.44718   
   15.2505      51.449     
   15.25545     51.4454    
   15.261       51.444     
   15.26762     51.44163   
   15.27005     51.43915   
   15.272       51.438     
   15.2715      51.436     
   15.272       51.435     
   15.276       51.4295    
   15.277       51.4295    
   15.2775      51.4295    
   15.2812663   51.4299913 
   15.289       51.431     
   15.2905      51.4245    
   15.29695     51.4209    
   15.30203     51.41972   
   15.315       51.418     
   15.318       51.415     
   15.3215      51.4085    
   15.3275      51.408     
   15.333       51.4105    
   15.3309      51.41238   
   15.3245      51.4185    
   15.3285      51.4225    
   15.32815     51.42455   
   15.3275      51.426     
   15.3285      51.4305    
   15.329       51.4305    
   15.3425      51.4475    
   15.3335      51.452     
   15.33435     51.45605   
   15.33912     51.47387   
   15.34495     51.47235   
   15.36203     51.4712    
   15.3765      51.47      
   15.3785      51.47      
   15.38187     51.47263   
   15.382       51.473     
   15.38063     51.47362   
   15.37963     51.48037   
   15.38        51.481     
   15.3785      51.4825    
   15.3755      51.4795    
   15.37245     51.4794    
   15.37145     51.4799    
   15.3705      51.4805    
   15.3699      51.48345   
   15.369       51.4865    
   15.37037     51.48812   
   15.3705      51.49      
   15.3665      51.4935    
   15.3675      51.4955    
   15.368       51.4955    
   15.3695      51.5       
   15.3685      51.501     
   15.36965     51.50345   
   15.370662    51.5058401 
   15.372       51.509     
   15.3741      51.5097    
   15.37596     51.50932   
   15.3765      51.509     
   15.3825      51.5125    
   15.38        51.5135    
   15.3805      51.515     
   15.3825      51.5155    
   15.3815      51.5165    
   15.384       51.5185    
   15.385       51.5235    
   15.3845      51.524     
   15.3855      51.528     
   15.3935      51.529     
   15.395       51.5315    
   15.396       51.5315    
   15.4021      51.52555   
   15.405       51.521     
   15.43424     51.52557   
   15.437       51.5275    
   15.44597     51.52629   
   15.45004     51.52632   
   15.45146     51.52668   
   15.4525      51.5265    
   15.452       51.5255    
   15.45492     51.52288   
   15.4575      51.521     
   15.46245     51.5224    
   15.46405     51.52165   
   15.4705      51.5185    
   15.4685      51.5155    
   15.47803     51.51371   
   15.48253     51.5133    
   15.485       51.5135    
   15.4855      51.517     
   15.484       51.5215    
   15.4855      51.523     
   15.48605     51.52265   
   15.487       51.5225    
   15.487       51.5275    
   15.4875      51.528     
   15.55155     51.4936    
   15.592       51.472     
   15.5945      51.4695    
   15.59368     51.46796   
   15.5935      51.4665    
   15.58995     51.4656    
   15.5895      51.4655    
   15.592       51.4625    
   15.58997     51.46171   
   15.587       51.4615    
   15.58662     51.45763   
   15.58687     51.45737   
   15.5865      51.456     
   15.5825      51.456     
   15.58113     51.45362   
   15.583       51.453     
   15.58325     51.452     
   15.5835      51.4505    
   15.59096     51.44931   
   15.5925      51.449     
   15.593       51.451     
   15.594       51.452     
   15.5965      51.452     
   15.5975      51.4485    
   15.5995      51.4465    
   15.60541     51.45162   
   15.60709     51.45288   
   15.6175      51.4605    
   15.618       51.4605    
   15.62315     51.46445   
   15.62327     51.46502   
   15.6235      51.471     
   15.6245      51.472     
   15.62554     51.47168   
   15.62696     51.47132   
   15.634       51.473     
   15.635       51.479     
   15.646       51.4785    
   15.646       51.477     
   15.65346     51.47282   
   15.654       51.4725    
   15.656       51.473     
   15.65691     51.47462   
   15.6605      51.4775    
   15.664       51.4835    
   15.6615      51.4865    
   15.6595      51.488     
   15.6665      51.489     
   15.66727     51.49202   
   15.6675      51.4985    
   15.673       51.4995    
   15.673       51.5055    
   15.6785      51.5065    
   15.67871     51.50947   
   15.6795      51.5125    
   15.7005      51.513     
   15.6998      51.5144    
   15.699       51.5165    
   15.7         51.5175    
   15.7135      51.5175    
   15.7135      51.5225    
   15.7105      51.5235    
   15.7095      51.5245    
   15.7115      51.5255    
   15.7115      51.5275    
   15.7105      51.5285    
   15.712       51.532     
   15.7115      51.533     
   15.713       51.5425    
   15.7115      51.547     
   15.7045      51.5475    
   15.7055      51.5555    
   15.7045      51.556     
   15.704       51.557     
   15.705       51.5565    
   15.70696     51.55632   
   15.72255     51.5526    
   15.723       51.552     
   15.723       51.5515    
   15.724       51.5515    
   15.74146     51.55568   
   15.76903     51.56978   
   15.77247     51.57022   
   15.80951     51.57324   
   15.8235      51.573     
   15.82032     51.58546   
   15.81563     51.60287   
   15.8181      51.60395   
   15.822       51.609     
   15.82182     51.61104   
   15.822       51.6125    
   15.82545     51.6151    
   15.8335      51.622     
   15.83269     51.62504   
   15.8305      51.6375    
   15.832       51.64      
   15.8375      51.6455    
   15.85637     51.65062   
   15.8565      51.651     
   15.855       51.6525    
   15.8555      51.654     
   15.8555      51.658     
   15.85296     51.65982   
   15.85154     51.66018   
   15.8425      51.662     
   15.849       51.6655    
   15.844       51.666     
   15.83809     51.66962   
   15.834       51.6725    
   15.83645     51.67365   
   15.8455      51.676     
   15.8425      51.6805    
   15.84905     51.68335   
   15.8531      51.68495   
   15.8555      51.6895    
   15.867       51.69      
   15.8671      51.69105   
   15.8635      51.6915    
   15.863       51.6925    
   15.8655      51.6935    
   15.86388     51.69942   
   15.8625      51.7015    
   15.86345     51.7021    
   15.865       51.7025    
   15.8655      51.704     
   15.86518     51.70454   
   15.865       51.707     
   15.8665      51.707     
   15.86918     51.71946   
   15.87        51.7215    
   15.8705      51.7215    
   15.8745      51.7195    
   15.87998     51.71973   
   15.88295     51.7206    
   15.88455     51.7214    
   15.88888     51.72658   
   15.891       51.729     
   15.89653     51.73079   
   15.8995      51.731     
   15.913       51.726     
   15.91845     51.7286    
   15.9215      51.73      
   15.9255      51.7295    
   15.9282      51.7349    
   15.929       51.737     
   15.93        51.738     
   15.93362     51.73763   
   15.94805     51.7356    
   15.95045     51.73435   
   15.95646     51.73582   
   15.95855     51.73515   
   15.9625      51.734     
   15.9635      51.736     
   15.963       51.738     
   15.96095     51.7389    
   15.96        51.74      
   15.961       51.7435    
   15.96555     51.7444    
   15.96695     51.7451    
   15.97004     51.74518   
   15.97245     51.7444    
   15.9795      51.745     
   15.98        51.7455    
   15.97502     51.74622   
   15.974       51.747     
   15.976       51.7485    
   15.97465     51.75255   
   15.9685      51.768     
   15.976       51.7685    
   15.98        51.774     
   15.98445     51.7719    
   15.9885      51.7695    
   16.00154     51.77232   
   16.00546     51.77319   
   16.0085      51.775     
   16.0086      51.77545   
   16.009       51.776     
   16.0055      51.7795    
   16.0         51.778     
   15.99245     51.7791    
   15.9825      51.7785    
   15.9814      51.7793    
   15.97396     51.78232   
   15.9725      51.7825    
   15.97188     51.78388   
   15.968       51.788     
   15.968       51.7885    
   15.966       51.7925    
   15.968       51.795     
   15.9715      51.7945    
   15.97841     51.79762   
   15.98        51.799     
   15.9815      51.7985    
   15.982       51.7985    
   15.98287     51.80037   
   15.98        51.8025    
   15.98297     51.8032    
   15.99247     51.8047    
   15.995       51.8045    
   15.9965      51.8015    
   15.99745     51.8021    
   16.00005     51.8034    
   16.0015      51.8035    
   16.0035      51.801     
   16.00704     51.80132   
   16.009       51.8015    
   16.009       51.802     
   16.01        51.802     
   16.014       51.8015    
   16.01954     51.80182   
   16.02798     51.80323   
   16.03        51.8035    
   16.0344      51.79695   
   16.03473     51.79448   
   16.0339      51.78445   
   16.0355      51.782     
   16.03755     51.78165   
   16.03885     51.7813    
   16.0425      51.784     
   16.0525      51.782     
   16.07        51.7825    
   16.071       51.781     
   16.0725      51.781     
   16.0735      51.782     
   16.0745      51.781     
   16.0765      51.7805    
   16.0785      51.7735    
   16.092       51.77      
   16.09163     51.76863   
   16.0995      51.7665    
   16.1005      51.7675    
   16.10454     51.76668   
   16.116       51.764     
   16.1185      51.766     
   16.134       51.765     
   16.13369     51.76346   
   16.133       51.759     
   16.14        51.76      
   16.1405      51.76      
   16.16154     51.75931   
   16.16346     51.75969   
   16.16858     51.76238   
   16.16955     51.7629    
   16.17202     51.76378   
   16.17687     51.76387   
   16.16715     51.73545   
   16.1615      51.72      
   16.1615      51.719     
   16.15812     51.71787   
   16.158       51.7175    
   16.1605      51.716     
   16.16065     51.71445   
   16.16035     51.71355   
   16.16        51.7125    
   16.16242     51.71038   
   16.1655      51.709     
   16.1715      51.7095    
   16.173       51.711     
   16.1735      51.7125    
   16.1835      51.7125    
   16.1845      51.715     
   16.2005      51.7185    
   16.201       51.716     
   16.2025      51.715     
   16.2165      51.7145    
   16.22438     51.7029    
   16.228       51.699     
   16.22445     51.6966    
   16.2235      51.696     
   16.22858     51.69312   
   16.23805     51.68865   
   16.2515      51.6865    
   16.25332     51.68346   
   16.2544      51.68045   
   16.25855     51.67715   
   16.26105     51.6761    
   16.265       51.6735    
   16.2651      51.67305   
   16.268       51.6655    
   16.2705      51.6635    
   16.2705      51.664     
   16.275       51.6725    
   16.27008     51.67562   
   16.268       51.677     
   16.269       51.684     
   16.27145     51.68515   
   16.2875      51.689     
   16.29938     51.69013   
   16.2984      51.69345   
   16.298       51.694     
   16.2985      51.695     
   16.3015      51.695     
   16.30345     51.6986    
   16.31395     51.70215   
   16.3245      51.703     
   16.32504     51.70268   
   16.33454     51.70532   
   16.33596     51.70568   
   16.339       51.707     
   16.339       51.7085    
   16.3435      51.7095    
   16.344       51.709     
   16.3485      51.71      
   16.35        51.7115    
   16.34812     51.71262   
   16.348       51.713     
   16.352       51.717     
   16.354       51.7155    
   16.35558     51.71638   
   16.3585      51.719     
   16.358       51.721     
   16.36345     51.7251    
   16.3665      51.7265    
   16.3665      51.728     
   16.36745     51.7286    
   16.36805     51.7289    
   16.36555     51.7346    
   16.364       51.735     
   16.3615      51.736     
   16.361       51.739     
   16.3621      51.74095   
   16.3635      51.743     
   16.36554     51.74332   
   16.3706      51.74595   
   16.3714      51.74755   
   16.3739      51.75112   
   16.377       51.7525    
   16.3771      51.75355   
   16.37637     51.75487   
   16.3745      51.761     
   16.3765      51.7645    
   16.377       51.7645    
   16.3775      51.766     
   16.376       51.767     
   16.38319     51.77071   
   16.39046     51.76882   
   16.39104     51.76868   
   16.395       51.7675    
   16.3975      51.7705    
   16.40646     51.77269   
   16.4105      51.7785    
   16.4085      51.7805    
   16.4145      51.7825    
   16.4155      51.783     
   16.416       51.7835    
   16.415       51.785     
   16.411       51.7845    
   16.40788     51.78538   
   16.40705     51.7856    
   16.4025      51.788     
   16.4015      51.79      
   16.39758     51.78938   
   16.39455     51.7874    
   16.393       51.787     
   16.389       51.793     
   16.388       51.7935    
   16.388       51.7945    
   16.39005     51.7954    
   16.39045     51.7956    
   16.39289     51.79662   
   16.4         51.8035    
   16.4015      51.8045    
   16.4015      51.812     
   16.3995      51.8155    
   16.3935      51.82      
   16.3935      51.8205    
   16.39862     51.82941   
   16.4         51.8315    
   16.39968     51.83204   
   16.3985      51.8345    
   16.39102     51.83522   
   16.3885      51.8365    
   16.38374     51.8454    
   16.3805      51.8495    
   16.3725      51.8545    
   16.37096     51.85481   
   16.3575      51.8575    
   16.354       51.8615    
   16.33954     51.87018   
   16.33805     51.87065   
   16.3355      51.8715    
   16.3375      51.875     
   16.346       51.875     
   16.351       51.8805    
   16.34897     51.8813    
   16.34653     51.8817    
   16.3185      51.887     
   16.317       51.8865    
   16.3085      51.888     
   16.3075      51.8895    
   16.29        51.897     
   16.2877      51.89969   
   16.285       51.9       
   16.2825      51.9       
   16.281       51.9005    
   16.28        51.9005    
   16.2785      51.9       
   16.2775      51.8995    
   16.2785      51.8985    
   16.275       51.8955    
   16.2705      51.8955    
   16.2685      51.897     
   16.268       51.898     
   16.2665      51.897     
   16.257       51.898     
   16.2555      51.8995    
   16.2545      51.9005    
   16.2535      51.9005    
   16.2535      51.9       
   16.254       51.899     
   16.2535      51.8985    
   16.252       51.899     
   16.251       51.9       
   16.2495      51.9       
   16.2475      51.8995    
   16.24453     51.89971   
   16.24158     51.89938   
   16.24042     51.89862   
   16.2395      51.898     
   16.24        51.8965    
   16.24155     51.89565   
   16.2425      51.8955    
   16.243       51.893     
   16.2425      51.8925    
   16.2435      51.8915    
   16.244       51.891     
   16.2425      51.887     
   16.239       51.8835    
   16.235       51.882     
   16.2295      51.876     
   16.22404     51.87531   
   16.22245     51.8746    
   16.215       51.87      
   16.2005      51.872     
   16.1925      51.88      
   16.192       51.8815    
   16.17201     51.88374   
   16.16455     51.8886    
   16.1615      51.8905    
   16.1615      51.892     
   16.158       51.8935    
   16.158       51.894     
   16.156       51.895     
   16.153       51.8975    
   16.147       51.8975    
   16.14455     51.8959    
   16.14395     51.8956    
   16.1395      51.8945    
   16.13498     51.89577   
   16.13002     51.89623   
   16.10847     51.8962    
   16.1         51.893     
   16.09945     51.8934    
   16.098       51.8965    
   16.0965      51.897     
   16.0971      51.89895   
   16.0975      51.8995    
   16.098       51.901     
   16.098       51.902     
   16.09995     51.9036    
   16.10055     51.9039    
   16.1065      51.907     
   16.10812     51.9089    
   16.1125      51.914     
   16.118       51.9135    
   16.12795     51.9181    
   16.12955     51.9189    
   16.1315      51.9205    
   16.126       51.92      
   16.1255      51.921     
   16.1265      51.922     
   16.13455     51.92285   
   16.1355      51.923     
   16.136       51.925     
   16.1375      51.9265    
   16.136       51.9285    
   16.134       51.9285    
   16.133       51.932     
   16.127       51.932     
   16.126       51.933     
   16.12612     51.93437   
   16.1265      51.9345    
   16.1265      51.935     
   16.13        51.941     
   16.1265      51.941     
   16.1255      51.942     
   16.12695     51.94265   
   16.13        51.944     
   16.12762     51.9471    
   16.124       51.952     
   16.12546     51.95218   
   16.137       51.955     
   16.135       51.9605    
   16.1357      51.9616    
   16.1345      51.9665    
   16.1325      51.967     
   16.13132     51.96996   
   16.131       51.972     
   16.1325      51.9725    
   16.1306      51.97805   
   16.1295      51.979     
   16.128       51.9775    
   16.1275      51.978     
   16.1275      51.9805    
   16.12412     51.98511   
   16.121       51.992     
   16.122       51.993     
   16.11796     51.99431   
   16.1085      51.9965    
   16.113       52.0       
   16.1125      52.0005    
   16.0905      51.989     
   16.0905      51.988     
   16.07405     51.98135   
   16.06145     51.9776    
   16.03152     51.97873   
   16.0095      51.982     
   16.008       51.9835    
   16.009       51.9845    
   16.0066      51.99105   
   16.0025      51.996     
   15.99535     51.99977   
   15.99396     52.00032   
   15.98588     52.00413   
   15.9855      52.0035    
   15.98791     51.99838   
   15.9895      51.997     
   15.989       51.9965    
   15.98362     51.99562   
   15.98365     51.99695   
   15.9835      51.9985    
   15.974       51.999     
   15.973       51.999     
   15.9701      52.00305   
   15.96865     52.00955   
   15.9645      52.0185    
   15.9655      52.027     
   15.966       52.0275    
   15.9665      52.031     
   15.9645      52.0335    
   15.96595     52.03415   
   15.994       52.036     
   15.994       52.0375    
   15.9925      52.038     
   15.989       52.043     
   15.99        52.0455    
   15.9895      52.046     
   15.992       52.0505    
   15.99495     52.0521    
   16.00247     52.05421   
   16.0045      52.0545    
   16.005       52.055     
   16.00388     52.05642   
   16.0025      52.058     
   15.9995      52.06      
   15.99795     52.05965   
   15.9965      52.059     
   15.99145     52.0604    
   15.99105     52.0606    
   15.988       52.0625    
   15.989       52.064     
   15.988       52.0645    
   15.988       52.0675    
   15.986       52.069     
   15.98042     52.07138   
   15.97905     52.0721    
   15.97346     52.07481   
   15.97        52.076     
   15.972       52.0775    
   15.967       52.0825    
   15.94245     52.0879    
   15.9415      52.0885    
   15.932       52.0875    
   15.9325      52.084     
   15.928       52.078     
   15.9265      52.077     
   15.92515     52.06995   
   15.9246      52.06845   
   15.90755     52.0741    
   15.8975      52.0775    
   15.898       52.078     
   15.89158     52.08312   
   15.87813     52.08762   
   15.87146     52.08669   
   15.8645      52.086     
   15.8635      52.087     
   15.8605      52.0865    
   15.85462     52.09309   
   15.83504     52.10818   
   15.833       52.1085    
   15.8335      52.1115    
   15.8355      52.111     
   15.8357525   52.1110633 
   15.85192     52.11512   
   15.855       52.117     
   15.854       52.1175    
   15.854       52.12      
   15.854       52.1215    
   15.8565      52.124     
   15.86119     52.12496   
   15.86561     52.12838   
   15.87203     52.1303    
   15.8745      52.1305    
   15.88212     52.15291   
   15.8835      52.1545    
   15.881       52.1585    
   15.88132     52.15904   
   15.8825      52.163     
   15.8745      52.165     
   15.8725      52.1675    
   15.858       52.169     
   15.85885     52.17405   
   15.8615      52.1775    
   15.86088     52.18187   
   15.8605      52.183     
   15.8601      52.18455   
   15.858       52.188     
   15.85981     52.19104   
   15.8605      52.197     
   15.85888     52.19942   
   15.85221     52.20753   
   15.8512      52.2129    
   15.8505      52.214     
   15.85        52.2145    
   15.85362     52.2194    
   15.8602      52.2281    
   15.85918     52.23104   
   15.8565      52.25      
   15.854       52.2525    
   15.85238     52.25441   
   15.85158     52.25612   
   15.85262     52.2584    
   15.855       52.261     
   15.853       52.262     
   15.8525      52.262     
   15.85488     52.2656    
   15.857       52.268     
   15.858       52.2675    
   15.86008     52.26838   
   15.86812     52.27489   
   15.8715      52.281     
   15.873       52.283     
   15.876       52.2825    
   15.87955     52.2834    
   15.881       52.2845    
   15.8795      52.2875    
   15.88        52.2885    
   15.881       52.2895    
   15.8805      52.2905    
   15.87963     52.29263   
   15.878       52.297     
   15.8835      52.304     
   15.8831      52.30505   
   15.8815      52.3085    
   15.882       52.309     
   15.8855      52.3075    
   15.889       52.3075    
   15.891       52.31      
   15.89045     52.3104    
   15.8895      52.3115    
   15.89        52.312     
   15.8885      52.3185    
   15.8875      52.3185    
   15.8874      52.31955   
   15.8875      52.32      
   15.888       52.321     
   15.882       52.327     
   15.8825      52.3305    
   15.8834      52.33112   
   15.8875      52.3345    
   15.888       52.3365    
   15.88505     52.3391    
   15.882       52.341     
   15.88078     52.34997   
   15.881       52.3535    
   15.89        52.354     
   15.88869     52.36154   
   15.888       52.367     
   15.889       52.3675    
   15.8895      52.368     
   15.8915      52.3735    
   15.8905      52.374     
   15.8938      52.37785   
   15.897       52.3825    
   15.9         52.3825    
   15.90038     52.38342   
   15.89962     52.38458   
   15.89912     52.38841   
   15.9005      52.39      
   15.8965      52.3945    
   15.89213     52.39437   
   15.88803     52.3943    
   15.87796     52.39532   
   15.87455     52.3966    
   15.8695      52.3975    
   15.86755     52.3991    
   15.8605      52.403     
   15.8435      52.4025    
   15.839       52.407     
   15.8375      52.411     
   15.838       52.4115    
   15.839       52.4115    
   15.839       52.4125    
   15.838       52.4125    
   15.8335      52.415     
   15.827       52.4215    
   15.8235      52.423     
   15.8275      52.426     
   15.82555     52.4269    
   15.82405     52.42635   
   15.8225      52.425     
   15.822       52.4245    
   15.817       52.427     
   15.81685     52.42795   
   15.81488     52.43037   
   15.813       52.433     
   15.811       52.4325    
   15.811       52.4345    
   15.8085      52.437     
   15.807       52.4355    
   15.8048      52.44115   
   15.8043333   52.4433962 
   15.804       52.445     
   15.8045      52.4455    
   15.8065      52.4455    
   15.8075      52.4445    
   15.8075      52.443     
   15.80845     52.4424    
   15.8125      52.4415    
   15.8125      52.4425    
   15.81087     52.44288   
   15.809       52.4435    
   15.81202     52.44528   
   15.817       52.446     
   15.818       52.447     
   15.817       52.4475    
   15.8165      52.448     
   15.81745     52.4486    
   15.81905     52.4486    
   15.8205      52.448     
   15.821       52.4485    
   15.82        52.4505    
   15.82013     52.45087   
   15.82397     52.45078   
   15.8265      52.451     
   15.826       52.4545    
   15.831       52.4505    
   15.831       52.4465    
   15.8325      52.4465    
   15.833       52.443     
   15.831       52.4405    
   15.834       52.4385    
   15.83        52.436     
   15.8365      52.433     
   15.84104     52.43269   
   15.84296     52.43231   
   15.8565      52.433     
   15.8565      52.436     
   15.8545      52.4365    
   15.85412     52.43662   
   15.8545      52.438     
   15.856       52.438     
   15.8565      52.439     
   15.858       52.4405    
   15.861       52.4405    
   15.86582     52.43718   
   15.8715      52.435     
   15.8755      52.435     
   15.87662     52.43642   
   15.8775      52.4375    
   15.87638     52.44092   
   15.8755      52.442     
   15.876       52.4435    
   15.88248     52.44373   
   15.89796     52.44769   
   15.899       52.4485    
   15.898       52.4495    
   15.8965      52.4495    
   15.89301     52.45664   
   15.8925      52.4605    
   15.88903     52.46121   
   15.88846     52.46132   
   15.8825      52.465     
   15.8785      52.4645    
   15.87785     52.46595   
   15.8775      52.4665    
   15.8796      52.46855   
   15.8775      52.472     
   15.878       52.4725    
   15.8855      52.465     
   15.8875      52.465     
   15.89113     52.46937   
   15.8909      52.47145   
   15.8905      52.472     
   15.8905      52.4725    
   15.891       52.474     
   15.89        52.4755    
   15.889       52.4755    
   15.88415     52.48405   
   15.8825      52.487     
   15.8835      52.4895    
   15.88209     52.49112   
   15.8785      52.4945    
   15.873       52.4965    
   15.8725      52.497     
   15.869       52.502     
   15.8695      52.5025    
   15.87308     52.50588   
   15.8745      52.5065    
   15.8765      52.509     
   15.877       52.511     
   15.8745      52.512     
   15.865       52.512     
   15.86298     52.51177   
   15.85752     52.51223   
   15.85159     52.51612   
   15.84805     52.5186    
   15.845       52.5205    
   15.845       52.5215    
   15.8445      52.5235    
   15.843       52.525     
   15.83695     52.5274    
   15.8345      52.529     
   15.83695     52.5306    
   15.84655     52.5359    
   15.8505      52.5395    
   15.845       52.542     
   15.8435      52.5445    
   15.844       52.546     
   15.8474      52.54862   
   15.8496      52.55038   
   15.851       52.552     
   15.841       52.558     
   15.8415      52.559     
   15.8425      52.56      
   15.8395      52.56      
   15.83395     52.5654    
   15.82603     52.56721   
   15.8225      52.569     
   15.8235      52.5705    
   15.8225      52.571     
   15.821       52.5735    
   15.82312     52.57587   
   15.829       52.5775    
   15.82938     52.57887   
   15.826       52.5815    
   15.8265      52.583     
   15.82846     52.58319   
   15.83342     52.58512   
   15.836       52.587     
   15.8355      52.5875    
   15.832       52.587     
   15.8315      52.588     
   15.828       52.589     
   15.8185      52.5905    
   15.8185      52.5915    
   15.81055     52.5931    
   15.806       52.596     
   15.8066      52.59995   
   15.806       52.6045    
   15.79695     52.60585   
   15.796       52.606     
   15.7955      52.6075    
   15.796       52.608     
   15.788       52.615     
   15.7885      52.6155    
   15.7881      52.61705   
   15.7879      52.61745   
   15.788       52.622     
   15.7914      52.62124   
   15.7955      52.62      
   15.8         52.62      
   15.8005      52.622     
   15.802       52.623     
   15.803       52.6225    
   15.8035      52.625     
   15.803       52.6255    
   15.80196     52.62519   
   15.798       52.6245    
   15.7935      52.6275    
   15.7939      52.63005   
   15.79432     52.63104   
   15.7955      52.636     
   15.7945      52.637     
   15.77913     52.63712   
   15.779       52.6375    
   15.7796      52.63845   
   15.782       52.6425    
   15.7795      52.6445    
   15.779       52.646     
   15.7805      52.649     
   15.7805      52.6505    
   15.7825      52.6535    
   15.7815      52.6605    
   15.78361     52.66492   
   15.78538     52.66712   
   15.7869      52.6673    
   15.78945     52.6659    
   15.79403     52.66529   
   15.81188     52.66812   
   15.812       52.6685    
   15.81076     52.68049   
   15.80838     52.6839    
   15.80612     52.6866    
   15.79488     52.70242   
   15.7915      52.7085    
   15.81099     52.70974   
   15.82703     52.70921   
   15.83495     52.7079    
   15.8365      52.707     
   15.84102     52.70727   
   15.8635      52.711     
   15.8715      52.7105    
   15.8729      52.7112    
   15.87696     52.71318   
   15.8835      52.715     
   15.90304     52.71482   
   15.91141     52.71762   
   15.91592     52.72112   
   15.92246     52.72418   
   15.925       52.7245    
   15.92512     52.72487   
   15.9435      52.7285    
   15.9455      52.7305    
   15.948       52.7425    
   15.94763     52.74387   
   15.9459      52.75305   
   15.9465      52.755     
   15.9465      52.7555    
   15.947       52.757     
   15.94454     52.75818   
   15.94088     52.7604    
   15.9371      52.7658    
   15.93821     52.76818   
   15.93238     52.77537   
   15.927       52.779     
   15.926       52.784     
   15.938       52.787     
   15.9345      52.7935    
   15.9345      52.801     
   15.9335      52.802     
   15.92446     52.80232   
   15.92304     52.80268   
   15.9115      52.8045    
   15.9115      52.8065    
   15.9025      52.8065    
   15.89858     52.80962   
   15.893       52.813     
   15.8945      52.814     
   15.8965      52.816     
   15.8955      52.82      
   15.8965      52.8205    
   15.897       52.821     
   15.895       52.8255    
   15.90387     52.82662   
   15.9019      52.83245   
   15.9015      52.835     
   15.903       52.8365    
   15.9045      52.8365    
   15.9055      52.8355    
   15.9065      52.836     
   15.906       52.837     
   15.91795     52.84115   
   15.9185      52.8415    
   15.9205      52.8375    
   15.9225      52.8315    
   15.923       52.831     
   15.94105     52.83885   
   15.9515      52.8435    
   15.9465      52.8545    
   15.9525      52.8565    
   15.956       52.8565    
   15.95845     52.85535   
   15.9695      52.854     
   15.968       52.856     
   15.9635      52.8575    
   15.96445     52.8581    
   15.96805     52.85815   
   15.96895     52.85785   
   15.973       52.858     
   15.9745      52.8605    
   15.9734      52.86245   
   15.9726963   52.8633688 
   15.968       52.8695    
   15.96303     52.87022   
   15.962       52.871     
   15.9625      52.8735    
   15.9715      52.873     
   15.972       52.8735    
   15.9755      52.873     
   15.9766      52.87495   
   15.977       52.876     
   15.9795      52.878     
   15.979       52.8795    
   15.98        52.881     
   15.979       52.882     
   15.9775      52.882     
   15.9764      52.88295   
   15.976       52.8845    
   15.9775      52.8855    
   15.978       52.886     
   15.9775      52.887     
   15.976       52.887     
   15.9745      52.8885    
   15.975       52.8895    
   15.975       52.8915    
   15.9725      52.8925    
   15.972       52.893     
   15.974       52.895     
   15.97155     52.8971    
   15.9675      52.8995    
   15.96813     52.90087   
   15.97145     52.90165   
   15.9745      52.9025    
   15.9725      52.9045    
   15.97638     52.90959   
   15.978       52.9105    
   15.979       52.909     
   15.97937     52.91038   
   15.979       52.911     
   15.98        52.914     
   15.979       52.915     
   15.9795      52.9175    
   15.97725     52.921     
   15.9775      52.9215    
   15.9745      52.9275    
   15.972       52.929     
   15.973       52.9305    
   15.978       52.932     
   15.9795      52.9335    
   15.97834     52.93612   
   15.979       52.9375    
   15.9735      52.9415    
   15.9735      52.942     
   15.96712     52.94837   
   15.9695      52.9495    
   15.9664      52.95095   
   15.9655      52.952     
   15.96462     52.95358   
   15.9605      52.957     
   15.9615      52.959     
   15.9595      52.96      
   15.962       52.9635    
   15.9605      52.964     
   15.9595      52.965     
   15.96        52.9655    
   15.959       52.9665    
   15.9595      52.9675    
   15.961       52.9675    
   15.9616      52.97055   
   15.955       52.972     
   15.9535      52.97      
   15.9515      52.9725    
   15.9485      52.972     
   15.9475      52.9715    
   15.9475      52.972     
   15.948       52.9725    
   15.946       52.9735    
   15.95108     52.97463   
   15.956       52.976     
   15.95363     52.97812   
   15.954       52.9805    
   15.9515      52.9815    
   15.9545      52.9825    
   15.95465     52.98355   
   15.9545      52.9845    
   15.95138     52.98537   
   15.951       52.9855    
   15.9555      52.989     
   15.951       52.991     
   15.95162     52.99287   
   15.9535      52.9935    
   15.95        52.996     
   15.9505      52.9965    
   15.9495      52.9985    
   15.95012     52.99938   
   15.9535      53.002     
   15.953       53.007     
   15.9555      53.0085    
   15.9565      53.0115    
   15.956       53.0125    
   15.955       53.013     
   15.955       53.0135    
   15.958       53.014     
   15.9545      53.018     
   15.9555      53.019     
   15.9545      53.0195    
   15.9545      53.0205    
   15.9575      53.0235    
   15.956       53.0255    
   15.9564      53.02855   
   15.956       53.0325    
   15.95304     53.03332   
   15.9525      53.033     
   15.9519      53.03395   
   15.9515      53.0345    
   15.95305     53.03585   
   15.954       53.036     
   15.95562     53.04087   
   15.9645      53.0425    
END

END
