Relation 224461

1
   23.5240578   53.8725658 
   23.5215083   53.8816327 
   23.5177379   53.894012  
   23.5156118   53.9010237 
   23.5142896   53.9054464 
   23.5132219   53.9089058 
   23.5127948   53.9094467 
   23.5121772   53.9098757 
   23.511841    53.9102018 
   23.5115118   53.9163077 
   23.5115987   53.9286374 
   23.5118123   53.9293037 
   23.5121326   53.9298821 
   23.5124956   53.9304227 
   23.5128159   53.9310765 
   23.5129934   53.9316132 
   23.5132616   53.9344207 
   23.5136954   53.940105  
   23.5138866   53.9435588 
   23.5152931   53.9550178 
   23.5166794   53.9586021 
   23.5135784   53.9610931 
   23.5047989   53.9665892 
   23.5019017   53.9687147 
   23.4969995   53.9688397 
   23.4961093   53.9733155 
   23.4920958   53.9737469 
   23.4902089   53.9749061 
   23.4880951   53.9785196 
   23.4881567   53.9826233 
   23.4858306   53.9881482 
   23.484955    53.9916942 
   23.4833041   53.9951066 
   23.4817527   53.9978059 
   23.4832719   53.9998371 
   23.4910829   54.0032173 
   23.4932155   54.0060712 
   23.5020135   54.0078586 
   23.5093172   54.0115217 
   23.5113135   54.0158171 
   23.5141481   54.0178592 
   23.5122446   54.0218857 
   23.5162973   54.025735  
   23.5169687   54.0288005 
   23.5255768   54.0309321 
   23.5268791   54.0335741 
   23.5240646   54.0377663 
   23.5278972   54.0470803 
   23.5274096   54.049799  
   23.5283049   54.0534641 
   23.5262316   54.0570741 
   23.5291992   54.0654936 
   23.5249822   54.0727144 
   23.5215344   54.0743934 
   23.5186838   54.0787309 
   23.5184729   54.0898467 
   23.5068362   54.1004201 
   23.502203    54.1130278 
   23.4970511   54.1129658 
   23.4928638   54.1170422 
   23.494028    54.122325  
   23.4957164   54.1324874 
   23.4912455   54.1357848 
   23.4895287   54.1451797 
   23.4861849   54.152969  
   23.4819206   54.1536216 
   23.4736789   54.1577273 
   23.474963    54.1630807 
   23.4697083   54.1644714 
   23.4631502   54.1667617 
   23.4614221   54.1676003 
   23.4591715   54.1754056 
   23.451035    54.1756589 
   23.4431901   54.1768272 
   23.4370926   54.1775345 
   23.4245358   54.17734   
   23.4225163   54.1833003 
   23.4202105   54.1865546 
   23.4192264   54.1911096 
   23.4125186   54.1928344 
   23.4064157   54.195981  
   23.4032239   54.2027382 
   23.3974682   54.2076032 
   23.3963459   54.213934  
   23.3941277   54.2167836 
   23.3871109   54.2179384 
   23.3856637   54.2197321 
   23.3867939   54.2248151 
   23.3841664   54.2259024 
   23.3802729   54.2288549 
   23.3761371   54.2285851 
   23.3731625   54.230282  
   23.3682582   54.2298933 
   23.3647145   54.2301291 
   23.3613475   54.23106   
   23.3578946   54.2341052 
   23.3549863   54.2386317 
   23.3521202   54.2418851 
   23.347657    54.2461983 
   23.3422713   54.2489397 
   23.3364105   54.2519106 
   23.3260371   54.2522237 
   23.3234528   54.252918  
   23.3214853   54.253135  
   23.3162669   54.2541691 
   23.3112077   54.2547299 
   23.3062867   54.2556257 
   23.2968453   54.2573304 
   23.2875756   54.2593358 
   23.2734993   54.260138  
   23.2587365   54.2595364 
   23.2484368   54.2580323 
   23.2403687   54.2597369 
   23.2329872   54.261642  
   23.2280091   54.263948  
   23.2280091   54.2663542 
   23.2257775   54.2711661 
   23.213889    54.278889  
   23.2068947   54.2820909 
   23.2041481   54.2848969 
   23.2008866   54.2872016 
   23.1953934   54.2890052 
   23.1905869   54.2902076 
   23.1842354   54.2907085 
   23.1713608   54.2911093 
   23.165833    54.292222  
   23.160556    54.293889  
   23.155833    54.295833  
   23.152222    54.298333  
   23.1569413   54.303932  
   23.1624344   54.3095407 
   23.1402901   54.316951  
   23.1335953   54.3133462 
   23.115833    54.304444  
   23.110278    54.303333  
   23.1057862   54.3009271 
   23.0984047   54.2992242 
   23.0894783   54.2982224 
   23.0831269   54.3005264 
   23.080556    54.3025    
   23.071389    54.306389  
   23.066111    54.308056  
   23.0558327   54.3113433 
   23.0417565   54.3155492 
   23.0433014   54.3202552 
   23.046389    54.323611  
   23.046667    54.328333  
   23.049444    54.331389  
   23.055936    54.3369174 
   23.0633029   54.3410626 
   23.0584292   54.3451744 
   23.0462197   54.3477796 
   23.03489     54.3500808 
   23.0279011   54.3524731 
   23.0091074   54.3557469 
   22.9939257   54.3618094 
   23.0026682   54.3731543 
   23.0101181   54.3828326 
   23.000503    54.3834305 
   22.9938229   54.3838505 
   22.9848006   54.3845151 
   22.9838088   54.3895104 
   22.9617719   54.3910322 
   22.954471    54.3924559 
   22.9348184   54.3961939 
   22.9179925   54.3982056 
   22.9120656   54.3988211 
   22.898274    54.4004384 
   22.8875381   54.3999254 
   22.8879508   54.4090812 
   22.8785065   54.4084682 
   22.8546493   54.4103878 
   22.8493259   54.4072554 
   22.8363517   54.4064306 
   22.8330944   54.4019859 
   22.8275912   54.3936939 
   22.8239863   54.3887964 
   22.8198665   54.3828986 
   22.8114897   54.371017  
   22.7987521   54.3660003 
   22.7924136   54.3634359 
   22.79612     54.3586    
   22.80291     54.35088   
   22.8055      54.349     
   22.80368     54.34496   
   22.8025      54.341     
   22.79455     54.3389    
   22.782       54.334     
   22.777       54.3285    
   22.7855      54.328     
   22.787       54.326     
   22.792       54.3265    
   22.795       54.3245    
   22.79312     54.32388   
   22.7925      54.3235    
   22.79068     54.31896   
   22.79015     54.31695   
   22.788       54.3115    
   22.78595     54.3111    
   22.78468     54.30946   
   22.784       54.3075    
   22.787       54.302     
   22.7885      54.302     
   22.7895      54.301     
   22.7895      54.3       
   22.78695     54.2986    
   22.7785      54.294     
   22.7765      54.295     
   22.768       54.29      
   22.76755     54.2901    
   22.758       54.2975    
   22.751       54.298     
   22.745       54.291     
   22.74305     54.29035   
   22.74095     54.28965   
   22.72447     54.2837    
   22.71754     54.28232   
   22.69708     54.27738   
   22.69305     54.27535   
   22.64395     54.2876    
   22.64205     54.2864    
   22.631       54.2765    
   22.631       54.2755    
   22.6245      54.269     
   22.62155     54.2674    
   22.61905     54.2659    
   22.6145      54.2635    
   22.6145      54.2625    
   22.61195     54.2606    
   22.61155     54.2604    
   22.59447     54.26229   
   22.576       54.2665    
   22.57665     54.26455   
   22.57865     54.25955   
   22.5785      54.2585    
   22.568       54.2585    
   22.5625      54.252     
   22.5655      54.25      
   22.56245     54.24865   
   22.559       54.2475    
   22.5565      54.25      
   22.554       54.2495    
   22.552       54.25      
   22.5525      54.251     
   22.552       54.2515    
   22.54352     54.25077   
   22.5315      54.249     
   22.531       54.248     
   22.527       54.231     
   22.52292     54.22962   
   22.52195     54.2291    
   22.5149      54.22455   
   22.5145      54.224     
   22.5155      54.223     
   22.51588     54.22288   
   22.5185      54.2185    
   22.5165      54.217     
   22.51305     54.2181    
   22.50982     54.22021   
   22.49446     54.21519   
   22.492       54.2145    
   22.49608     54.21162   
   22.497       54.211     
   22.489       54.207     
   22.48555     54.20765   
   22.48362     54.20788   
   22.484       54.2025    
   22.4825      54.202     
   22.482       54.201     
   22.4815      54.2015    
   22.48115     54.20095   
   22.4805      54.1995    
   22.4815      54.1985    
   22.486       54.1985    
   22.4875      54.194     
   22.48787     54.19387   
   22.4885      54.1935    
   22.4895      54.1945    
   22.5035      54.1935    
   22.504       54.1905    
   22.51        54.191     
   22.5085      54.188     
   22.50192     54.18512   
   22.5015      54.185     
   22.5005      54.1835    
   22.50588     54.17789   
   22.50905     54.17515   
   22.5135      54.174     
   22.5179      54.16895   
   22.5184      54.16245   
   22.519       54.1615    
   22.522       54.162     
   22.526       54.1615    
   22.526       54.1605    
   22.5275      54.16      
   22.53045     54.16065   
   22.5325      54.1615    
   22.5375      54.1595    
   22.5345      54.156     
   22.537       54.155     
   22.5355      54.1525    
   22.53638     54.15142   
   22.5385      54.1485    
   22.546       54.148     
   22.54621     54.14647   
   22.5455      54.143     
   22.547       54.138     
   22.55        54.138     
   22.55446     54.13869   
   22.58        54.1425    
   22.57869     54.14454   
   22.5785      54.1465    
   22.58395     54.14865   
   22.5905      54.1505    
   22.59185     54.14695   
   22.594       54.1415    
   22.595       54.1405    
   22.60055     54.1371    
   22.60612     54.12908   
   22.6068      54.1279    
   22.61112     54.12259   
   22.62195     54.11285   
   22.62696     54.11082   
   22.635       54.1085    
   22.6365      54.107     
   22.637       54.098     
   22.636       54.097     
   22.635       54.0965    
   22.635       54.0935    
   22.62546     54.09218   
   22.624       54.092     
   22.624       54.0875    
   22.60905     54.08485   
   22.60845     54.0846    
   22.604       54.082     
   22.604       54.076     
   22.6045      54.074     
   22.60262     54.0719    
   22.6015      54.069     
   22.59995     54.06815   
   22.5965      54.0665    
   22.5971      54.06405   
   22.5974      54.06345   
   22.5995      54.053     
   22.60005     54.0526    
   22.612       54.0505    
   22.6125      54.051     
   22.61845     54.0504    
   22.62946     54.04732   
   22.65105     54.0371    
   22.67        54.0295    
   22.6704      54.02895   
   22.671       54.026     
   22.6705      54.0255    
   22.672       54.019     
   22.67263     54.01713   
   22.6805      54.005     
   22.68605     54.0036    
   22.6905      54.0005    
   22.6905      53.997     
   22.69331     53.99396   
   22.6955      53.9845    
   22.694       53.9835    
   22.6935      53.98      
   22.6935      53.978     
   22.69691     53.97338   
   22.69895     53.9719    
   22.7035      53.9715    
   22.703       53.97      
   22.70505     53.96865   
   22.706       53.9685    
   22.7074      53.96295   
   22.7075      53.9625    
   22.7191      53.9552    
   22.7215      53.954     
   22.7215      53.9535    
   22.7225      53.953     
   22.72597     53.95322   
   22.7285      53.953     
   22.7285      53.9515    
   22.74455     53.94665   
   22.74845     53.94485   
   22.7554      53.93888   
   22.7576      53.93712   
   22.77755     53.92315   
   22.7785      53.923     
   22.78138     53.91941   
   22.7825      53.9155    
   22.7785      53.912     
   22.775       53.905     
   22.77512     53.90462   
   22.77905     53.9021    
   22.78        53.9015    
   22.78        53.9005    
   22.775       53.896     
   22.77612     53.89458   
   22.77795     53.8924    
   22.77854     53.89218   
   22.781       53.891     
   22.7805      53.8875    
   22.78192     53.88588   
   22.785       53.884     
   22.7834      53.87955   
   22.78269     53.87746   
   22.778       53.865     
   22.77455     53.86285   
   22.7595      53.8545    
   22.758       53.853     
   22.758       53.8505    
   22.755       53.8475    
   22.74755     53.8434    
   22.746       53.8425    
   22.73487     53.83812   
   22.7265      53.8335    
   22.7261      53.83195   
   22.7264      53.82895   
   22.7266      53.82855   
   22.727       53.827     
   22.725       53.8255    
   22.7245      53.8225    
   22.72518     53.82054   
   22.726       53.8025    
   22.7245      53.801     
   22.72205     53.7969    
   22.72145     53.7966    
   22.7185      53.793     
   22.7155      53.786     
   22.714       53.786     
   22.7115      53.7835    
   22.70812     53.7789    
   22.702       53.7665    
   22.6965      53.762     
   22.69205     53.76085   
   22.6865      53.7585    
   22.685       53.7625    
   22.68954     53.76532   
   22.6965      53.7705    
   22.6965      53.7725    
   22.694       53.775     
   22.692       53.7775    
   22.693       53.7785    
   22.69387     53.77872   
   22.69862     53.78142   
   22.6995      53.7825    
   22.6995311   53.7845138 
   22.698       53.786     
   22.6945      53.788     
   22.69155     53.7874    
   22.6895      53.787     
   22.689       53.7875    
   22.6884844   53.7859908 
   22.691       53.785     
   22.6915      53.7845    
   22.69032     53.78154   
   22.6875      53.777     
   22.69112     53.77313   
   22.6915      53.7725    
   22.6864      53.76862   
   22.6785      53.7625    
   22.6805      53.757     
   22.68038     53.75662   
   22.67646     53.75732   
   22.65795     53.75415   
   22.65392     53.75212   
   22.64994     53.74991   
   22.64452     53.74927   
   22.64192     53.74812   
   22.64155     53.7479    
   22.63895     53.7479    
   22.637       53.75      
   22.63962     53.75192   
   22.6405      53.7545    
   22.6395      53.7555    
   22.637       53.7565    
   22.6285      53.7565    
   22.624       53.753     
   22.6239      53.75205   
   22.6235      53.7505    
   22.62495     53.7494    
   22.6265      53.748     
   22.6261      53.74745   
   22.62446     53.74618   
   22.623       53.746     
   22.62262     53.74363   
   22.62588     53.74237   
   22.6255      53.741     
   22.6219      53.73862   
   22.621       53.738     
   22.621       53.7355    
   22.62009     53.73538   
   22.6159      53.73255   
   22.61535     53.73105   
   22.6085      53.7185    
   22.60655     53.71785   
   22.59896     53.71831   
   22.59662     53.71862   
   22.5845      53.7275    
   22.585       53.7335    
   22.584       53.7345    
   22.56545     53.7231    
   22.5645      53.7225    
   22.5655      53.7215    
   22.54446     53.71268   
   22.52705     53.70535   
   22.5145      53.699     
   22.515       53.6985    
   22.51047     53.69722   
   22.50703     53.69678   
   22.4825      53.7005    
   22.4735      53.699     
   22.46803     53.69928   
   22.46445     53.6981    
   22.4605      53.6965    
   22.4704      53.6948    
   22.4715      53.694     
   22.4655      53.691     
   22.466       53.688     
   22.46745     53.68735   
   22.46937     53.68538   
   22.46935     53.68405   
   22.4711      53.67745   
   22.46895     53.67565   
   22.467       53.6745    
   22.467       53.672     
   22.46855     53.6711    
   22.469       53.671     
   22.4695      53.67      
   22.468       53.668     
   22.47205     53.6656    
   22.473       53.665     
   22.47192     53.66412   
   22.46297     53.66479   
   22.45845     53.66515   
   22.45695     53.66465   
   22.4495      53.6635    
   22.44745     53.66666   
   22.442       53.668     
   22.44438     53.67158   
   22.4445      53.672     
   22.44346     53.67281   
   22.4415      53.673     
   22.44        53.675     
   22.4375      53.675     
   22.4365      53.678     
   22.432       53.677     
   22.4299      53.67888   
   22.4235      53.6815    
   22.4155      53.6785    
   22.40895     53.6726    
   22.401       53.6675    
   22.39695     53.6684    
   22.39095     53.6666    
   22.38895     53.6656    
   22.363       53.6555    
   22.361       53.6555    
   22.3595      53.656     
   22.35767     53.65476   
   22.35138     53.65008   
   22.3505      53.649     
   22.35145     53.6479    
   22.352       53.6475    
   22.329       53.6335    
   22.32742     53.63262   
   22.3265      53.632     
   22.325       53.634     
   22.30355     53.62635   
   22.3005      53.6255    
   22.28305     53.62285   
   22.2775      53.6195    
   22.2725      53.612     
   22.24542     53.59912   
   22.24355     53.59835   
   22.2325      53.5925    
   22.233       53.592     
   22.2335      53.5915    
   22.2295      53.5875    
   22.21005     53.5784    
   22.19695     53.5681    
   22.18345     53.56215   
   22.17645     53.5591    
   22.16603     53.5568    
   22.136       53.5445    
   22.096       53.5325    
   22.0955      53.5325    
   22.0845      53.536     
   22.0745      53.536     
   22.06795     53.5321    
   22.06252     53.53078   
   22.05345     53.5276    
   22.05245     53.5271    
   22.05        53.5255    
   22.05065     53.52405   
   22.0505      53.5215    
   22.0475      53.519     
   22.048       53.516     
   22.0445      53.515     
   22.043       53.5135    
   22.0415      53.51      
   22.042       53.509     
   22.03        53.497     
   22.02655     53.49635   
   22.0225      53.496     
   22.01995     53.4974    
   22.0155      53.5015    
   22.01531     53.50346   
   22.0151      53.50405   
   22.01088     53.51192   
   22.01012     53.51308   
   21.9946      53.51962   
   21.99205     53.5216    
   21.9895      53.5225    
   21.98745     53.52115   
   21.977       53.5175    
   21.9755      53.5155    
   21.96245     53.5136    
   21.96145     53.5131    
   21.9525      53.5095    
   21.94848     53.50977   
   21.93345     53.51115   
   21.932       53.511     
   21.93137     53.51062   
   21.9225      53.5085    
   21.921       53.507     
   21.921       53.5045    
   21.9185      53.502     
   21.91005     53.49835   
   21.90592     53.49662   
   21.9015      53.493     
   21.90131     53.49104   
   21.901       53.489     
   21.903       53.486     
   21.90012     53.47992   
   21.8979      53.47655   
   21.895       53.471     
   21.88792     53.46512   
   21.8815      53.4615    
   21.872       53.462     
   21.867       53.46      
   21.8635      53.459     
   21.85245     53.45985   
   21.83104     53.46368   
   21.79245     53.47885   
   21.79096     53.47932   
   21.77598     53.48177   
   21.7685      53.482     
   21.75352     53.48323   
   21.74005     53.48665   
   21.73404     53.48818   
   21.71154     53.48969   
   21.69503     53.4922    
   21.68546     53.49269   
   21.6755      53.49      
   21.674       53.4895    
   21.66955     53.48785   
   21.644       53.481     
   21.59881     53.48191   
   21.59858     53.4802    
   21.59844     53.47995   
   21.59817     53.4789    
   21.59815     53.47768   
   21.59843     53.47697   
   21.59867     53.47664   
   21.60038     53.47461   
   21.60046     53.47446   
   21.60103     53.47364   
   21.60124     53.47297   
   21.60198     53.47185   
   21.60174     53.47095   
   21.60208     53.47065   
   21.60393     53.47006   
   21.60393     53.46998   
   21.60401     53.46982   
   21.60401     53.46828   
   21.60359     53.46731   
   21.60271     53.46568   
   21.60255     53.46552   
   21.60109     53.46552   
   21.59809     53.46589   
   21.5959      53.46601   
   21.59566     53.46584   
   21.5956      53.46567   
   21.59424     53.45984   
   21.59444     53.45935   
   21.5946      53.45927   
   21.59485     53.45927   
   21.59502     53.45942   
   21.59671     53.46      
   21.59712     53.45988   
   21.59971     53.45955   
   21.60093     53.45947   
   21.60224     53.45932   
   21.60273     53.45913   
   21.60379     53.45865   
   21.60409     53.4583    
   21.60379     53.45804   
   21.60213     53.45735   
   21.60125     53.4572    
   21.60067     53.45702   
   21.60062     53.45698   
   21.60012     53.45587   
   21.60012     53.45562   
   21.59947     53.45457   
   21.59947     53.45425   
   21.59963     53.45384   
   21.60019     53.45387   
   21.60158     53.45422   
   21.6032      53.45453   
   21.6035      53.45439   
   21.60367     53.45366   
   21.60379     53.45337   
   21.60661     53.45158   
   21.60684     53.45139   
   21.60872     53.45011   
   21.6088      53.44995   
   21.6088      53.44954   
   21.60872     53.44922   
   21.60829     53.44841   
   21.60691     53.44486   
   21.60685     53.44476   
   21.60689     53.44265   
   21.607       53.44158   
   21.60717     53.44135   
   21.60847     53.44115   
   21.60863     53.44111   
   21.60888     53.44086   
   21.60896     53.4407    
   21.60896     53.44013   
   21.60764     53.43673   
   21.60742     53.436     
   21.6075      53.43583   
   21.60781     53.43566   
   21.61263     53.43366   
   21.61301     53.43354   
   21.62941     53.42682   
   21.63948     53.42627   
   21.63979     53.42609   
   21.63973     53.42584   
   21.63685     53.42278   
   21.62357     53.40906   
   21.62357     53.40889   
   21.62391     53.40867   
   21.62585     53.40811   
   21.63953     53.40447   
   21.64066     53.40344   
   21.64297     53.40095   
   21.64369     53.39892   
   21.64562     53.3976    
   21.65139     53.39405   
   21.65131     53.39275   
   21.65348     53.39184   
   21.65356     53.3912    
   21.65561     53.3891    
   21.65648     53.38876   
   21.65682     53.38846   
   21.65686     53.38789   
   21.65707     53.38756   
   21.66006     53.38697   
   21.66135     53.38641   
   21.66137     53.38635   
   21.66086     53.3853    
   21.6605      53.38472   
   21.66015     53.38408   
   21.65853     53.38413   
   21.65845     53.38408   
   21.65838     53.38399   
   21.65804     53.38318   
   21.65804     53.38286   
   21.65952     53.38085   
   21.66249     53.37716   
   21.66665     53.3759    
   21.66696     53.37564   
   21.66696     53.37556   
   21.6664      53.37523   
   21.6659      53.37517   
   21.66315     53.37512   
   21.66145     53.37519   
   21.65966     53.37532   
   21.65926     53.37507   
   21.65914     53.37378   
   21.65906     53.37255   
   21.65913     53.37216   
   21.65934     53.37183   
   21.66607     53.37094   
   21.66617     53.37088   
   21.6698      53.37066   
   21.67734     53.36931   
   21.6801      53.36896   
   21.68392     53.36811   
   21.68398     53.36808   
   21.68416     53.36575   
   21.68325     53.36439   
   21.68237     53.36399   
   21.68187     53.36373   
   21.6815      53.36282   
   21.67336     53.35896   
   21.67029     53.35845   
   21.66948     53.35841   
   21.66298     53.35661   
   21.66217     53.35627   
   21.65895     53.3547    
   21.65845     53.35431   
   21.65609     53.35285   
   21.65515     53.35113   
   21.65446     53.34943   
   21.65723     53.3466    
   21.66219     53.34192   
   21.66225     53.34188   
   21.66404     53.34122   
   21.66452     53.34114   
   21.66801     53.34034   
   21.6682      53.34022   
   21.66861     53.33949   
   21.6694      53.33695   
   21.66936     53.33655   
   21.66924     53.33637   
   21.66914     53.33632   
   21.6547      53.33624   
   21.65374     53.33614   
   21.65334     53.33574   
   21.65279     53.33377   
   21.65275     53.33372   
   21.65228     53.33168   
   21.65236     53.33152   
   21.6526      53.33142   
   21.6685      53.32998   
   21.66988     53.33009   
   21.67371     53.33199   
   21.68456     53.33728   
   21.68496     53.33716   
   21.687       53.33663   
   21.68716     53.33647   
   21.68811     53.33466   
   21.68768     53.33224   
   21.68689     53.33      
   21.68681     53.32959   
   21.68686     53.32909   
   21.68698     53.32875   
   21.68863     53.32764   
   21.69015     53.32719   
   21.69089     53.32706   
   21.69098     53.32712   
   21.69413     53.32803   
   21.70006     53.32733   
   21.70313     53.32647   
   21.70469     53.32562   
   21.70622     53.3243    
   21.70875     53.32091   
   21.70937     53.32016   
   21.70979     53.3198    
   21.71904     53.31947   
   21.71984     53.3194    
   21.72188     53.31889   
   21.72302     53.31848   
   21.73231     53.31357   
   21.73446     53.3128    
   21.73509     53.31246   
   21.73517     53.31173   
   21.735       53.31149   
   21.7347      53.31114   
   21.73414     53.31098   
   21.73379     53.31084   
   21.73371     53.31089   
   21.7316      53.31116   
   21.73097     53.3111    
   21.7298      53.31029   
   21.72803     53.31023   
   21.72196     53.31071   
   21.71903     53.31146   
   21.71846     53.3117    
   21.71344     53.31322   
   21.71304     53.3133    
   21.70905     53.31329   
   21.70898     53.31327   
   21.70833     53.31019   
   21.70816     53.31013   
   21.70362     53.30986   
   21.70184     53.30994   
   21.70165     53.31042   
   21.70132     53.31197   
   21.70076     53.31292   
   21.70037     53.31325   
   21.69809     53.31374   
   21.69357     53.31384   
   21.69107     53.31317   
   21.69033     53.31292   
   21.68856     53.31219   
   21.68829     53.31189   
   21.6884      53.31159   
   21.68868     53.31138   
   21.69001     53.3102    
   21.6903      53.30977   
   21.69081     53.30889   
   21.69089     53.308     
   21.69042     53.30749   
   21.6899      53.30704   
   21.68489     53.30556   
   21.68343     53.30532   
   21.6831      53.30548   
   21.68221     53.30597   
   21.68228     53.3063    
   21.68416     53.30727   
   21.68416     53.30751   
   21.68375     53.30792   
   21.68197     53.30929   
   21.68043     53.30955   
   21.68022     53.30986   
   21.68004     53.31134   
   21.67969     53.31163   
   21.67798     53.31239   
   21.67718     53.3125    
   21.67386     53.31254   
   21.6715      53.31197   
   21.6711      53.31189   
   21.67019     53.31151   
   21.66907     53.31084   
   21.6677      53.31095   
   21.66673     53.31111   
   21.66638     53.31131   
   21.66638     53.3119    
   21.66739     53.31415   
   21.66842     53.31562   
   21.66842     53.31595   
   21.66819     53.31621   
   21.65756     53.3167    
   21.65626     53.31692   
   21.65115     53.31732   
   21.65058     53.31708   
   21.65058     53.317     
   21.65113     53.31618   
   21.65461     53.31333   
   21.65518     53.31228   
   21.65717     53.31069   
   21.65758     53.31003   
   21.65764     53.30889   
   21.65755     53.30832   
   21.6592      53.30664   
   21.66193     53.30498   
   21.66233     53.30482   
   21.66363     53.30417   
   21.66404     53.30378   
   21.66265     53.30302   
   21.66261     53.30258   
   21.66243     53.3023    
   21.66234     53.30224   
   21.65966     53.30243   
   21.65942     53.3024    
   21.6583      53.30116   
   21.65725     53.29995   
   21.65707     53.29956   
   21.65762     53.29906   
   21.65949     53.29768   
   21.65992     53.29747   
   21.66069     53.29623   
   21.66082     53.29592   
   21.66088     53.2951    
   21.66031     53.29461   
   21.65893     53.29388   
   21.65617     53.2939    
   21.65487     53.29343   
   21.65075     53.29264   
   21.64905     53.29223   
   21.64886     53.29212   
   21.64727     53.29038   
   21.64701     53.28934   
   21.64612     53.28902   
   21.64409     53.2861    
   21.64385     53.28521   
   21.64472     53.28515   
   21.64888     53.28573   
   21.65481     53.28563   
   21.65505     53.28528   
   21.65524     53.28302   
   21.65536     53.28277   
   21.65609     53.28269   
   21.65687     53.28017   
   21.65705     53.27968   
   21.6574      53.27947   
   21.65764     53.27939   
   21.65867     53.27878   
   21.65885     53.27856   
   21.65885     53.27685   
   21.65861     53.2762    
   21.65822     53.27608   
   21.65786     53.27581   
   21.65764     53.2728    
   21.6578      53.27255   
   21.65877     53.27239   
   21.65893     53.27223   
   21.65885     53.26963   
   21.65877     53.26882   
   21.65802     53.2621    
   21.65788     53.26177   
   21.65659     53.26204   
   21.64936     53.26323   
   21.64426     53.26351   
   21.63646     53.26466   
   21.63461     53.26496   
   21.62592     53.26627   
   21.62349     53.26647   
   21.62342     53.26649   
   21.62252     53.26631   
   21.62258     53.26614   
   21.62316     53.26572   
   21.62421     53.26531   
   21.62607     53.2645    
   21.62684     53.26398   
   21.63282     53.2612    
   21.63453     53.26081   
   21.63597     53.26021   
   21.63713     53.2596    
   21.64192     53.25578   
   21.64285     53.2551    
   21.64541     53.25302   
   21.64622     53.25196   
   21.64693     53.25057   
   21.64302     53.24791   
   21.64296     53.24782   
   21.64756     53.24439   
   21.64824     53.24369   
   21.64928     53.24222   
   21.64961     53.2419    
   21.65001     53.2419    
   21.65165     53.24277   
   21.65302     53.24374   
   21.65553     53.24482   
   21.65585     53.24482   
   21.65837     53.24311   
   21.65918     53.2423    
   21.66094     53.24001   
   21.66207     53.23848   
   21.66296     53.23605   
   21.6631      53.23517   
   21.66299     53.23346   
   21.66275     53.23241   
   21.66293     53.23032   
   21.66302     53.22957   
   21.66329     53.22898   
   21.66354     53.22866   
   21.67209     53.22122   
   21.6723      53.22079   
   21.67313     53.22024   
   21.67345     53.22021   
   21.67782     53.21617   
   21.6797      53.21508   
   21.68083     53.21481   
   21.68214     53.21494   
   21.68377     53.2156    
   21.68464     53.21635   
   21.68562     53.21635   
   21.68822     53.21555   
   21.68863     53.21523   
   21.6886      53.21473   
   21.68831     53.21431   
   21.68579     53.21195   
   21.68432     53.21099   
   21.68351     53.21043   
   21.68131     53.20924   
   21.68091     53.20921   
   21.68044     53.20955   
   21.67846     53.21138   
   21.67775     53.2118    
   21.67662     53.21122   
   21.6697      53.20826   
   21.66964     53.20815   
   21.66998     53.20727   
   21.67037     53.20637   
   21.67169     53.20558   
   21.67272     53.20556   
   21.67337     53.20564   
   21.67505     53.20473   
   21.67524     53.20459   
   21.6754      53.20394   
   21.67552     53.2011    
   21.67532     53.19996   
   21.67582     53.19925   
   21.67815     53.19751   
   21.67873     53.1973    
   21.67971     53.19616   
   21.67988     53.19575   
   21.68041     53.19516   
   21.68068     53.19495   
   21.68083     53.19469   
   21.68009     53.19407   
   21.67921     53.19396   
   21.67889     53.19422   
   21.67833     53.19427   
   21.67783     53.1938    
   21.67785     53.19374   
   21.6788      53.19339   
   21.67889     53.19339   
   21.67923     53.193     
   21.67915     53.19122   
   21.6797      53.19072   
   21.67953     53.19047   
   21.67972     53.19008   
   21.6801      53.18958   
   21.67994     53.18934   
   21.67996     53.1891    
   21.68051     53.18828   
   21.68043     53.18804   
   21.68049     53.18795   
   21.68114     53.1877    
   21.68197     53.18699   
   21.68208     53.18642   
   21.68238     53.18603   
   21.68335     53.18569   
   21.68351     53.18553   
   21.68333     53.18498   
   21.68337     53.18449   
   21.68376     53.18424   
   21.68432     53.18382   
   21.68432     53.18301   
   21.68522     53.18262   
   21.68562     53.18236   
   21.68594     53.18228   
   21.68675     53.18188   
   21.68665     53.18133   
   21.68586     53.18098   
   21.68578     53.18066   
   21.6874      53.17928   
   21.6873      53.17898   
   21.6861      53.17847   
   21.6861      53.17823   
   21.68716     53.17701   
   21.68765     53.1768    
   21.68902     53.17673   
   21.68961     53.17621   
   21.68969     53.17606   
   21.69129     53.17464   
   21.6916      53.17448   
   21.69478     53.17385   
   21.69511     53.17352   
   21.69522     53.17312   
   21.69582     53.17229   
   21.69595     53.17158   
   21.69722     53.16971   
   21.69868     53.16933   
   21.70394     53.16725   
   21.70441     53.16693   
   21.70464     53.1664    
   21.70622     53.16379   
   21.70622     53.16282   
   21.70595     53.16209   
   21.70557     53.16119   
   21.7045      53.16024   
   21.70224     53.15902   
   21.70185     53.15883   
   21.7003      53.15795   
   21.69951     53.15705   
   21.69924     53.15389   
   21.69851     53.15219   
   21.69791     53.15145   
   21.69627     53.15074   
   21.69386     53.15036   
   21.69271     53.14992   
   21.69232     53.1495    
   21.69249     53.14878   
   21.69288     53.14812   
   21.69403     53.14716   
   21.69556     53.14601   
   21.69613     53.14544   
   21.6977      53.14319   
   21.69781     53.143     
   21.69971     53.14042   
   21.69972     53.13952   
   21.69963     53.13927   
   21.6988      53.13857   
   21.69791     53.1381    
   21.69655     53.13792   
   21.69637     53.13806   
   21.69564     53.13774   
   21.69564     53.13741   
   21.69645     53.13677   
   21.69679     53.13646   
   21.71342     53.12421   
   21.72718     53.11444   
   21.73492     53.11002   
   21.73644     53.10919   
   21.73741     53.10919   
   21.74454     53.11052   
   21.74813     53.11144   
   21.75306     53.1126    
   21.75315     53.11268   
   21.75304     53.11332   
   21.75308     53.11389   
   21.75339     53.11414   
   21.75673     53.11359   
   21.75777     53.11349   
   21.75811     53.11371   
   21.75874     53.11393   
   21.75907     53.11393   
   21.75971     53.11379   
   21.77196     53.11297   
   21.77212     53.11292   
   21.77292     53.11178   
   21.77324     53.1112    
   21.77383     53.11024   
   21.77448     53.10959   
   21.77529     53.10919   
   21.77732     53.11154   
   21.77755     53.11172   
   21.77877     53.11238   
   21.77918     53.11251   
   21.78121     53.11251   
   21.78243     53.1123    
   21.7838      53.11219   
   21.78973     53.11339   
   21.79039     53.11395   
   21.79143     53.11454   
   21.79297     53.11433   
   21.7976      53.11351   
   21.79841     53.11326   
   21.80035     53.11304   
   21.80392     53.113     
   21.8074      53.11481   
   21.80772     53.1149    
   21.80862     53.11527   
   21.80887     53.11503   
   21.8114      53.11212   
   21.81157     53.11163   
   21.81194     53.1112    
   21.81243     53.11089   
   21.81294     53.1101    
   21.81316     53.10943   
   21.81527     53.10797   
   21.81619     53.10751   
   21.81646     53.10715   
   21.81681     53.1044    
   21.81685     53.10295   
   21.81732     53.10256   
   21.81794     53.1022    
   21.82175     53.0992    
   21.8224      53.09879   
   21.82647     53.09581   
   21.82705     53.09485   
   21.82866     53.09232   
   21.82973     53.09129   
   21.83045     53.09097   
   21.83124     53.09081   
   21.83199     53.09031   
   21.83346     53.08853   
   21.83401     53.08778   
   21.83399     53.08736   
   21.83417     53.08705   
   21.83507     53.08701   
   21.8366      53.08729   
   21.83774     53.08729   
   21.83847     53.08672   
   21.83847     53.08575   
   21.83784     53.08508   
   21.83782     53.08421   
   21.83795     53.08404   
   21.83837     53.08285   
   21.83831     53.08234   
   21.83877     53.08192   
   21.83902     53.08176   
   21.83952     53.08137   
   21.83993     53.08145   
   21.84034     53.08139   
   21.84059     53.0813    
   21.84279     53.0783    
   21.84283     53.0782    
   21.84186     53.07706   
   21.84202     53.07682   
   21.843       53.07616   
   21.84441     53.07616   
   21.84772     53.0762    
   21.84813     53.07604   
   21.84932     53.07543   
   21.84959     53.07522   
   21.85331     53.07277   
   21.85858     53.07293   
   21.86004     53.07285   
   21.86021     53.07269   
   21.85959     53.06814   
   21.85956     53.06766   
   21.85914     53.06654   
   21.85888     53.06532   
   21.8588      53.06449   
   21.85933     53.06387   
   21.86214     53.06188   
   21.86644     53.06067   
   21.87099     53.05923   
   21.8718      53.05923   
   21.87302     53.05963   
   21.87457     53.05992   
   21.87935     53.06036   
   21.87944     53.06031   
   21.88016     53.0602    
   21.88074     53.06043   
   21.88292     53.06023   
   21.8838      53.06009   
   21.8848      53.05965   
   21.88511     53.05923   
   21.88567     53.05907   
   21.88664     53.05941   
   21.8873      53.05941   
   21.88844     53.05892   
   21.889       53.05879   
   21.88948     53.05886   
   21.89005     53.05916   
   21.89166     53.05913   
   21.8924      53.0591    
   21.89428     53.05986   
   21.89719     53.06085   
   21.89752     53.06077   
   21.89889     53.06135   
   21.89898     53.0614    
   21.89962     53.0619    
   21.90052     53.06345   
   21.90108     53.06401   
   21.90302     53.06525   
   21.90741     53.06657   
   21.90838     53.06665   
   21.91169     53.06776   
   21.91246     53.06845   
   21.91453     53.07043   
   21.91486     53.07108   
   21.91512     53.07196   
   21.91512     53.07237   
   21.91438     53.07284   
   21.91252     53.07464   
   21.9125      53.07594   
   21.91381     53.07693   
   21.9144      53.0773    
   21.91643     53.07834   
   21.91698     53.07853   
   21.91933     53.07926   
   21.92282     53.07942   
   21.9254      53.07859   
   21.926       53.07823   
   21.93407     53.07608   
   21.93814     53.07495   
   21.93979     53.07352   
   21.9408      53.07204   
   21.94091     53.07156   
   21.93586     53.06768   
   21.93199     53.06481   
   21.93125     53.06435   
   21.92609     53.06075   
   21.9256      53.06034   
   21.92483     53.05948   
   21.92402     53.05819   
   21.92217     53.05022   
   21.92217     53.04917   
   21.92266     53.04568   
   21.93044     53.04471   
   21.93545     53.04554   
   21.93555     53.0456    
   21.93774     53.04601   
   21.93912     53.04597   
   21.93943     53.04574   
   21.94026     53.03992   
   21.94026     53.03822   
   21.93929     53.03814   
   21.92842     53.03968   
   21.92648     53.03957   
   21.92276     53.03812   
   21.92202     53.03779   
   21.91284     53.03868   
   21.91187     53.03871   
   21.91169     53.03884   
   21.91097     53.039     
   21.90686     53.04059   
   21.90634     53.04129   
   21.90552     53.04308   
   21.90367     53.04469   
   21.90058     53.0455    
   21.8976      53.04576   
   21.89735     53.04552   
   21.89657     53.04405   
   21.89654     53.04382   
   21.89717     53.04323   
   21.89727     53.04228   
   21.89711     53.0409    
   21.8962      53.03986   
   21.89586     53.03693   
   21.89373     53.02913   
   21.89328     53.02785   
   21.89198     53.02656   
   21.89052     53.02526   
   21.88981     53.02492   
   21.88768     53.02514   
   21.88623     53.02518   
   21.8859      53.02494   
   21.88502     53.02438   
   21.88242     53.02373   
   21.87798     53.02231   
   21.87699     53.02193   
   21.87667     53.02168   
   21.877       53.02111   
   21.877       53.02038   
   21.87653     53.01971   
   21.87586     53.01924   
   21.87521     53.01867   
   21.87545     53.01697   
   21.87651     53.01685   
   21.87763     53.01613   
   21.87798     53.01593   
   21.87828     53.0155    
   21.87813     53.01494   
   21.87839     53.01464   
   21.87848     53.01456   
   21.87902     53.01446   
   21.8791      53.01454   
   21.87953     53.0143    
   21.87961     53.01415   
   21.88079     53.0129    
   21.88186     53.01194   
   21.88265     53.01075   
   21.88097     53.00991   
   21.88146     53.00935   
   21.88281     53.00876   
   21.8838      53.00722   
   21.88429     53.00705   
   21.88513     53.00653   
   21.88551     53.00618   
   21.88917     53.00336   
   21.89347     53.00062   
   21.90806     52.99856   
   21.9081      52.99775   
   21.90887     52.9971    
   21.90911     52.99678   
   21.90765     52.99523   
   21.90774     52.99517   
   21.90896     52.9947    
   21.91153     52.99416   
   21.91276     52.99359   
   21.91625     52.99256   
   21.917       52.9916    
   21.91804     52.98956   
   21.91852     52.98907   
   21.91924     52.98865   
   21.92331     52.98765   
   21.92607     52.9874    
   21.92728     52.98704   
   21.92815     52.98605   
   21.92877     52.9851    
   21.92894     52.98429   
   21.92925     52.98366   
   21.92945     52.98345   
   21.93117     52.9825    
   21.93143     52.98245   
   21.93612     52.98096   
   21.93628     52.98104   
   21.93664     52.98241   
   21.93724     52.98502   
   21.93732     52.98519   
   21.93758     52.98534   
   21.94164     52.98526   
   21.9435      52.9855    
   21.95356     52.98664   
   21.95542     52.98565   
   21.95729     52.98445   
   21.9577      52.98453   
   21.95843     52.98493   
   21.95987     52.98483   
   21.96042     52.9829    
   21.96049     52.98242   
   21.96047     52.97935   
   21.96054     52.97926   
   21.96079     52.97911   
   21.96208     52.97912   
   21.96313     52.97877   
   21.96418     52.97888   
   21.96685     52.97887   
   21.96711     52.979     
   21.968       52.97926   
   21.9681      52.9792    
   21.96938     52.97915   
   21.96953     52.9792    
   21.97425     52.97937   
   21.97545     52.97907   
   21.97636     52.97907   
   21.97668     52.97926   
   21.97724     52.97918   
   21.97734     52.97911   
   21.9783      52.97877   
   21.97878     52.97901   
   21.97927     52.97898   
   21.98283     52.97802   
   21.98324     52.97786   
   21.98544     52.97755   
   21.98722     52.97604   
   21.98817     52.97496   
   21.98819     52.9749    
   21.98836     52.97474   
   21.98909     52.97478   
   21.99072     52.97386   
   21.99226     52.97333   
   21.99467     52.97277   
   21.99858     52.97218   
   22.00166     52.97247   
   22.00174     52.97222   
   22.0013      52.9702    
   22.0012      52.96995   
   21.99982     52.96516   
   21.99922     52.96249   
   21.99898     52.96217   
   21.9968      52.96236   
   21.98966     52.96278   
   21.98939     52.96258   
   21.98935     52.96248   
   21.98848     52.95787   
   21.98859     52.95761   
   21.98875     52.95753   
   21.99395     52.95734   
   21.99931     52.95726   
   22.00353     52.95709   
   22.00448     52.95692   
   22.00694     52.95497   
   22.01173     52.95132   
   22.01253     52.95092   
   22.013       52.95079   
   22.01545     52.95      
   22.01561     52.94984   
   22.01569     52.94473   
   22.01416     52.94366   
   22.01189     52.94236   
   22.01155     52.94205   
   22.01189     52.94183   
   22.01301     52.94146   
   22.01439     52.9414    
   22.01691     52.9407    
   22.01862     52.94012   
   22.02777     52.93869   
   22.0285      52.93848   
   22.02867     52.93792   
   22.02867     52.93678   
   22.02797     52.93499   
   22.02792     52.93461   
   22.02694     52.93388   
   22.02512     52.93295   
   22.02292     52.93101   
   22.02006     52.92992   
   22.01787     52.92926   
   22.01553     52.92867   
   22.01317     52.92869   
   22.01302     52.92865   
   22.01236     52.92786   
   22.01206     52.92728   
   22.0112      52.92526   
   22.01204     52.92364   
   22.01122     52.92309   
   22.00327     52.92157   
   22.00126     52.9211    
   21.99226     52.91908   
   21.99211     52.919     
   21.99308     52.91425   
   21.99372     52.9136    
   21.99769     52.91231   
   21.999       52.91181   
   21.99917     52.91148   
   21.99971     52.91083   
   21.99963     52.9105    
   22.00092     52.90846   
   22.00115     52.90837   
   22.00174     52.90819   
   22.00401     52.90803   
   22.00569     52.90732   
   22.00725     52.90659   
   22.00789     52.90595   
   22.00809     52.90556   
   22.00847     52.90491   
   22.00836     52.90418   
   22.00842     52.90337   
   22.00906     52.90233   
   22.00998     52.90028   
   22.01003     52.89998   
   22.01001     52.89939   
   22.00979     52.89921   
   22.00768     52.89832   
   22.00751     52.89752   
   22.00659     52.89689   
   22.00636     52.89671   
   22.00636     52.89485   
   22.00644     52.89477   
   22.00614     52.89321   
   22.00482     52.89242   
   22.00531     52.89023   
   22.00526     52.89014   
   22.00417     52.88698   
   22.0036      52.88495   
   22.0036      52.88252   
   22.00458     52.88082   
   22.00444     52.87911   
   22.00393     52.87806   
   22.00427     52.87775   
   22.00766     52.87627   
   22.00898     52.87723   
   22.0157      52.8808    
   22.01737     52.88165   
   22.02485     52.88576   
   22.02534     52.88576   
   22.02694     52.88461   
   22.02753     52.88439   
   22.02859     52.88443   
   22.03345     52.88495   
   22.035       52.8849    
   22.03724     52.88339   
   22.03821     52.88235   
   22.03824     52.88203   
   22.03611     52.88035   
   22.03473     52.87888   
   22.03412     52.87789   
   22.03327     52.87409   
   22.03313     52.8736    
   22.03351     52.87301   
   22.03361     52.87246   
   22.03301     52.87141   
   22.03305     52.871     
   22.03088     52.86822   
   22.02966     52.86693   
   22.02867     52.8662    
   22.02721     52.86524   
   22.02712     52.86508   
   22.02752     52.86482   
   22.02867     52.86447   
   22.02988     52.86419   
   22.03216     52.86323   
   22.03396     52.86218   
   22.03923     52.8603    
   22.03929     52.86022   
   22.03812     52.85219   
   22.03807     52.8521    
   22.03807     52.85121   
   22.0385      52.85091   
   22.0564      52.85016   
   22.05924     52.85032   
   22.06882     52.84694   
   22.07392     52.84519   
   22.08293     52.84205   
   22.08366     52.84205   
   22.08392     52.84245   
   22.08405     52.84554   
   22.0841      52.84578   
   22.08647     52.84815   
   22.08771     52.84935   
   22.10146     52.86202   
   22.10166     52.86208   
   22.10578     52.85703   
   22.11237     52.84975   
   22.1131      52.84902   
   22.11974     52.84519   
   22.12405     52.84286   
   22.12437     52.84286   
   22.12581     52.84353   
   22.14166     52.85109   
   22.14222     52.85129   
   22.14326     52.85087   
   22.14368     52.85065   
   22.14742     52.84823   
   22.1496      52.84675   
   22.14992     52.84675   
   22.15316     52.84823   
   22.17409     52.85815   
   22.17506     52.85819   
   22.18084     52.85748   
   22.1809      52.85746   
   22.20174     52.85538   
   22.20183     52.85539   
   22.20864     52.8547    
   22.20961     52.85478   
   22.20971     52.85494   
   22.20864     52.86662   
   22.20858     52.86672   
   22.2082      52.87157   
   22.20807     52.874     
   22.20726     52.88276   
   22.20767     52.88309   
   22.21546     52.88296   
   22.21683     52.88288   
   22.21937     52.88291   
   22.22056     52.8839    
   22.22163     52.88359   
   22.22631     52.88161   
   22.22795     52.88057   
   22.23231     52.88067   
   22.23345     52.88031   
   22.23469     52.87986   
   22.24004     52.87776   
   22.24254     52.87717   
   22.24303     52.87737   
   22.24417     52.87741   
   22.24445     52.8779    
   22.24488     52.87844   
   22.24927     52.87683   
   22.25081     52.87659   
   22.253       52.87648   
   22.25429     52.87672   
   22.25504     52.87702   
   22.25535     52.87729   
   22.25575     52.87786   
   22.25567     52.87948   
   22.25583     52.87988   
   22.25594     52.87994   
   22.25729     52.88064   
   22.26005     52.88134   
   22.26403     52.8823    
   22.26509     52.8827    
   22.26758     52.88404   
   22.26793     52.88432   
   22.26898     52.88496   
   22.2696      52.88501   
   22.27546     52.88572   
   22.28227     52.88629   
   22.28294     52.88557   
   22.28406     52.88386   
   22.28406     52.88378   
   22.28445     52.88328   
   22.28584     52.88102   
   22.28463     52.87988   
   22.28463     52.87972   
   22.29122     52.87293   
   22.29144     52.87275   
   22.29274     52.87121   
   22.29249     52.87088   
   22.28416     52.86398   
   22.28317     52.86228   
   22.28331     52.86178   
   22.28341     52.86163   
   22.28272     52.85979   
   22.28088     52.85588   
   22.2805      52.85537   
   22.27895     52.85523   
   22.27846     52.85166   
   22.27822     52.84955   
   22.27822     52.84833   
   22.27854     52.84809   
   22.27944     52.84815   
   22.2796      52.84825   
   22.2801      52.84978   
   22.28057     52.8502    
   22.28211     52.8506    
   22.28244     52.85052   
   22.28237     52.84987   
   22.28163     52.84785   
   22.28203     52.84736   
   22.28285     52.84699   
   22.28341     52.84687   
   22.2842      52.84787   
   22.28432     52.84799   
   22.28502     52.84915   
   22.2853      52.85002   
   22.28664     52.85353   
   22.28697     52.85378   
   22.28777     52.85375   
   22.2882      52.85369   
   22.2886      52.8536    
   22.28991     52.85464   
   22.29079     52.85539   
   22.29103     52.85539   
   22.29249     52.85458   
   22.29296     52.85469   
   22.29825     52.8577    
   22.30004     52.85766   
   22.30215     52.85845   
   22.30457     52.85922   
   22.30677     52.85969   
   22.30734     52.85961   
   22.30803     52.85782   
   22.30815     52.85709   
   22.30801     52.85634   
   22.30774     52.85571   
   22.30813     52.85139   
   22.30825     52.85062   
   22.30845     52.85035   
   22.3088      52.84898   
   22.30868     52.84793   
   22.308       52.84605   
   22.30434     52.83828   
   22.30231     52.83839   
   22.3002      52.8386    
   22.29989     52.83818   
   22.29939     52.83722   
   22.29361     52.8366    
   22.29348     52.83654   
   22.28895     52.83581   
   22.28763     52.83487   
   22.28625     52.83454   
   22.28171     52.83414   
   22.27758     52.83282   
   22.27457     52.83195   
   22.27382     52.83275   
   22.27315     52.83503   
   22.27313     52.83528   
   22.27157     52.83901   
   22.27165     52.83925   
   22.27172     52.83927   
   22.27522     52.83974   
   22.2753      52.8399    
   22.2752      52.84111   
   22.27491     52.84161   
   22.27238     52.84205   
   22.27084     52.84225   
   22.26745     52.84357   
   22.26676     52.84393   
   22.26662     52.84403   
   22.2633      52.84403   
   22.26111     52.84363   
   22.26094     52.84266   
   22.26106     52.84193   
   22.26141     52.84077   
   22.26162     52.84031   
   22.26238     52.83836   
   22.26214     52.83797   
   22.26077     52.83725   
   22.25883     52.83665   
   22.25835     52.83662   
   22.2543      52.83597   
   22.25016     52.83509   
   22.25007     52.83505   
   22.24916     52.83423   
   22.249       52.834     
   22.24862     52.83333   
   22.24872     52.83286   
   22.25137     52.83234   
   22.25162     52.83219   
   22.25131     52.83129   
   22.25066     52.83015   
   22.24999     52.82968   
   22.24996     52.82943   
   22.25027     52.82717   
   22.25066     52.82637   
   22.25136     52.82537   
   22.25282     52.82398   
   22.25508     52.82195   
   22.25601     52.82101   
   22.25611     52.82052   
   22.25631     52.82025   
   22.2573      52.82012   
   22.25754     52.81995   
   22.25742     52.8189    
   22.25748     52.81851   
   22.25762     52.81832   
   22.25875     52.81719   
   22.26226     52.81541   
   22.26307     52.81332   
   22.2657      52.8085    
   22.26576     52.80827   
   22.26832     52.80405   
   22.269       52.80243   
   22.27005     52.80066   
   22.27204     52.79796   
   22.27314     52.79595   
   22.27332     52.7948    
   22.27352     52.79432   
   22.27393     52.79409   
   22.27434     52.79359   
   22.27496     52.79252   
   22.27733     52.79042   
   22.2784      52.78897   
   22.27889     52.78809   
   22.27984     52.78515   
   22.27954     52.78481   
   22.27814     52.78434   
   22.2783      52.78385   
   22.27862     52.78361   
   22.27946     52.78383   
   22.28042     52.78395   
   22.28051     52.78387   
   22.28099     52.78289   
   22.28109     52.78248   
   22.28253     52.78013   
   22.28355     52.77881   
   22.28405     52.7784    
   22.29012     52.77884   
   22.29242     52.7805    
   22.29664     52.7813    
   22.2976      52.78145   
   22.30069     52.78303   
   22.301       52.78322   
   22.30176     52.78393   
   22.30206     52.78434   
   22.30264     52.78436   
   22.30295     52.78416   
   22.3045      52.78393   
   22.30709     52.78397   
   22.30824     52.78449   
   22.30888     52.78462   
   22.31179     52.78399   
   22.31269     52.78381   
   22.31553     52.78369   
   22.31627     52.78248   
   22.31786     52.7797    
   22.31829     52.77923   
   22.31924     52.77949   
   22.31982     52.77974   
   22.32362     52.78168   
   22.32371     52.78176   
   22.3255      52.78256   
   22.32632     52.78247   
   22.32628     52.78199   
   22.32528     52.78011   
   22.32469     52.77753   
   22.32457     52.7751    
   22.32343     52.77304   
   22.32273     52.77106   
   22.32255     52.77014   
   22.32263     52.76958   
   22.3228      52.7677    
   22.32338     52.76624   
   22.32401     52.76479   
   22.32413     52.76406   
   22.32398     52.76137   
   22.32396     52.7592    
   22.32372     52.75579   
   22.32366     52.75569   
   22.32362     52.75481   
   22.32364     52.75465   
   22.32486     52.75457   
   22.32681     52.75495   
   22.33313     52.75587   
   22.33443     52.75583   
   22.33669     52.75553   
   22.33685     52.75545   
   22.33743     52.75425   
   22.33921     52.75425   
   22.34277     52.75469   
   22.34536     52.75613   
   22.34651     52.75725   
   22.34632     52.75838   
   22.34628     52.75847   
   22.34544     52.75918   
   22.34538     52.7592    
   22.34398     52.7621    
   22.34304     52.76319   
   22.3426      52.76356   
   22.34106     52.76495   
   22.34097     52.76519   
   22.34097     52.76553   
   22.34138     52.76732   
   22.34148     52.76788   
   22.34124     52.76885   
   22.34128     52.76974   
   22.34236     52.77121   
   22.3431      52.77217   
   22.34317     52.77243   
   22.34356     52.77461   
   22.34432     52.77753   
   22.34456     52.77777   
   22.34627     52.77753   
   22.35212     52.77593   
   22.35242     52.77581   
   22.35341     52.7755    
   22.35414     52.7755    
   22.36582     52.77717   
   22.36621     52.77724   
   22.36898     52.77748   
   22.36946     52.77741   
   22.37133     52.77764   
   22.37221     52.7775    
   22.37425     52.77745   
   22.37481     52.77756   
   22.37572     52.778     
   22.37716     52.77884   
   22.37733     52.77899   
   22.3774      52.779     
   22.37807     52.77928   
   22.38326     52.7801    
   22.3839      52.78045   
   22.38423     52.78077   
   22.38465     52.78157   
   22.38508     52.78288   
   22.38515     52.78369   
   22.38571     52.7844    
   22.38754     52.78453   
   22.38786     52.78468   
   22.38781     52.78509   
   22.38333     52.78921   
   22.38267     52.79041   
   22.38205     52.79141   
   22.37999     52.79324   
   22.37968     52.79367   
   22.3792      52.79415   
   22.37929     52.79422   
   22.38001     52.79456   
   22.38009     52.79448   
   22.38698     52.79524   
   22.39145     52.79533   
   22.39266     52.79513   
   22.39737     52.7948    
   22.39745     52.79488   
   22.39874     52.79479   
   22.39883     52.79472   
   22.39874     52.79367   
   22.40012     52.79334   
   22.40069     52.79318   
   22.40223     52.79318   
   22.40516     52.79413   
   22.40742     52.7948    
   22.40767     52.79464   
   22.40785     52.79361   
   22.40937     52.79334   
   22.41213     52.79314   
   22.42281     52.79227   
   22.43386     52.79209   
   22.43629     52.79185   
   22.43808     52.79164   
   22.44368     52.79045   
   22.44481     52.79023   
   22.45277     52.78851   
   22.45349     52.78823   
   22.45351     52.78808   
   22.4532      52.78555   
   22.45309     52.78499   
   22.45314     52.78287   
   22.4532      52.78256   
   22.45383     52.78143   
   22.45481     52.77998   
   22.45551     52.77954   
   22.45609     52.77899   
   22.45648     52.77776   
   22.4598      52.77337   
   22.46032     52.77251   
   22.46076     52.77168   
   22.46079     52.77136   
   22.46055     52.77104   
   22.45998     52.77047   
   22.45747     52.76955   
   22.45566     52.76879   
   22.45487     52.76812   
   22.4548      52.76803   
   22.45433     52.76714   
   22.45428     52.76699   
   22.45327     52.76542   
   22.45237     52.76413   
   22.45108     52.76096   
   22.45093     52.76033   
   22.45045     52.75514   
   22.45053     52.75254   
   22.45045     52.75109   
   22.45023     52.75045   
   22.44994     52.74986   
   22.44829     52.74818   
   22.44613     52.74636   
   22.4454      52.74491   
   22.44487     52.74363   
   22.44416     52.74176   
   22.44669     52.73958   
   22.44723     52.73875   
   22.44781     52.73641   
   22.44737     52.72903   
   22.44678     52.72675   
   22.44617     52.72546   
   22.44544     52.72426   
   22.44231     52.7201    
   22.44176     52.71912   
   22.44161     52.71808   
   22.44126     52.71611   
   22.44037     52.71514   
   22.43901     52.71321   
   22.43909     52.71021   
   22.43903     52.70877   
   22.43682     52.70307   
   22.43686     52.70299   
   22.43587     52.70131   
   22.43513     52.69886   
   22.43495     52.69804   
   22.43486     52.6966    
   22.43516     52.69577   
   22.43575     52.69433   
   22.43594     52.69405   
   22.43672     52.69198   
   22.43776     52.69082   
   22.43849     52.68944   
   22.44167     52.68541   
   22.44435     52.68257   
   22.44497     52.68142   
   22.44501     52.67972   
   22.44565     52.67834   
   22.44579     52.67639   
   22.44568     52.6743    
   22.44553     52.67388   
   22.4441      52.67208   
   22.44349     52.67015   
   22.44333     52.66958   
   22.44274     52.66641   
   22.44267     52.66503   
   22.44274     52.66447   
   22.44382     52.66217   
   22.4452      52.66063   
   22.44564     52.66027   
   22.44718     52.65816   
   22.44808     52.6567    
   22.45013     52.65408   
   22.45044     52.65101   
   22.45074     52.65061   
   22.45267     52.65008   
   22.45326     52.65009   
   22.45568     52.65262   
   22.45747     52.65224   
   22.46679     52.64935   
   22.46793     52.64922   
   22.46801     52.64926   
   22.46987     52.64962   
   22.47198     52.64962   
   22.47277     52.64879   
   22.47344     52.64824   
   22.47346     52.64765   
   22.47283     52.64662   
   22.47279     52.64605   
   22.47214     52.64558   
   22.47075     52.64405   
   22.46996     52.64386   
   22.46915     52.64413   
   22.46768     52.64476   
   22.46673     52.64583   
   22.46621     52.64625   
   22.46591     52.64633   
   22.4638      52.6461    
   22.46234     52.64571   
   22.46216     52.64558   
   22.46152     52.64476   
   22.46152     52.64451   
   22.46176     52.64257   
   22.46208     52.64231   
   22.46466     52.64157   
   22.46458     52.64104   
   22.46331     52.64003   
   22.46308     52.63987   
   22.46152     52.63908   
   22.45941     52.63908   
   22.45885     52.63926   
   22.45805     52.63967   
   22.45738     52.64013   
   22.45584     52.64      
   22.45488     52.6397    
   22.45373     52.6397    
   22.45131     52.64033   
   22.44984     52.64046   
   22.44959     52.64031   
   22.44893     52.63982   
   22.44885     52.63967   
   22.44854     52.63851   
   22.44854     52.63802   
   22.44885     52.63761   
   22.44911     52.63721   
   22.44891     52.63551   
   22.44893     52.63485   
   22.44958     52.63388   
   22.44989     52.63331   
   22.44992     52.63299   
   22.44895     52.63194   
   22.44895     52.6317    
   22.44958     52.63087   
   22.4499      52.63038   
   22.4509      52.62853   
   22.4509      52.62667   
   22.45007     52.62432   
   22.44958     52.62369   
   22.44682     52.6232    
   22.44522     52.62253   
   22.44449     52.62253   
   22.44398     52.62284   
   22.44312     52.62368   
   22.44287     52.62377   
   22.44165     52.62375   
   22.44133     52.62372   
   22.44041     52.62336   
   22.44029     52.62324   
   22.44006     52.62261   
   22.43995     52.62164   
   22.43913     52.62118   
   22.438       52.62075   
   22.43403     52.62119   
   22.43346     52.62123   
   22.43233     52.62089   
   22.43223     52.62084   
   22.4319      52.62035   
   22.43175     52.61758   
   22.43167     52.6175    
   22.42422     52.61528   
   22.41993     52.6151    
   22.41974     52.61501   
   22.41912     52.6144    
   22.41928     52.61395   
   22.42111     52.61222   
   22.42119     52.61192   
   22.42111     52.6116    
   22.41919     52.60986   
   22.41879     52.60969   
   22.41227     52.61002   
   22.41154     52.61018   
   22.40913     52.61001   
   22.40831     52.60955   
   22.40967     52.60723   
   22.41166     52.60483   
   22.41381     52.60245   
   22.41625     52.60026   
   22.4174      52.59972   
   22.42502     52.59751   
   22.42606     52.59725   
   22.42792     52.59644   
   22.42926     52.59551   
   22.43524     52.59362   
   22.43784     52.593     
   22.43799     52.59295   
   22.44033     52.59149   
   22.4428      52.58926   
   22.44661     52.58772   
   22.44774     52.58742   
   22.45024     52.58689   
   22.456       52.58697   
   22.45716     52.58618   
   22.45789     52.58561   
   22.45994     52.57918   
   22.46006     52.57683   
   22.46036     52.57616   
   22.46045     52.57577   
   22.4617      52.5719    
   22.46371     52.56961   
   22.46592     52.56736   
   22.46694     52.56668   
   22.47036     52.56518   
   22.47676     52.56313   
   22.48017     52.56223   
   22.48348     52.56083   
   22.48504     52.55972   
   22.48526     52.55946   
   22.48607     52.55801   
   22.48633     52.55712   
   22.48622     52.55575   
   22.48627     52.55445   
   22.48632     52.55436   
   22.48731     52.55315   
   22.48826     52.5524    
   22.48865     52.55152   
   22.48872     52.55105   
   22.48911     52.54935   
   22.48916     52.54925   
   22.49015     52.54838   
   22.49094     52.54786   
   22.49616     52.54505   
   22.49915     52.54342   
   22.50022     52.54196   
   22.50037     52.54163   
   22.50215     52.53896   
   22.5036      52.53756   
   22.50702     52.53597   
   22.50898     52.53451   
   22.51131     52.53334   
   22.51165     52.53321   
   22.51373     52.5318    
   22.51433     52.53127   
   22.51596     52.52932   
   22.51855     52.52673   
   22.52015     52.52572   
   22.52112     52.52547   
   22.52362     52.52442   
   22.52413     52.52419   
   22.52598     52.52312   
   22.52711     52.52206   
   22.52713     52.522     
   22.52754     52.52152   
   22.52754     52.52087   
   22.5264      52.51965   
   22.52355     52.51756   
   22.52113     52.51535   
   22.52058     52.51445   
   22.52016     52.51357   
   22.52016     52.51203   
   22.52083     52.51075   
   22.52173     52.5092    
   22.52186     52.50854   
   22.52151     52.50685   
   22.52142     52.50652   
   22.52099     52.50544   
   22.51872     52.50325   
   22.51555     52.50002   
   22.51495     52.4989    
   22.51418     52.49661   
   22.51395     52.49459   
   22.51387     52.49281   
   22.51143     52.48526   
   22.51123     52.48372   
   22.51127     52.48267   
   22.51162     52.48136   
   22.51186     52.48094   
   22.51417     52.4792    
   22.5143      52.47916   
   22.52025     52.47547   
   22.52583     52.47091   
   22.52713     52.46888   
   22.52832     52.46595   
   22.52874     52.46263   
   22.52917     52.46217   
   22.52989     52.46182   
   22.53119     52.46182   
   22.53225     52.46254   
   22.53583     52.46521   
   22.53922     52.467     
   22.53994     52.46727   
   22.54254     52.46791   
   22.54854     52.46807   
   22.54962     52.46768   
   22.55017     52.46726   
   22.55067     52.46629   
   22.55106     52.4649    
   22.55034     52.46263   
   22.54944     52.46166   
   22.54853     52.46061   
   22.54727     52.45865   
   22.54692     52.45761   
   22.54582     52.45314   
   22.54567     52.45128   
   22.54533     52.44925   
   22.54519     52.44869   
   22.54244     52.44164   
   22.54189     52.43944   
   22.5424      52.43669   
   22.54251     52.43635   
   22.54348     52.43254   
   22.5436      52.43092   
   22.54233     52.42605   
   22.54222     52.42435   
   22.54244     52.42288   
   22.54252     52.42271   
   22.54334     52.42174   
   22.54448     52.42109   
   22.54578     52.42067   
   22.55292     52.41954   
   22.55585     52.41853   
   22.55813     52.41699   
   22.55983     52.41519   
   22.56134     52.41315   
   22.56377     52.40926   
   22.56457     52.4061    
   22.56535     52.40458   
   22.56566     52.40424   
   22.56678     52.40349   
   22.56719     52.40339   
   22.56858     52.4034    
   22.57085     52.40424   
   22.57336     52.40424   
   22.57586     52.40389   
   22.57718     52.40352   
   22.5792      52.40262   
   22.57961     52.40221   
   22.57993     52.40172   
   22.57993     52.40099   
   22.57947     52.40001   
   22.57922     52.39912   
   22.57826     52.39637   
   22.57815     52.39507   
   22.57861     52.39424   
   22.57888     52.39394   
   22.57976     52.39351   
   22.58058     52.39329   
   22.5831      52.39359   
   22.5839      52.3938    
   22.58608     52.39542   
   22.58839     52.39724   
   22.58933     52.39776   
   22.59105     52.39837   
   22.59226     52.39864   
   22.59761     52.3986    
   22.59899     52.39852   
   22.60491     52.39864   
   22.60637     52.3984    
   22.60833     52.39793   
   22.60964     52.39736   
   22.61207     52.39566   
   22.61235     52.3953    
   22.61281     52.39441   
   22.61289     52.39402   
   22.61289     52.39336   
   22.61262     52.39199   
   22.61262     52.38931   
   22.61278     52.38858   
   22.61345     52.38787   
   22.61407     52.38774   
   22.61554     52.38782   
   22.61738     52.38821   
   22.61965     52.39047   
   22.62091     52.39156   
   22.62249     52.3925    
   22.62406     52.39311   
   22.62592     52.3935    
   22.62665     52.39361   
   22.63006     52.39348   
   22.63127     52.39325   
   22.6329      52.39274   
   22.63597     52.39116   
   22.6415      52.38902   
   22.64368     52.38858   
   22.64571     52.38858   
   22.6475      52.38888   
   22.64919     52.38941   
   22.65092     52.39035   
   22.65254     52.39221   
   22.65415     52.39285   
   22.6565      52.39337   
   22.65836     52.39337   
   22.65894     52.39323   
   22.65908     52.39318   
   22.65972     52.39262   
   22.6599      52.39231   
   22.6599      52.39175   
   22.65935     52.39036   
   22.65917     52.39004   
   22.65929     52.38891   
   22.65981     52.38776   
   22.66        52.38747   
   22.66095     52.38646   
   22.66105     52.38641   
   22.66307     52.38574   
   22.66517     52.38574   
   22.66711     52.38642   
   22.67444     52.39035   
   22.67654     52.39115   
   22.67719     52.39131   
   22.68213     52.39236   
   22.68358     52.39259   
   22.68943     52.39329   
   22.70103     52.39292   
   22.7059      52.39251   
   22.70638     52.39242   
   22.70741     52.39197   
   22.70907     52.39046   
   22.7109      52.3872    
   22.71191     52.38601   
   22.71264     52.38536   
   22.71376     52.38477   
   22.7154      52.38441   
   22.72254     52.38346   
   22.72262     52.38338   
   22.7227      52.38095   
   22.7224      52.38029   
   22.72226     52.38006   
   22.72368     52.37884   
   22.72406     52.37834   
   22.7241      52.3776    
   22.72407     52.37747   
   22.72232     52.3759    
   22.72165     52.37543   
   22.72106     52.37472   
   22.72064     52.37396   
   22.72053     52.37356   
   22.72043     52.37292   
   22.72051     52.37276   
   22.72109     52.37255   
   22.72205     52.37233   
   22.72321     52.37155   
   22.72345     52.37107   
   22.72366     52.36837   
   22.72406     52.36771   
   22.72466     52.36726   
   22.7252      52.3669    
   22.72643     52.36648   
   22.7283      52.36623   
   22.72977     52.36633   
   22.73073     52.36662   
   22.73278     52.36787   
   22.73363     52.36864   
   22.73403     52.36952   
   22.73433     52.37056   
   22.73438     52.37235   
   22.73427     52.37349   
   22.7343      52.37405   
   22.73563     52.37712   
   22.73592     52.37762   
   22.7372      52.37927   
   22.7373      52.37933   
   22.73868     52.38071   
   22.73868     52.38144   
   22.7394      52.38186   
   22.74566     52.38281   
   22.74874     52.38314   
   22.75092     52.3835    
   22.75499     52.3835    
   22.75717     52.38334   
   22.75928     52.38286   
   22.76105     52.38223   
   22.76189     52.38162   
   22.763       52.38029   
   22.7634      52.37964   
   22.76569     52.3743    
   22.76658     52.37341   
   22.76859     52.37201   
   22.77088     52.37105   
   22.7716      52.37087   
   22.77421     52.3704    
   22.77631     52.37052   
   22.78647     52.37306   
   22.78962     52.37378   
   22.79099     52.37393   
   22.79359     52.37389   
   22.79666     52.37338   
   22.80371     52.37175   
   22.80456     52.37124   
   22.81044     52.36851   
   22.81167     52.36796   
   22.81444     52.36724   
   22.81784     52.36688   
   22.82507     52.36637   
   22.82732     52.36583   
   22.84013     52.36041   
   22.84136     52.35999   
   22.84882     52.35889   
   22.85126     52.35878   
   22.85182     52.35891   
   22.8536753   52.3613323 
   22.8579668   52.3632716 
   22.86092     52.36382   
   22.8636316   52.3645819 
   22.8658203   52.3644247 
   22.8687385   52.363324  
   22.8706268   52.3627999 
   22.87462     52.36243   
   22.88816     52.36384   
   22.89813     52.36701   
   22.90332     52.36921   
   22.91467     52.37269   
   22.91809     52.37446   
   22.92004     52.37503   
   22.92182     52.37503   
   22.92897     52.37343   
   22.93075     52.37294   
   22.94185     52.37122   
   22.946       52.37068   
   22.95386     52.36886   
   22.95724     52.36803   
   22.96028     52.36694   
   22.96239     52.3658    
   22.96537     52.36367   
   22.96787     52.36065   
   22.97164     52.35655   
   22.97233     52.35538   
   22.97297     52.3545    
   22.97353     52.35272   
   22.97675     52.34634   
   22.978516    52.3461031 
   22.9807905   52.3469945 
   22.9844383   52.3471518 
   22.98628     52.34557   
   22.98679     52.34461   
   22.98679     52.3434    
   22.98637     52.34243   
   22.98589     52.34088   
   22.98593     52.33967   
   22.99547     52.33164   
   22.99627     52.33167   
   22.9967      52.33203   
   22.9968      52.33317   
   22.99962     52.3361    
   23.00148     52.33689   
   23.00196     52.33696   
   23.00408     52.33688   
   23.0048      52.33681   
   23.0091146   52.3364019 
   23.01228     52.33443   
   23.01747     52.33258   
   23.01883     52.3323    
   23.02216     52.33243   
   23.02427     52.33279   
   23.02654     52.33279   
   23.028       52.3325    
   23.02848     52.33243   
   23.03376     52.3307    
   23.0358938   52.3303966 
   23.0405287   52.3283509 
   23.0462793   52.3245741 
   23.0493263   52.3221871 
   23.04988     52.31833   
   23.05118     52.3134    
   23.0516      52.31259   
   23.0532745   52.3104605 
   23.05539     52.30811   
   23.056       52.30759   
   23.05823     52.30519   
   23.05879     52.30423   
   23.05886     52.30303   
   23.0587677   52.3010664 
   23.05738     52.29953   
   23.05405     52.29757   
   23.05151     52.29582   
   23.05061     52.2946    
   23.04976     52.29368   
   23.04838     52.2923    
   23.0480818   52.2910141 
   23.0483393   52.288074  
   23.04981     52.2863    
   23.05078     52.28565   
   23.053532    52.2847663 
   23.0617718   52.282666  
   23.06774     52.28169   
   23.0728439   52.2812745 
   23.0773071   52.2820884 
   23.0796675   52.2830861 
   23.0819849   52.2853964 
   23.0826715   52.2857901 
   23.0856      52.28808   
   23.0872635   52.2897016 
   23.0915979   52.2909878 
   23.09386     52.29221   
   23.09808     52.29417   
   23.1040005   52.2981533 
   23.10652     52.29936   
   23.10725     52.29967   
   23.11016     52.30039   
   23.11072     52.30046   
   23.11348     52.30031   
   23.1169609   52.2992818 
   23.1195358   52.2976284 
   23.1221966   52.2951087 
   23.12271     52.29336   
   23.1236986   52.2922477 
   23.1259302   52.2909878 
   23.1285051   52.2880478 
   23.12834     52.2878    
   23.13046     52.28609   
   23.13058     52.28597   
   23.13173     52.28534   
   23.1327      52.28544   
   23.13555     52.2864    
   23.13569     52.2865    
   23.13725     52.28668   
   23.13871     52.28632   
   23.14323     52.28289   
   23.1438      52.2824    
   23.14521     52.28172   
   23.15127     52.28069   
   23.15347     52.28036   
   23.15671     52.28011   
   23.16003     52.28051   
   23.16117     52.28083   
   23.16418     52.28133   
   23.1679      52.2818    
   23.17285     52.28291   
   23.17699     52.28307   
   23.17806     52.28322   
   23.1787747   52.2834754 
   23.1993899   52.3090283 
   23.218616    52.3319024 
   23.2417902   52.3570712 
   23.2577547   52.3721657 
   23.2730326   52.3869406 
   23.2781825   52.3921788 
   23.2864222   52.3963688 
   23.2960352   52.4010822 
   23.3041033   52.4071565 
   23.3078799   52.4105074 
   23.3104548   52.4137534 
   23.3114848   52.4181508 
   23.3145747   52.4263163 
   23.3459887   52.4571849 
   23.3581584   52.4693733 
   23.35852     52.4697354 
   23.370193    52.479355  
   23.3777706   52.4851194 
   23.4045252   52.5073655 
   23.4258112   52.5223041 
   23.43847     52.52984   
   23.43942     52.53036   
   23.44989     52.53585   
   23.4565386   52.5391169 
   23.4611735   52.5426667 
   23.4678683   52.5485126 
   23.47864     52.55405   
   23.47907     52.55439   
   23.49795     52.56211   
   23.5331241   52.5772238 
   23.55246     52.5828    
   23.56559     52.58726   
   23.5899441   52.5932857 
   23.6265968   52.6026935 
   23.6725123   52.6106188 
   23.7203951   52.6142522 
   23.7345979   52.6075483 
   23.7383372   52.6108543 
   23.7436249   52.6128899 
   23.7488909   52.6137311 
   23.7555857   52.6145649 
   23.7667436   52.6196718 
   23.7769644   52.6247367 
   23.8355915   52.655496  
   23.84754     52.66142   
   23.85338     52.66425   
   23.86291     52.66923   
   23.8817      52.67961   
   23.8907067   52.6846283 
   23.9029      52.69163   
   23.92136     52.70176   
   23.92977     52.70639   
   23.9390788   52.710428  
   23.9387354   52.742864  
   23.9391407   52.7539549 
   23.9395848   52.7615737 
   23.9401796   52.7781835 
   23.9404766   52.7846353 
   23.9397899   52.8130735 
   23.9248554   52.8307083 
   23.92848     52.84475   
   23.9241442   52.8566144 
   23.9256892   52.8938092 
   23.9263758   52.8981586 
   23.9262763   52.8992666 
   23.926122    52.9009843 
   23.9221421   52.9040183 
   23.9201377   52.90595   
   23.9188998   52.9080166 
   23.91955     52.91633   
   23.92084     52.91977   
   23.91913     52.92217   
   23.92067     52.93754   
   23.92136     52.93891   
   23.92239     52.94097   
   23.9222559   52.9422492 
   23.9474902   52.9585907 
   23.9325556   52.97689   
   23.9311823   52.9819545 
   23.9347872   52.9880518 
   23.9287791   53.0170797 
   23.92891     53.02191   
   23.92737     53.02448   
   23.92196     53.02714   
   23.92136     53.0274    
   23.91638     53.02903   
   23.912371    53.0305699 
   23.911841    53.0331104 
   23.9132881   53.0351829 
   23.9171491   53.0383331 
   23.91355     53.04276   
   23.91157     53.04508   
   23.90745     53.04491   
   23.90574     53.0474    
   23.90247     53.0498    
   23.90247     53.0516    
   23.90556     53.05504   
   23.90376     53.05744   
   23.90016     53.06019   
   23.89209     53.06105   
   23.88805     53.06285   
   23.88565     53.06697   
   23.88471     53.0692    
   23.88325     53.07246   
   23.88042     53.07409   
   23.88084     53.07744   
   23.87827     53.07967   
   23.8757      53.08061   
   23.87612     53.08491   
   23.88196     53.09143   
   23.88454     53.094     
   23.88522     53.09804   
   23.88823     53.10293   
   23.8908      53.10379   
   23.89063     53.10731   
   23.88951     53.10945   
   23.88917     53.111     
   23.88823     53.11495   
   23.8930932   53.1223426 
   23.8944922   53.1241968 
   23.8969984   53.1241968 
   23.89947     53.12456   
   23.90016     53.12722   
   23.90402     53.13151   
   23.90986     53.13572   
   23.91724     53.13683   
   23.91741     53.14379   
   23.9144      53.14748   
   23.91398     53.14988   
   23.91715     53.15288   
   23.92127     53.15666   
   23.91741     53.15786   
   23.91655     53.15924   
   23.91852     53.16078   
   23.91784     53.16181   
   23.91526     53.16233   
   23.91372     53.16387   
   23.91458     53.16473   
   23.91767     53.16619   
   23.91638     53.16722   
   23.91243     53.16825   
   23.90831     53.17116   
   23.90462     53.1746    
   23.89793     53.177     
   23.89295     53.18001   
   23.88393     53.1861    
   23.88042     53.18945   
   23.87312     53.19408   
   23.8708      53.19469   
   23.86874     53.1952    
   23.86685     53.19794   
   23.86685     53.19923   
   23.86917     53.20267   
   23.86728     53.20705   
   23.86419     53.20919   
   23.86359     53.21777   
   23.86316     53.22069   
   23.86205     53.22636   
   23.85947     53.23082   
   23.85664     53.23296   
   23.8567058   53.23187   
   23.819112    53.2443012 
   23.7950794   53.2825997 
   23.7713901   53.325683  
   23.76283     53.34283   
   23.75485     53.35853   
   23.7501041   53.3675961 
   23.7473225   53.3722904 
   23.7424192   53.3821534 
   23.7368767   53.3924986 
   23.7295522   53.4035993 
   23.723293    53.4131765 
   23.7172857   53.4223436 
   23.7093278   53.4341688 
   23.7053531   53.4406934 
   23.6994289   53.4517212 
   23.6912013   53.4676855 
   23.6837207   53.4820585 
   23.6792778   53.4897288 
   23.6738643   53.4995589 
   23.668592    53.5095997 
   23.6663569   53.5139795 
   23.664664    53.5162021 
   23.662286    53.518986  
   23.6606598   53.5207475 
   23.6598751   53.5218206 
   23.6593463   53.522968  
   23.6583405   53.5259791 
   23.6573839   53.529128  
   23.6546428   53.535679  
   23.6531083   53.5397391 
   23.6508078   53.5456525 
   23.646237    53.5557821 
   23.6403575   53.5683783 
   23.6337197   53.5821538 
   23.62927     53.5905745 
   23.6274035   53.5941968 
   23.6240884   53.6025313 
   23.622042    53.6082261 
   23.6202971   53.6131715 
   23.6125717   53.6346246 
   23.6079907   53.6473273 
   23.6043094   53.6581431 
   23.602298    53.6630622 
   23.5996955   53.6690794 
   23.5965782   53.676156  
   23.5941284   53.6820097 
   23.5922234   53.6863146 
   23.5902053   53.6915649 
   23.587653    53.6984023 
   23.5858956   53.7030436 
   23.5854095   53.7051981 
   23.5854719   53.7078325 
   23.5859771   53.7175289 
   23.5861936   53.7204332 
   23.5859117   53.7260241 
   23.5854787   53.7296085 
   23.5834864   53.7374875 
   23.5826157   53.7416358 
   23.5821975   53.7432168 
   23.5813926   53.7443643 
   23.5748346   53.7491468 
   23.5568384   53.7619546 
   23.5534422   53.7643731 
   23.5498654   53.7670155 
   23.5491754   53.7676971 
   23.5488692   53.7690915 
   23.5477935   53.7775841 
   23.544931    53.7928342 
   23.5446426   53.7959861 
   23.5449423   53.802939  
   23.5456865   53.8177842 
   23.5462363   53.8258547 
   23.55246     53.82769   
   23.55606     53.82889   
   23.55872     53.83146   
   23.55289     53.83515   
   23.55246     53.83558   
   23.54679     53.84176   
   23.54662     53.84837   
   23.55151     53.85137   
   23.5498      53.85412   
   23.54078     53.85936   
   23.53752     53.85807   
   23.53211     53.85815   
   23.52542     53.86253   
   23.52757     53.86494   
   23.5240578   53.8725658 
END

END
