Relation 104401

1
   16.6467723   54.7659834 
   16.6999935   54.568244  
   16.71038     54.55592   
   16.7436      54.53462   
   16.7465      54.531     
   16.749       54.5305    
   16.7486      54.52895   
   16.74696     54.52768   
   16.7456      54.52724   
   16.74038     54.52358   
   16.739       54.521     
   16.73962     54.51558   
   16.74112     54.51308   
   16.753       54.497     
   16.7545      54.497     
   16.7545      54.493     
   16.7545      54.491     
   16.75662     54.48812   
   16.757       54.488     
   16.7605      54.488     
   16.761       54.4875    
   16.7595      54.486     
   16.762       54.4855    
   16.7665      54.4875    
   16.77454     54.48569   
   16.77795     54.48485   
   16.78954     54.48681   
   16.7925      54.4875    
   16.7935      54.4845    
   16.7995      54.484     
   16.7995      54.482     
   16.81        54.4815    
   16.811       54.482     
   16.8105      54.481     
   16.812       54.4745    
   16.817       54.4695    
   16.818       54.47      
   16.82095     54.47365   
   16.8225      54.474     
   16.8231      54.47305   
   16.825       54.47      
   16.8235      54.4695    
   16.8255      54.4645    
   16.82395     54.46415   
   16.8225      54.4635    
   16.8285      54.4595    
   16.821       54.4565    
   16.8225      54.455     
   16.8215      54.4535    
   16.84        54.4395    
   16.8395      54.433     
   16.8395      54.4325    
   16.83345     54.4281    
   16.82988     54.42408   
   16.8245      54.417     
   16.825       54.416     
   16.83213     54.41212   
   16.8405      54.4055    
   16.84        54.3995    
   16.851       54.3895    
   16.852       54.39      
   16.8535      54.3885    
   16.853       54.386     
   16.85713     54.38372   
   16.8585      54.383     
   16.8585      54.381     
   16.856       54.3775    
   16.84596     54.37318   
   16.844       54.3725    
   16.8435      54.374     
   16.844       54.376     
   16.84053     54.37671   
   16.8385      54.377     
   16.83772     54.37548   
   16.8375      54.371     
   16.8205      54.3685    
   16.81254     54.37019   
   16.807       54.371     
   16.8065      54.3705    
   16.80738     54.36838   
   16.8075      54.368     
   16.8095      54.36      
   16.8165      54.36      
   16.81662     54.35958   
   16.82162     54.35311   
   16.8275      54.347     
   16.8275      54.345     
   16.82562     54.34242   
   16.8254      54.34205   
   16.8235      54.3335    
   16.824       54.332     
   16.81413     54.31862   
   16.81646     54.31831   
   16.82137     54.31722   
   16.823       54.3185    
   16.8255      54.318     
   16.825       54.317     
   16.83813     54.31663   
   16.8395      54.315     
   16.8405      54.3135    
   16.854       54.308     
   16.8535      54.3025    
   16.8629      54.28895   
   16.865       54.2795    
   16.865       54.275     
   16.86312     54.26892   
   16.862       54.2675    
   16.86312     54.2641    
   16.865       54.2615    
   16.8645      54.261     
   16.86345     54.26065   
   16.84692     54.25362   
   16.8439      54.25112   
   16.83655     54.24785   
   16.83445     54.24715   
   16.82996     54.24632   
   16.8265      54.2475    
   16.81615     54.24614   
   16.81255     54.24435   
   16.806       54.2435    
   16.80546     54.24381   
   16.799       54.2445    
   16.79346     54.24218   
   16.78795     54.24115   
   16.78198     54.23973   
   16.7755      54.24      
   16.77145     54.2401    
   16.769       54.23925   
   16.76237     54.23562   
   16.761       54.234     
   16.759       54.234     
   16.75505     54.23565   
   16.75345     54.23565   
   16.75        54.2335    
   16.741       54.2295    
   16.73755     54.23165   
   16.73395     54.23265   
   16.7315      54.232     
   16.7305      54.2315    
   16.7281      54.22545   
   16.7279      54.22505   
   16.7185      54.2205    
   16.718       54.22      
   16.7175      54.219     
   16.717       54.2195    
   16.71558     54.21588   
   16.7125      54.214     
   16.7155      54.209     
   16.7155      54.2075    
   16.717       54.207     
   16.7175      54.2075    
   16.7195      54.207     
   16.72        54.2045    
   16.72062     54.20262   
   16.733       54.203     
   16.73427     54.20048   
   16.73579     54.19247   
   16.73615     54.18745   
   16.736       54.1865    
   16.73448     54.18572   
   16.7305      54.1855    
   16.7295      54.1845    
   16.7295      54.1835    
   16.73        54.1795    
   16.7315      54.178     
   16.73495     54.17635   
   16.747       54.174     
   16.75138     54.16892   
   16.75288     54.16691   
   16.75619     54.16104   
   16.7565      54.158     
   16.7635      54.1555    
   16.7655      54.156     
   16.77338     54.15537   
   16.77332     54.15354   
   16.77512     54.15113   
   16.776       54.15      
   16.776       54.1455    
   16.7745      54.1445    
   16.77517     54.14341   
   16.776       54.137     
   16.7735      54.135     
   16.78        54.1335    
   16.78012     54.13262   
   16.78305     54.1316    
   16.784       54.131     
   16.7815      54.128     
   16.7785      54.1285    
   16.77763     54.12787   
   16.777       54.1275    
   16.7795      54.1245    
   16.77882     54.12254   
   16.7785      54.1205    
   16.7795      54.1195    
   16.794       54.1215    
   16.79755     54.1196    
   16.8035      54.1165    
   16.80262     54.11587   
   16.80062     54.11141   
   16.80015     54.11045   
   16.7975      54.1015    
   16.7925      54.101     
   16.7906      54.08895   
   16.7905      54.088     
   16.7895      54.0815    
   16.7905      54.0805    
   16.798       54.081     
   16.797       54.0795    
   16.7935      54.078     
   16.793       54.075     
   16.79595     54.0756    
   16.8035      54.0795    
   16.80432     54.07796   
   16.8045      54.0765    
   16.81092     54.07338   
   16.812       54.0725    
   16.81188     54.07212   
   16.809       54.07      
   16.80881     54.06804   
   16.80895     54.0644    
   16.81159     54.06262   
   16.8125      54.062     
   16.8101      54.05895   
   16.8015      54.054     
   16.8015      54.053     
   16.7955      54.0505    
   16.795       54.05      
   16.794       54.048     
   16.7955      54.047     
   16.7965      54.045     
   16.7945      54.044     
   16.798       54.0375    
   16.79365     54.03345   
   16.7935      54.0325    
   16.79145     54.03115   
   16.7865      54.029     
   16.7825      54.023     
   16.78545     54.0199    
   16.7875      54.018     
   16.787       54.017     
   16.7875      54.015     
   16.7885      54.0145    
   16.789       54.0165    
   16.79032     54.01496   
   16.7905      54.0135    
   16.7926      54.0123    
   16.7945      54.012     
   16.7955      54.011     
   16.7955      54.0105    
   16.793       54.01      
   16.78963     54.01087   
   16.7895      54.0105    
   16.7915      54.0085    
   16.793       54.009     
   16.79345     54.0089    
   16.795       54.007     
   16.797       54.007     
   16.797       54.0065    
   16.798       54.0065    
   16.798       54.007     
   16.798       54.0075    
   16.8005      54.0055    
   16.801       54.004     
   16.8         54.0035    
   16.7995      54.0025    
   16.8015      54.0       
   16.79755     53.9969    
   16.79695     53.9966    
   16.7955      53.9955    
   16.7965      53.995     
   16.7964      53.99145   
   16.797       53.989     
   16.798       53.987     
   16.79788     53.98662   
   16.792       53.9855    
   16.79145     53.9851    
   16.79        53.9815    
   16.789       53.981     
   16.79        53.9805    
   16.7905      53.981     
   16.79145     53.98085   
   16.8055      53.9805    
   16.8055      53.98      
   16.8045      53.979     
   16.8055      53.9775    
   16.8065      53.9785    
   16.806       53.979     
   16.806       53.9795    
   16.813       53.9795    
   16.8135      53.9815    
   16.8127      53.9826    
   16.812       53.984     
   16.811       53.984     
   16.81        53.986     
   16.8025      53.986     
   16.802       53.987     
   16.80288     53.98808   
   16.804       53.989     
   16.8045      53.988     
   16.806       53.9875    
   16.8055      53.99      
   16.8035      53.9915    
   16.804       53.9945    
   16.8045      53.9945    
   16.8125      53.9955    
   16.814       53.997     
   16.8135      54.0005    
   16.814       54.0       
   16.8145      54.001     
   16.8135      54.001     
   16.8125      54.0015    
   16.8145      54.002     
   16.815       54.0015    
   16.817       54.001     
   16.8176      54.00195   
   16.818       54.0025    
   16.8175      54.004     
   16.8165      54.0045    
   16.815       54.005     
   16.81512     54.00538   
   16.8165      54.005     
   16.8175      54.0045    
   16.8235      54.0045    
   16.8255      54.0035    
   16.8263      54.0019    
   16.82692     54.00012   
   16.826       53.998     
   16.8275      53.9955    
   16.8295      53.9955    
   16.8415      53.998     
   16.8422      53.9966    
   16.845       53.986     
   16.847       53.984     
   16.85548     53.98327   
   16.85604     53.98318   
   16.86103     53.98021   
   16.86641     53.97888   
   16.8715      53.977     
   16.8726      53.9777    
   16.875       53.976     
   16.8751      53.97555   
   16.876       53.971     
   16.873       53.9695    
   16.8734      53.96895   
   16.874       53.968     
   16.876       53.968     
   16.8795      53.964     
   16.8795      53.963     
   16.8775      53.961     
   16.8775      53.96      
   16.878       53.9595    
   16.87738     53.95509   
   16.875       53.9515    
   16.87        53.9515    
   16.8635      53.9505    
   16.862       53.948     
   16.8595      53.9475    
   16.86        53.947     
   16.86404     53.94682   
   16.867       53.948     
   16.86995     53.9474    
   16.87137     53.94678   
   16.876       53.944     
   16.8755      53.943     
   16.876       53.9405    
   16.88        53.9415    
   16.88245     53.9404    
   16.908       53.9255    
   16.912       53.926     
   16.91504     53.92619   
   16.92205     53.9251    
   16.9245      53.9225    
   16.923       53.9215    
   16.924       53.9205    
   16.9395      53.9125    
   16.949       53.9125    
   16.95        53.9105    
   16.9515      53.9095    
   16.955       53.907     
   16.96097     53.90772   
   16.965       53.9045    
   16.96945     53.9044    
   16.97005     53.90415   
   16.973       53.9035    
   16.97408     53.90438   
   16.975       53.905     
   16.9815      53.905     
   16.9775      53.8845    
   16.976       53.8805    
   16.97        53.8805    
   16.9695      53.8795    
   16.9505      53.879     
   16.9535      53.8755    
   16.9435      53.8745    
   16.923       53.8745    
   16.91646     53.87581   
   16.91245     53.8769    
   16.9015      53.8765    
   16.9015      53.8755    
   16.9005      53.875     
   16.89905     53.87565   
   16.89613     53.87763   
   16.894       53.8795    
   16.892       53.8785    
   16.8945      53.874     
   16.8935      53.872     
   16.89062     53.87237   
   16.872       53.8685    
   16.8711      53.85845   
   16.8685      53.8555    
   16.865       53.855     
   16.865       53.854     
   16.861       53.852     
   16.86654     53.85168   
   16.8705      53.85      
   16.8725      53.846     
   16.8725      53.8425    
   16.8719      53.84155   
   16.8715      53.838     
   16.872       53.8375    
   16.8735      53.837     
   16.8725      53.835     
   16.872       53.834     
   16.870803    53.834     
   16.8705      53.834     
   16.87        53.8345    
   16.8695      53.8345    
   16.8695      53.834     
   16.87        53.8335    
   16.872       53.8305    
   16.8725      53.831     
   16.873       53.832     
   16.8765      53.832     
   16.88705     53.8286    
   16.89337     53.82388   
   16.89647     53.8237    
   16.897       53.824     
   16.9035      53.822     
   16.904       53.8225    
   16.908       53.822     
   16.9095      53.8205    
   16.911       53.818     
   16.90713     53.81387   
   16.908       53.8105    
   16.91        53.8085    
   16.909       53.8065    
   16.9095      53.806     
   16.9085      53.803     
   16.91205     53.80115   
   16.917       53.799     
   16.9205      53.799     
   16.93712     53.80242   
   16.939       53.8055    
   16.941       53.8065    
   16.946       53.806     
   16.947       53.8045    
   16.9431      53.79895   
   16.9385      53.79      
   16.938       53.79      
   16.9362      53.78697   
   16.9355      53.784     
   16.934       53.784     
   16.93265     53.78045   
   16.9325      53.7795    
   16.91295     53.7711    
   16.90555     53.7674    
   16.89896     53.76118   
   16.89104     53.75931   
   16.86255     53.7494    
   16.8575      53.7475    
   16.8575      53.747     
   16.85838     53.74592   
   16.8735      53.7235    
   16.874       53.7235    
   16.87722     53.71929   
   16.8761      53.71695   
   16.8755      53.716     
   16.87815     53.70555   
   16.87972     53.69002   
   16.8854      53.67895   
   16.8925      53.6565    
   16.88696     53.65519   
   16.87645     53.6511    
   16.87204     53.64931   
   16.86958     53.64962   
   16.86805     53.6506    
   16.867       53.651     
   16.85989     53.64462   
   16.854       53.639     
   16.85468     53.63404   
   16.855       53.633     
   16.85027     53.62935   
   16.84396     53.62618   
   16.842       53.6255    
   16.8395      53.628     
   16.84        53.629     
   16.83705     53.6306    
   16.8325      53.6335    
   16.8271      53.64162   
   16.82482     53.64321   
   16.81848     53.64172   
   16.814       53.6415    
   16.8125      53.6395    
   16.8125      53.638     
   16.8145      53.636     
   16.815       53.636     
   16.8155      53.6335    
   16.8135      53.631     
   16.79702     53.62977   
   16.7585      53.6245    
   16.758       53.624     
   16.75868     53.62154   
   16.7595      53.617     
   16.758       53.615     
   16.751       53.609     
   16.75032     53.60504   
   16.7496      53.60245   
   16.74748     53.60123   
   16.7425      53.601     
   16.7405      53.599     
   16.74221     53.59682   
   16.7411      53.59395   
   16.7409      53.59355   
   16.7385      53.589     
   16.7397      53.58735   
   16.739       53.5845    
   16.74238     53.58039   
   16.74588     53.57562   
   16.7445      53.5745    
   16.74        53.567     
   16.735       53.567     
   16.73392     53.56788   
   16.73358     53.56812   
   16.731       53.569     
   16.7275      53.568     
   16.72715     53.56655   
   16.725       53.562     
   16.7265      53.555     
   16.71962     53.5469    
   16.71938     53.54658   
   16.718       53.5435    
   16.7185      53.5365    
   16.7165      53.5345    
   16.728       53.5295    
   16.72355     53.5279    
   16.7205      53.526     
   16.72119     53.52354   
   16.721       53.5225    
   16.71804     53.52181   
   16.71045     53.51665   
   16.70548     53.51522   
   16.701       53.515     
   16.69895     53.51585   
   16.696       53.5185    
   16.67808     53.50638   
   16.67058     53.50138   
   16.6534      53.49005   
   16.651       53.487     
   16.64805     53.48585   
   16.646       53.485     
   16.6255      53.486     
   16.624       53.486     
   16.61645     53.48415   
   16.58605     53.48315   
   16.58505     53.4836    
   16.584       53.484     
   16.581       53.481     
   16.579       53.481     
   16.5785      53.4815    
   16.5765      53.479     
   16.53248     53.47823   
   16.52602     53.47777   
   16.50246     53.47318   
   16.49704     53.47182   
   16.49        53.4705    
   16.482       53.477     
   16.46305     53.4851    
   16.454       53.4885    
   16.44912     53.48092   
   16.44612     53.47563   
   16.4465      53.4755    
   16.435       53.461     
   16.436       53.4605    
   16.4475      53.457     
   16.448       53.4575    
   16.4475      53.459     
   16.4495      53.461     
   16.4574      53.4598    
   16.45858     53.45912   
   16.4615      53.4585    
   16.463       53.462     
   16.4655      53.4605    
   16.465       53.458     
   16.464       53.458     
   16.46088     53.45412   
   16.4605      53.4535    
   16.4565      53.4525    
   16.45153     53.4532    
   16.4465      53.4555    
   16.444       53.454     
   16.4501      53.43955   
   16.4519      53.43595   
   16.468       53.4035    
   16.4745      53.404     
   16.476       53.4025    
   16.4765      53.401     
   16.477       53.3995    
   16.478       53.3975    
   16.47475     53.392     
   16.4745      53.389     
   16.48005     53.3866    
   16.4895      53.3835    
   16.48938     53.38391   
   16.487       53.3875    
   16.4875      53.388     
   16.49155     53.3861    
   16.4955      53.3835    
   16.5005      53.385     
   16.50412     53.38362   
   16.509       53.3795    
   16.508       53.379     
   16.50763     53.37763   
   16.508       53.377     
   16.51255     53.3741    
   16.52205     53.3691    
   16.526       53.3675    
   16.52708     53.36838   
   16.5311      53.37295   
   16.53165     53.37445   
   16.53341     53.37662   
   16.535       53.378     
   16.538       53.3755    
   16.5385      53.376     
   16.5385      53.373     
   16.542       53.3705    
   16.543       53.3685    
   16.5415      53.367     
   16.542       53.3655    
   16.545       53.366     
   16.546       53.367     
   16.546       53.363     
   16.547       53.363     
   16.551       53.3585    
   16.551       53.357     
   16.55513     53.35513   
   16.5555      53.3545    
   16.5585      53.356     
   16.5595      53.3545    
   16.563       53.353     
   16.56658     53.35538   
   16.572       53.359     
   16.574       53.3575    
   16.576       53.3555    
   16.5745      53.3545    
   16.5824      53.34888   
   16.58753     53.3462    
   16.58997     53.3458    
   16.60402     53.34527   
   16.624       53.3465    
   16.6255      53.3475    
   16.628       53.3475    
   16.6287      53.3461    
   16.6295      53.3435    
   16.627       53.339     
   16.6285      53.3375    
   16.6355      53.335     
   16.63437     53.33263   
   16.6335      53.3295    
   16.63695     53.32735   
   16.63904     53.32732   
   16.643       53.3285    
   16.6453481   53.3275132 
   16.64745     53.3264    
   16.64955     53.3256    
   16.6545      53.322     
   16.6565      53.3195    
   16.66746     53.31732   
   16.66845     53.3169    
   16.674       53.3155    
   16.67559     53.31688   
   16.6795      53.319     
   16.682       53.3175    
   16.6808      53.3139    
   16.681       53.3115    
   16.68212     53.31063   
   16.687       53.307     
   16.69        53.3085    
   16.69295     53.3079    
   16.696       53.305     
   16.6945      53.303     
   16.6975      53.301     
   16.69804     53.30132   
   16.704       53.3035    
   16.71004     53.30268   
   16.713       53.3015    
   16.7135      53.299     
   16.69154     53.29431   
   16.67468     53.29026   
   16.67139     53.28762   
   16.663       53.2795    
   16.6625      53.279     
   16.65513     53.28012   
   16.653       53.282     
   16.65263     53.28187   
   16.651       53.281     
   16.6515      53.2795    
   16.65088     53.27808   
   16.65        53.277     
   16.6525      53.2745    
   16.6565      53.272     
   16.6575      53.2715    
   16.6571      53.26905   
   16.6575      53.2675    
   16.657       53.267     
   16.64953     53.2677    
   16.64897     53.26779   
   16.64463     53.26787   
   16.6315      53.261     
   16.6305      53.2605    
   16.6315      53.2595    
   16.632       53.26      
   16.63287     53.26013   
   16.6385      53.259     
   16.6445      53.256     
   16.6365      53.2535    
   16.63345     53.2526    
   16.628       53.2485    
   16.6255      53.2435    
   16.624       53.2425    
   16.62335     53.24055   
   16.621       53.2345    
   16.624       53.2335    
   16.6255      53.2335    
   16.6315      53.2335    
   16.63385     53.22945   
   16.634       53.2285    
   16.62903     53.22729   
   16.6255      53.2265    
   16.62858     53.22412   
   16.63042     53.22288   
   16.6376      53.21655   
   16.638       53.2155    
   16.6265      53.2195    
   16.6255      53.219     
   16.624       53.2185    
   16.617       53.216     
   16.6245      53.2095    
   16.62337     53.20763   
   16.62112     53.20687   
   16.60695     53.2104    
   16.60492     53.21188   
   16.597       53.2185    
   16.6005      53.222     
   16.6         53.2235    
   16.5995      53.2235    
   16.597       53.229     
   16.58949     53.22874   
   16.57562     53.22812   
   16.576       53.2305    
   16.5745      53.2315    
   16.57396     53.23119   
   16.56845     53.23035   
   16.56695     53.23085   
   16.5581      53.2337    
   16.55692     53.23312   
   16.552       53.227     
   16.555       53.225     
   16.5525      53.223     
   16.553       53.2225    
   16.551       53.2205    
   16.5515      53.22      
   16.54895     53.2186    
   16.54855     53.2184    
   16.5465      53.2175    
   16.54595     53.2179    
   16.5355      53.2215    
   16.5335      53.216     
   16.529       53.2145    
   16.5305      53.2075    
   16.53255     53.2061    
   16.53555     53.2046    
   16.54        53.202     
   16.52996     53.20019   
   16.5275      53.1995    
   16.52731     53.19754   
   16.5216      53.18945   
   16.5205      53.188     
   16.51652     53.18778   
   16.512       53.1865    
   16.5126      53.18505   
   16.5135      53.1835    
   16.50461     53.17902   
   16.507       53.1765    
   16.50295     53.17515   
   16.502       53.175     
   16.5012      53.17297   
   16.5         53.164     
   16.49449     53.16377   
   16.48651     53.16423   
   16.48442     53.16538   
   16.48055     53.16715   
   16.4765      53.1705    
   16.47353     53.17029   
   16.46195     53.16715   
   16.461       53.167     
   16.4605      53.165     
   16.457       53.1655    
   16.4555      53.164     
   16.456       53.163     
   16.45445     53.16215   
   16.45295     53.1616    
   16.4515      53.1605    
   16.452       53.16      
   16.451       53.159     
   16.44892     53.16038   
   16.4455      53.161     
   16.447       53.157     
   16.4465      53.155     
   16.44005     53.1566    
   16.4385      53.1575    
   16.4315      53.156     
   16.43        53.1535    
   16.4205      53.149     
   16.417       53.149     
   16.4158      53.1511    
   16.4175      53.154     
   16.4115      53.156     
   16.40645     53.1584    
   16.406       53.1585    
   16.406       53.16      
   16.4075      53.1615    
   16.411       53.162     
   16.41        53.164     
   16.3995      53.164     
   16.399       53.1635    
   16.402       53.1605    
   16.4         53.159     
   16.39792     53.15988   
   16.3955      53.1605    
   16.39442     53.15962   
   16.3915      53.158     
   16.39615     53.15305   
   16.39632     53.15246   
   16.39723     53.14823   
   16.39162     53.14189   
   16.39073     53.13899   
   16.3905      53.1315    
   16.3905      53.1305    
   16.387       53.1295    
   16.37588     53.12837   
   16.372       53.129     
   16.371       53.128     
   16.3635      53.1235    
   16.36695     53.1214    
   16.3685      53.1205    
   16.36458     53.11738   
   16.36245     53.1161    
   16.356       53.1135    
   16.346       53.1135    
   16.3455      53.111     
   16.3475      53.1075    
   16.352       53.105     
   16.35312     53.10208   
   16.356       53.0965    
   16.359       53.0935    
   16.35965     53.09105   
   16.364       53.0825    
   16.3635      53.078     
   16.35845     53.0756    
   16.35655     53.07485   
   16.34861     53.07238   
   16.34489     53.06912   
   16.339       53.061     
   16.3335      53.061     
   16.3325      53.06      
   16.33045     53.05815   
   16.328       53.057     
   16.32013     53.05738   
   16.31512     53.04992   
   16.3145      53.0485    
   16.31805     53.0461    
   16.319       53.0455    
   16.3185      53.045     
   16.3145      53.04      
   16.316       53.0375    
   16.3155      53.037     
   16.31002     53.03723   
   16.28695     53.04035   
   16.2855      53.041     
   16.287       53.042     
   16.2885      53.0445    
   16.28562     53.04858   
   16.28296     53.04868   
   16.27962     53.04737   
   16.27413     53.04762   
   16.27192     53.04888   
   16.25654     53.04731   
   16.25003     53.04628   
   16.23396     53.04118   
   16.23045     53.04015   
   16.18255     53.03235   
   16.17404     53.02982   
   16.13954     53.01482   
   16.13895     53.0146    
   16.13149     53.01324   
   16.1175      53.013     
   16.11097     53.01379   
   16.0885      53.016     
   16.0835      53.0145    
   16.08        53.0145    
   16.05755     53.0211    
   16.045       53.028     
   16.045       53.029     
   16.04104     53.03019   
   16.03655     53.0316    
   16.024       53.036     
   16.008       53.0345    
   16.00104     53.03619   
   15.98897     53.03828   
   15.973       53.0405    
   15.97148     53.04028   
   15.96658     53.04112   
   15.9645      53.0425    
   15.966       53.045     
   15.9737      53.0521    
   15.973       53.0555    
   15.9725      53.056     
   15.972       53.0565    
   15.9725      53.057     
   15.973       53.0565    
   15.9735      53.056     
   15.97695     53.0566    
   15.984       53.0555    
   15.9855      53.0545    
   15.986       53.054     
   15.986       53.055     
   15.989       53.0565    
   15.9885      53.057     
   15.987       53.0575    
   15.98537     53.06162   
   15.9856      53.06195   
   15.9845      53.065     
   15.985       53.065     
   15.986       53.0685    
   15.989       53.071     
   15.9935      53.0735    
   15.994       53.079     
   15.9935      53.079     
   15.9915      53.081     
   15.9935      53.0815    
   15.99662     53.08487   
   15.9975      53.087     
   15.9945      53.0895    
   15.993       53.0915    
   15.9865      53.0935    
   15.9855      53.0925    
   15.984       53.0935    
   15.985       53.096     
   15.98408     53.09662   
   15.98        53.0975    
   15.9822084   53.0997085 
   15.9835      53.102     
   15.982       53.103     
   15.9805      53.1025    
   15.98        53.102     
   15.9785      53.1035    
   15.9845      53.114     
   15.9815      53.117     
   15.97919     53.11296   
   15.979       53.111     
   15.92198     53.11828   
   15.918       53.1185    
   15.91455     53.1206    
   15.91395     53.1209    
   15.9115      53.124     
   15.90354     53.12281   
   15.879       53.119     
   15.875       53.121     
   15.87055     53.11985   
   15.86695     53.11865   
   15.85205     53.11685   
   15.8485      53.1155    
   15.8595      53.0945    
   15.85654     53.09331   
   15.84058     53.08988   
   15.83755     53.08835   
   15.82246     53.08669   
   15.81996     53.08619   
   15.8115      53.084     
   15.812       53.083     
   15.81095     53.08215   
   15.8095      53.0815    
   15.8125      53.0805    
   15.8135      53.081     
   15.8169      53.07395   
   15.821       53.066     
   15.7925      53.0595    
   15.79        53.0595    
   15.7834      53.0613    
   15.78187     53.06112   
   15.78155     53.0609    
   15.78        53.06      
   15.78        53.059     
   15.7795      53.0585    
   15.7805      53.0585    
   15.78297     53.0583    
   15.7975      53.0535    
   15.7985      53.054     
   15.803       53.0515    
   15.804       53.0505    
   15.803       53.048     
   15.80505     53.0471    
   15.809       53.0455    
   15.808       53.0445    
   15.8045      53.0435    
   15.78996     53.04368   
   15.78854     53.04332   
   15.7845      53.04      
   15.783       53.038     
   15.78104     53.03781   
   15.7786      53.03345   
   15.778       53.0315    
   15.77409     53.02838   
   15.762       53.0265    
   15.763       53.0255    
   15.76538     53.0224    
   15.77395     53.01885   
   15.77555     53.0181    
   15.7765      53.0175    
   15.776       53.0165    
   15.777       53.0155    
   15.7745      53.0145    
   15.775       53.0135    
   15.7755      53.013     
   15.77515     53.01245   
   15.774       53.01      
   15.7725      53.009     
   15.77175     53.0055    
   15.77165     53.00345   
   15.7685      52.9995    
   15.76704     52.99932   
   15.7645      52.9995    
   15.76388     53.00037   
   15.758       52.995     
   15.7515      52.994     
   15.75095     52.9944    
   15.748       52.9965    
   15.7465      52.995     
   15.7465      52.9935    
   15.74445     52.99215   
   15.74296     52.99168   
   15.729       52.9895    
   15.729       52.988     
   15.726       52.986     
   15.72205     52.9871    
   15.719       52.9895    
   15.71595     52.9894    
   15.71391     52.99088   
   15.7074      52.9952    
   15.705       52.996     
   15.696       52.9935    
   15.6955      52.994     
   15.6936      52.99695   
   15.694       52.998     
   15.69059     52.99738   
   15.688       52.996     
   15.68746     52.99632   
   15.678       52.998     
   15.672       52.998     
   15.6695      52.996     
   15.669       52.9935    
   15.6695      52.9925    
   15.669       52.992     
   15.63205     52.9769    
   15.63        52.976     
   15.62658     52.97812   
   15.6245      52.9795    
   15.62154     52.97882   
   15.615       52.9765    
   15.6145      52.9765    
   15.61081     52.97796   
   15.6065      52.9815    
   15.60246     52.98068   
   15.59554     52.97882   
   15.58992     52.98038   
   15.58695     52.98185   
   15.576       52.984     
   15.57295     52.98685   
   15.565       52.9955    
   15.5609      53.00345   
   15.5551      53.00955   
   15.555       53.0115    
   15.54704     53.01368   
   15.5455      53.014     
   15.54442     53.01312   
   15.5395      53.0095    
   15.54        53.009     
   15.53845     53.0081    
   15.529       53.0055    
   15.526       53.0065    
   15.52305     53.00385   
   15.5015      53.0       
   15.5004      53.0007    
   15.475       52.994     
   15.46655     52.9899    
   15.464       52.9885    
   15.4525      52.9875    
   15.44795     52.9894    
   15.445       52.9905    
   15.42755     52.98585   
   15.4175      52.983     
   15.415       52.986     
   15.41438     52.98511   
   15.41012     52.97992   
   15.4105      52.979     
   15.41155     52.97865   
   15.414       52.9775    
   15.4135      52.9765    
   15.39704     52.97282   
   15.39403     52.9723    
   15.38842     52.97012   
   15.388       52.97      
   15.3865      52.969     
   15.38569     52.96646   
   15.386       52.964     
   15.387       52.9635    
   15.387       52.9615    
   15.38345     52.96015   
   15.37355     52.9534    
   15.3719      52.95205   
   15.3715      52.949     
   15.36895     52.9471    
   15.3665      52.9465    
   15.366       52.946     
   15.365       52.9465    
   15.366       52.947     
   15.366       52.9475    
   15.365       52.9485    
   15.362       52.948     
   15.36185     52.94705   
   15.3615      52.946     
   15.362       52.9455    
   15.3635      52.9445    
   15.3615      52.944     
   15.341       52.9405    
   15.33746     52.94182   
   15.3355      52.9425    
   15.3375      52.9445    
   15.335       52.947     
   15.32754     52.94968   
   15.32496     52.95031   
   15.3125      52.954     
   15.309       52.953     
   15.30254     52.95418   
   15.286       52.9585    
   15.2855      52.9585    
   15.282       52.956     
   15.282       52.948     
   15.28762     52.9391    
   15.291       52.934     
   15.30058     52.92762   
   15.30195     52.9269    
   15.3124      52.91588   
   15.3146      52.91412   
   15.3205      52.9085    
   15.32        52.908     
   15.319       52.9075    
   15.3188      52.90503   
   15.32112     52.90159   
   15.32263     52.89963   
   15.3226      52.89845   
   15.31958     52.89588   
   15.21196     52.86718   
   15.1955      52.863     
   15.18955     52.86135   
   15.16815     52.8557    
   15.1665      52.8545    
   15.163       52.8545    
   15.1609309   52.8564304 
   15.1605      52.856     
   15.1595      52.854     
   15.10646     52.83968   
   15.071       52.831     
   15.0685      52.8325    
   15.0691      52.83755   
   15.069       52.838     
   15.058       52.843     
   15.05195     52.8454    
   15.043       52.8535    
   15.03785     52.86045   
   15.037       52.8625    
   15.032       52.8615    
   15.02915     52.85795   
   15.029       52.857     
   15.01854     52.85732   
   15.01795     52.85715   
   15.013       52.8565    
   15.013       52.8555    
   15.015       52.8535    
   15.015       52.85      
   14.99104     52.84382   
   14.9905      52.8435    
   14.98712     52.8471    
   14.9825      52.8495    
   14.982       52.849     
   14.979       52.853     
   14.9795      52.8545    
   14.98        52.8545    
   14.98        52.86      
   14.97824     52.8634    
   14.9775      52.8655    
   14.96805     52.8701    
   14.9675      52.8705    
   14.9625      52.8675    
   14.95404     52.86918   
   14.946       52.87      
   14.9525      52.874     
   14.9515      52.875     
   14.94646     52.87768   
   14.94504     52.87732   
   14.94155     52.8776    
   14.93595     52.8799    
   14.924       52.883     
   14.91904     52.88182   
   14.912       52.8805    
   14.911       52.877     
   14.903       52.878     
   14.9015      52.876     
   14.89795     52.8736    
   14.8975      52.8735    
   14.8941      52.86745   
   14.894       52.867     
   14.8931      52.86505   
   14.8935      52.8645    
   14.893       52.8635    
   14.89325     52.863     
   14.8905      52.861     
   14.89438     52.85687   
   14.90255     52.85485   
   14.906       52.856     
   14.91        52.8555    
   14.9125      52.853     
   14.912       52.8525    
   14.91395     52.8504    
   14.91646     52.84981   
   14.919       52.848     
   14.919       52.8445    
   14.918       52.8435    
   14.9155      52.8425    
   14.9165      52.8415    
   14.91445     52.8406    
   14.90062     52.83637   
   14.8996      52.83445   
   14.8985      52.8335    
   14.8955      52.8335    
   14.8945      52.836     
   14.895       52.8365    
   14.8945      52.8405    
   14.888       52.847     
   14.87448     52.84677   
   14.868       52.8475    
   14.8665      52.847     
   14.866       52.84      
   14.87208     52.83462   
   14.873       52.834     
   14.86395     52.8301    
   14.854       52.825     
   14.8545      52.8245    
   14.847       52.8085    
   14.849       52.8065    
   14.861       52.801     
   14.8625      52.7995    
   14.86038     52.79559   
   14.8589      52.79355   
   14.85755     52.7919    
   14.8555      52.7915    
   14.8545      52.7885    
   14.8549      52.78745   
   14.8554      52.78605   
   14.8549      52.78505   
   14.849       52.7805    
   14.84881     52.77854   
   14.847       52.7755    
   14.83605     52.7734    
   14.83355     52.77235   
   14.82945     52.7709    
   14.8215      52.7725    
   14.81438     52.77112   
   14.8115      52.769     
   14.811       52.7685    
   14.8115      52.768     
   14.813       52.7645    
   14.811       52.763     
   14.808       52.7635    
   14.809       52.7625    
   14.80492     52.76062   
   14.801       52.7575    
   14.795       52.7575    
   14.7935      52.758     
   14.7925      52.757     
   14.80087     52.74537   
   14.8025      52.7425    
   14.80105     52.74185   
   14.7985      52.741     
   14.79912     52.73908   
   14.8         52.7375    
   14.79855     52.73685   
   14.79796     52.73669   
   14.7955      52.736     
   14.795       52.735     
   14.79683     52.73009   
   14.7975      52.724     
   14.79562     52.71787   
   14.7954      52.71755   
   14.7925      52.7085    
   14.793       52.708     
   14.792       52.7075    
   14.7908      52.69997   
   14.79087     52.69712   
   14.777       52.6815    
   14.7645      52.673     
   14.7655      52.672     
   14.76538     52.67162   
   14.7555      52.672     
   14.75        52.6665    
   14.7496061   52.6635859 
   14.7475      52.648     
   14.7405      52.646     
   14.74238     52.64292   
   14.7425      52.6415    
   14.7315      52.642     
   14.7316      52.64155   
   14.732       52.6405    
   14.729       52.6375    
   14.72605     52.63685   
   14.725       52.636     
   14.7265      52.6345    
   14.72345     52.6331    
   14.723       52.633     
   14.7215      52.631     
   14.7145      52.633     
   14.6985      52.633     
   14.698       52.634     
   14.6895      52.634     
   14.689       52.636     
   14.67951     52.63673   
   14.6695      52.638     
   14.6575      52.6435    
   14.659       52.645     
   14.66046     52.64518   
   14.6635      52.6465    
   14.663       52.648     
   14.65945     52.6494    
   14.654       52.651     
   14.653       52.65      
   14.65095     52.65035   
   14.6475      52.6515    
   14.6495      52.653     
   14.64145     52.65785   
   14.63995     52.6584    
   14.63298     52.65972   
   14.6285      52.6595    
   14.628       52.6555    
   14.61145     52.64665   
   14.60995     52.6461    
   14.5875      52.635     
   14.59758     52.62912   
   14.606       52.623     
   14.606       52.6215    
   14.60175     52.6147    
   14.5973456   52.6098794 
   14.5971219   52.6100069 
   14.5956381   52.6107158 
   14.5941583   52.6111507 
   14.5928275   52.6115017 
   14.5917127   52.6119866 
   14.5906427   52.6124094 
   14.5837361   52.6152318 
   14.5771528   52.6184106 
   14.5693079   52.6220581 
   14.5677115   52.6226729 
   14.5579525   52.625424  
   14.5505367   52.6280394 
   14.5374218   52.6326654 
   14.5305725   52.635171  
   14.5248476   52.6369212 
   14.5161272   52.6393901 
   14.5112005   52.6410724 
   14.5074841   52.6424942 
   14.5037934   52.6440202 
   14.4954678   52.6476395 
   14.4841381   52.652805  
   14.4716068   52.6582094 
   14.4681736   52.659714  
   14.4666029   52.6605782 
   14.4652296   52.6614111 
   14.4641739   52.6623065 
   14.4633671   52.663129  
   14.4627663   52.6638838 
   14.4606205   52.6676004 
   14.4597794   52.6696199 
   14.4587322   52.6715613 
   14.4579598   52.6726387 
   14.4566122   52.6739554 
   14.4549042   52.6752044 
   14.453385    52.6760631 
   14.4512993   52.6770623 
   14.449205    52.6777908 
   14.4468361   52.6785194 
   14.4450594   52.678842  
   14.438193    52.6798307 
   14.43706     52.6800805 
   14.4354292   52.6805176 
   14.4341246   52.6810379 
   14.433026    52.6817144 
   14.4321676   52.682651  
   14.4315668   52.6835511 
   14.4295774   52.6885136 
   14.4287773   52.690039  
   14.4276444   52.691735  
   14.4268547   52.6927754 
   14.4259278   52.6938835 
   14.4250523   52.6947366 
   14.4241167   52.6954128 
   14.4223572   52.6964376 
   14.4191385   52.6980813 
   14.4159285   52.6996833 
   14.4148384   52.7005259 
   14.4130703   52.7021694 
   14.4120661   52.7033344 
   14.4112936   52.7046658 
   14.4104267   52.7057788 
   14.4089504   52.7073285 
   14.4067789   52.7091486 
   14.4043328   52.7109894 
   14.4025131   52.7124349 
   14.4009424   52.7137713 
   14.3971401   52.7165842 
   14.3949772   52.7181647 
   14.3930289   52.7195372 
   14.3908676   52.7207714 
   14.3875529   52.7222874 
   14.3864886   52.7229372 
   14.3859117   52.7235115 
   14.3854328   52.7245227 
   14.3847462   52.7256559 
   14.3838278   52.7267111 
   14.3825403   52.727995  
   14.3810555   52.729019  
   14.3796393   52.730043  
   14.3782231   52.7315139 
   14.3760945   52.7339722 
   14.3751332   52.7351156 
   14.3742491   52.7358276 
   14.3732191   52.7363889 
   14.3718201   52.7370229 
   14.3704125   52.7375426 
   14.3685414   52.7379947 
   14.3653828   52.7388833 
   14.3642498   52.7393198 
   14.362662    52.740224  
   14.3612715   52.7411282 
   14.3598982   52.7420427 
   14.3587824   52.7431443 
   14.3566452   52.7453266 
   14.3555037   52.7467399 
   14.3538986   52.7485063 
   14.352388    52.7500286 
   14.3516327   52.750652  
   14.3504311   52.751291  
   14.3488003   52.7518521 
   14.3401743   52.7548288 
   14.3347927   52.7566365 
   14.3329474   52.7575351 
   14.3293167   52.7597115 
   14.3276688   52.7603608 
   14.3256775   52.7608542 
   14.31803     52.7628279 
   14.3103996   52.7643288 
   14.305679    52.7654299 
   14.3027092   52.7663751 
   14.2963406   52.7685822 
   14.2907616   52.7700829 
   14.2856547   52.7717758 
   14.2832943   52.7728039 
   14.2802902   52.7742682 
   14.270454    52.7795122 
   14.26115     52.7847296 
   14.2527214   52.7897128 
   14.2488505   52.7922457 
   14.2476746   52.7932838 
   14.2440017   52.7969294 
   14.2413832   52.7990288 
   14.2403532   52.7995841 
   14.239349    52.8000875 
   14.2363449   52.8016079 
   14.2340962   52.80249   
   14.2323796   52.8034552 
   14.2310406   52.8044515 
   14.2289978   52.8066722 
   14.2264744   52.8093546 
   14.2236162   52.8121924 
   14.2214705   52.8141015 
   14.2206122   52.8145788 
   14.2190329   52.8155022 
   14.2176081   52.8162906 
   14.2163893   52.8167731 
   14.2149731   52.8172192 
   14.2119261   52.8179454 
   14.2099949   52.8182411 
   14.2021242   52.8188324 
   14.1909526   52.8198691 
   14.1865918   52.820244  
   14.1770044   52.8207886 
   14.1689163   52.8214414 
   14.1572949   52.8228055 
   14.1525742   52.8232567 
   14.1489264   52.8234901 
   14.1443602   52.8239102 
   14.1418453   52.8242059 
   14.1396137   52.8246052 
   14.1376826   52.8251913 
   14.1361376   52.8257618 
   14.1335627   52.8268975 
   14.1312624   52.8279451 
   14.1295115   52.828946  
   14.1281124   52.8302165 
   14.126825    52.8315648 
   14.1254688   52.8333849 
   14.1245075   52.8351323 
   14.1236836   52.8368693 
   14.1229025   52.8387876 
   14.1226708   52.8398609 
   14.1226708   52.8407837 
   14.1228596   52.8418309 
   14.1234126   52.843184  
   14.1238724   52.844309  
   14.1243187   52.8451073 
   14.1260096   52.8471601 
   14.127443    52.848596  
   14.1305672   52.8521517 
   14.1340605   52.8556087 
   14.1362492   52.8575003 
   14.1398892   52.8601493 
   14.141399    52.86133   
   14.1471239   52.8657137 
   14.1521879   52.8698587 
   14.1548659   52.8722782 
   14.1566511   52.8742105 
   14.1575695   52.8754175 
   14.1580683   52.8764712 
   14.1582991   52.8779714 
   14.1585995   52.8803489 
   14.1590151   52.8819276 
   14.1594594   52.8828346 
   14.1600243   52.8837778 
   14.1604964   52.8850208 
   14.1608139   52.8867713 
   14.1606165   52.8885943 
   14.1605564   52.8900961 
   14.1599728   52.8912664 
   14.15896     52.8929079 
   14.1574837   52.8944251 
   14.1560074   52.8958232 
   14.1548916   52.8971176 
   14.1540676   52.8982412 
   14.153278    52.8996495 
   14.1528317   52.9006435 
   14.1524025   52.9020206 
   14.1521879   52.9034392 
   14.1516223   52.9061443 
   14.1510023   52.9087843 
   14.150964    52.9111273 
   14.1501626   52.9147926 
   14.1479822   52.9193778 
   14.1468141   52.9236887 
   14.1463216   52.9259228 
   14.1440204   52.9316    
   14.1431128   52.9349857 
   14.1439113   52.944503  
   14.140041    52.950481  
   14.1439364   52.961109  
   14.1453363   52.9620419 
   14.147081    52.9625408 
   14.1500593   52.9632503 
   14.1521921   52.9636225 
   14.153855    52.963818  
   14.1556749   52.9640439 
   14.1575588   52.9642453 
   14.1596229   52.9647223 
   14.161376    52.9654914 
   14.1631308   52.9665121 
   14.1644401   52.967422  
   14.1653048   52.9683577 
   14.1666095   52.9700724 
   14.167483    52.9712612 
   14.1680409   52.9720779 
   14.1690537   52.9730289 
   14.170427    52.9737163 
   14.1727787   52.9745691 
   14.1758085   52.9754736 
   14.1819798   52.9774892 
   14.1872755   52.9791947 
   14.1899363   52.9801042 
   14.1933438   52.9814685 
   14.1967255   52.9830497 
   14.2025105   52.985034  
   14.2060467   52.9862379 
   14.2089306   52.9868425 
   14.2152563   52.987788  
   14.2170159   52.9881497 
   14.2187325   52.9886096 
   14.2248093   52.9904851 
   14.2269894   52.9910275 
   14.2293411   52.9914512 
   14.2328945   52.9924638 
   14.2360016   52.9936107 
   14.2408162   52.9955044 
   14.2450825   52.9972269 
   14.254172    53.0008014 
   14.257073    53.0019791 
   14.2586609   53.0027539 
   14.2598454   53.003415  
   14.2620684   53.0049852 
   14.2650467   53.0068445 
   14.2683083   53.0085229 
   14.2724539   53.0106971 
   14.2753979   53.0122205 
   14.2788826   53.0137954 
   14.2850968   53.016811  
   14.2923409   53.0205801 
   14.3006064   53.0252988 
   14.3032671   53.0270023 
   14.3056532   53.0289226 
   14.3100563   53.0326339 
   14.3122213   53.0342695 
   14.3124042   53.0344081 
   14.3125626   53.0345282 
   14.3152338   53.0363453 
   14.3171631   53.0375939 
   14.3194977   53.0390802 
   14.3210856   53.0399472 
   14.3226734   53.0407006 
   14.3249651   53.0416295 
   14.3286558   53.0430125 
   14.3325611   53.0444677 
   14.3338829   53.0450869 
   14.3351361   53.0457215 
   14.3372475   53.0469444 
   14.3389984   53.0481673 
   14.3422428   53.05052   
   14.3445431   53.052398  
   14.3477532   53.0552664 
   14.3499848   53.0573918 
   14.3517872   53.0596099 
   14.3536154   53.0622405 
   14.3555895   53.0653197 
   14.3566293   53.067522  
   14.3573319   53.0692228 
   14.3578984   53.0705853 
   14.3586966   53.071627  
   14.3612286   53.0740403 
   14.3623615   53.0753243 
   14.363134    53.07683   
   14.3652217   53.080285  
   14.3680499   53.0864315 
   14.3689533   53.0887856 
   14.3698288   53.0934195 
   14.3699774   53.0956206 
   14.3698717   53.0987796 
   14.3695971   53.1011811 
   14.3696228   53.1021499 
   14.3700691   53.103433  
   14.3706871   53.1044636 
   14.3716742   53.1054942 
   14.3760515   53.109034  
   14.3770558   53.1099614 
   14.3777081   53.1112494 
   14.3781372   53.1128569 
   14.3785921   53.115     
   14.3794247   53.1177561 
   14.3799568   53.12113   
   14.3803002   53.1231234 
   14.3816563   53.1286394 
   14.3828579   53.1330682 
   14.3833471   53.134855  
   14.3837763   53.1359467 
   14.3854843   53.1393089 
   14.3864198   53.1406746 
   14.3856469   53.1430297 
   14.3844584   53.1439883 
   14.3828362   53.1454812 
   14.3779782   53.1499753 
   14.3757895   53.1521012 
   14.3732232   53.1545255 
   14.37191     53.1558997 
   14.3705195   53.157593  
   14.3699101   53.1584885 
   14.3695239   53.1593377 
   14.369275    53.1606655 
   14.3688201   53.1633775 
   14.3686656   53.1642008 
   14.3684252   53.1650396 
   14.3678073   53.1662385 
   14.3667773   53.1684511 
   14.3664511   53.1700616 
   14.3662451   53.1712655 
   14.3663052   53.1725003 
   14.3671035   53.1745273 
   14.3678759   53.1763845 
   14.3681935   53.177578  
   14.3687514   53.1804021 
   14.3691634   53.1816366 
   14.3696784   53.1827219 
   14.3705367   53.1836889 
   14.3718482   53.1851086 
   14.372485    53.1861989 
   14.3734549   53.1901333 
   14.3740729   53.1929206 
   14.3750685   53.1988699 
   14.3758153   53.2007209 
   14.3767337   53.2020063 
   14.3785189   53.2032144 
   14.3811282   53.2043198 
   14.3838532   53.2037685 
   14.3851049   53.2040895 
   14.3903577   53.2048967 
   14.3966062   53.2056524 
   14.399473    53.2063104 
   14.4019106   53.2072768 
   14.4030607   53.2079657 
   14.4053153   53.2095081 
   14.4064682   53.210798  
   14.4071806   53.2118517 
   14.40785     53.2133937 
   14.4081848   53.2158196 
   14.4082706   53.2187902 
   14.4084423   53.2197975 
   14.40888     53.2214111 
   14.4092405   53.2223721 
   14.4099271   53.2233638 
   14.4107254   53.2243299 
   14.4127596   53.2263031 
   14.4179609   53.2309324 
   14.4199522   53.2328333 
   14.4221151   53.234015  
   14.4273851   53.2364654 
   14.4296854   53.2379449 
   14.4313591   53.2392188 
   14.4324749   53.2405543 
   14.4334877   53.2418487 
   14.433831    53.2430404 
   14.4340027   53.2443142 
   14.4342998   53.2456294 
   14.4347494   53.2468051 
   14.4357622   53.2483613 
   14.4376505   53.2505284 
   14.4394014   53.2522539 
   14.4414957   53.2540974 
   14.442442    53.2546741 
   14.4431951   53.2551398 
   14.4475038   53.2576609 
   14.4485338   53.2583541 
   14.4493234   53.2591756 
   14.4498642   53.26011   
   14.4500702   53.2614911 
   14.4498642   53.263134  
   14.4493492   53.2646998 
   14.4487226   53.2660705 
   14.44783     53.2674411 
   14.4465207   53.2688836 
   14.4452597   53.2701402 
   14.4442274   53.2716148 
   14.4441349   53.2728548 
   14.4447768   53.2743432 
   14.4437613   53.2745427 
   14.4429464   53.2746536 
   14.4411437   53.2748176 
   14.438962    53.2752065 
   14.4359535   53.2756755 
   14.434381    53.2758241 
   14.4305493   53.2759884 
   14.4211894   53.276191  
   14.416969    53.2894817 
   14.415763    53.2964389 
   14.415146    53.2999985 
   14.414887    53.3014933 
   14.414728    53.3018523 
   14.4105316   53.3050489 
   14.4088318   53.3066437 
   14.4064751   53.3086954 
   14.4097224   53.3138799 
   14.4129688   53.3192053 
   14.4148244   53.3230809 
   14.4151713   53.3242488 
   14.4150113   53.3247407 
   14.4144404   53.3255827 
   14.4143784   53.3256826 
   14.4123102   53.3290139 
   14.4099559   53.3324918 
   14.4096799   53.3329078 
   14.4093929   53.3333387 
   14.408901    53.3344946 
   14.4084388   53.3355714 
   14.4084194   53.3356175 
   14.4083755   53.3357219 
   14.408311    53.3358754 
   14.4068901   53.3391983 
   14.4067942   53.339542  
   14.4066472   53.3401139 
   14.4057692   53.3430286 
   14.4049542   53.3466522 
   14.4046782   53.3474151 
   14.4043733   53.347724  
   14.3999523   53.3496849 
   14.3980082   53.3505587 
   14.3917611   53.3531223 
   14.3897564   53.3538052 
   14.3895994   53.3541172 
   14.3902233   53.3549761 
   14.3923928   53.3577948 
   14.3928328   53.3584247 
   14.3935516   53.3603125 
   14.3940435   53.3623153 
   14.3945153   53.3654399 
   14.3947612   53.3665158 
   14.3951861   53.3679997 
   14.3952391   53.3692815 
   14.39493     53.374057  
   14.394858    53.3745379 
   14.394718    53.3754718 
   14.394246    53.3766127 
   14.3933501   53.3783795 
   14.3919274   53.381775  
   14.3913873   53.3830639 
   14.3896504   53.3877674 
   14.3882916   53.3895142 
   14.3837261   53.3953885 
   14.3822263   53.3971553 
   14.3799126   53.3999969 
   14.3795346   53.4004629 
   14.3785444   53.4017537 
   14.3784286   53.4018935 
   14.37607     53.4049793 
   14.3739503   53.407882  
   14.3735193   53.4088239 
   14.3731692   53.4137413 
   14.372869    53.4159028 
   14.3728662   53.4159231 
   14.3729262   53.41669   
   14.3726991   53.4187577 
   14.3715262   53.4209665 
   14.3698954   53.4235302 
   14.3696306   53.4240301 
   14.3695055   53.4242661 
   14.3687064   53.4321932 
   14.3687673   53.4329101 
   14.370294    53.4372586 
   14.3705139   53.4378766 
   14.3707888   53.4392544 
   14.3708268   53.4410432 
   14.3711207   53.443244  
   14.3716655   53.4461436 
   14.3716325   53.4477835 
   14.3712795   53.4485044 
   14.3705156   53.4490583 
   14.3707405   53.4510151 
   14.3711474   53.4533528 
   14.3713553   53.4542307 
   14.3714343   53.4549517 
   14.3714823   53.4553976 
   14.3711703   53.4558896 
   14.3706663   53.4565615 
   14.3698035   53.4565305 
   14.3667839   53.4568204 
   14.3656171   53.4567634 
   14.3624296   53.4566644 
   14.3620497   53.4566534 
   14.3607259   53.4566114 
   14.3592141   53.4568013 
   14.3580003   53.4571943 
   14.3575743   53.4577512 
   14.3570394   53.45993   
   14.3564114   53.4612918 
   14.3568473   53.4638585 
   14.3570942   53.4664912 
   14.3570301   53.4696189 
   14.3567861   53.4704888 
   14.3562002   53.4715836 
   14.3557212   53.4727965 
   14.3551552   53.4744293 
   14.3550412   53.4747503 
   14.3546182   53.476997  
   14.3542113   53.4784538 
   14.3541893   53.4786138 
   14.3535942   53.4827763 
   14.3536842   53.4851331 
   14.353813    53.4885897 
   14.353637    53.4898256 
   14.3523442   53.4921603 
   14.3507293   53.4955479 
   14.3504163   53.4960858 
   14.3454741   53.4979126 
   14.3420206   53.4989194 
   14.3398959   53.4994883 
   14.3373023   53.4999992 
   14.3367283   53.5001142 
   14.3327429   53.5009611 
   14.3315331   53.501449  
   14.3285805   53.5029288 
   14.3273003   53.5038073 
   14.3269677   53.5040931 
   14.3266683   53.5049149 
   14.3262856   53.5056112 
   14.3258431   53.5067681 
   14.3248369   53.5087391 
   14.3231741   53.5124277 
   14.3221092   53.5150714 
   14.3203044   53.5178791 
   14.3190365   53.5201218 
   14.3182966   53.5201258 
   14.3156909   53.5245313 
   14.3154919   53.5250122 
   14.3162298   53.5259851 
   14.3165817   53.5264471 
   14.3172556   53.527332  
   14.3179995   53.5279309 
   14.3186073   53.5286138 
   14.3190832   53.5293308 
   14.3192172   53.5297347 
   14.3190192   53.5302917 
   14.3158195   53.5367469 
   14.3153886   53.5370329 
   14.3138718   53.5380277 
   14.3089045   53.5415223 
   14.3057479   53.543567  
   14.3062328   53.5457758 
   14.3064437   53.5476986 
   14.3074014   53.5512232 
   14.3070065   53.5513152 
   14.3061916   53.5515051 
   14.3047128   53.552226  
   14.303099    53.552829  
   14.3022932   53.5533519 
   14.3039888   53.5558356 
   14.3053476   53.5573385 
   14.3060884   53.5581584 
   14.3068363   53.5588483 
   14.3076441   53.5595962 
   14.3111285   53.5627129 
   14.3120673   53.5636588 
   14.313829    53.5650977 
   14.3131821   53.5669515 
   14.3124371   53.571533  
   14.312045    53.5742636 
   14.3122476   53.5797025 
   14.3123967   53.5837056 
   14.3130345   53.588752  
   14.3137822   53.5936995 
   14.314452    53.598163  
   14.3147069   53.5999978 
   14.3151577   53.6032294 
   14.3157365   53.6075859 
   14.3159494   53.6091268 
   14.3163133   53.6124874 
   14.316884    53.6170079 
   14.31702     53.6180418 
   14.3154042   53.6181518 
   14.3113189   53.6184387 
   14.3097911   53.6192316 
   14.3036269   53.6224282 
   14.3013073   53.62368   
   14.2999995   53.6244809 
   14.2953467   53.6273283 
   14.2862483   53.6328958 
   14.2844386   53.6340367 
   14.2839297   53.6343876 
   14.2838697   53.6344676 
   14.2837826   53.6367333 
   14.2837796   53.6368213 
   14.2837526   53.6374583 
   14.2842774   53.6422417 
   14.2845163   53.6440695 
   14.2845243   53.6443705 
   14.2845972   53.6473192 
   14.2846591   53.648456  
   14.2846091   53.6495779 
   14.2846481   53.6516607 
   14.2847279   53.6549223 
   14.2847009   53.6563751 
   14.2847709   53.657749  
   14.2848078   53.6586029 
   14.2847488   53.6588589 
   14.2844969   53.6592438 
   14.2842839   53.6593278 
   14.283423    53.6595528 
   14.28345     53.6598007 
   14.283348    53.6599457 
   14.2828441   53.6602097 
   14.2823702   53.6602017 
   14.2822342   53.6603007 
   14.2820402   53.6603887 
   14.2818292   53.6604417 
   14.2816373   53.6605296 
   14.2813223   53.6607816 
   14.2810713   53.6608696 
   14.2808584   53.6610106 
   14.2801925   53.6614645 
   14.2795655   53.6619985 
   14.2793226   53.6622614 
   14.2794166   53.6623154 
   14.2798435   53.6624794 
   14.2798585   53.6625824 
   14.2799645   53.6627654 
   14.2799205   53.6628684 
   14.2797855   53.6629674 
   14.2791456   53.6632953 
   14.2788966   53.6633603 
   14.2786676   53.6633643 
   14.2784837   53.6632723 
   14.2778948   53.6632613 
   14.2777258   53.6632383 
   14.2770369   53.6629483 
   14.27672     53.6628983 
   14.276514    53.6628263 
   14.276238    53.6626773 
   14.2760321   53.6626244 
   14.2757671   53.6626014 
   14.2756521   53.6626124 
   14.2754612   53.6626773 
   14.2748183   53.6630553 
   14.2746223   53.6632263 
   14.2744483   53.6632993 
   14.2741963   53.6633563 
   14.2733675   53.6633222 
   14.2731775   53.6633412 
   14.2725036   53.6635512 
   14.2723496   53.6636272 
   14.2722246   53.6638752 
   14.2721706   53.6642261 
   14.2720876   53.6643821 
   14.2719267   53.6645581 
   14.2711808   53.6643101 
   14.2706749   53.6646111 
   14.2705539   53.6647561 
   14.2704769   53.665168  
   14.2705079   53.665336  
   14.2703369   53.6657829 
   14.2705308   53.6660919 
   14.2707078   53.6664459 
   14.2718536   53.6682237 
   14.2744651   53.6687317 
   14.2769397   53.6691506 
   14.2778936   53.6699715 
   14.2785614   53.6712794 
   14.2787604   53.6724813 
   14.2788173   53.6728282 
   14.280589    53.6741401 
   14.2814639   53.6746671 
   14.2822297   53.675129  
   14.2819318   53.6765938 
   14.2843993   53.6776687 
   14.2840873   53.6801945 
   14.2848891   53.6819913 
   14.2845992   53.6829682 
   14.2830654   53.684181  
   14.2821195   53.684372  
   14.2807157   53.6846539 
   14.2773912   53.6856918 
   14.2760004   53.6865807 
   14.2758525   53.687735  
   14.2758454   53.6878005 
   14.2759166   53.6890694 
   14.2759553   53.6897583 
   14.2754707   53.689822  
   14.2752919   53.6898455 
   14.2736057   53.6900672 
   14.2733087   53.6915321 
   14.2714889   53.6934768 
   14.2711969   53.6946177 
   14.2704069   53.6955859 
   14.2695519   53.6959797 
   14.2689385   53.6963047 
   14.2688093   53.6966296 
   14.2685892   53.6969473 
   14.2676471   53.6975089 
   14.2673267   53.6982614 
   14.2680023   53.7035538 
   14.2724655   53.706399  
   14.2680023   53.7108696 
   14.2741821   53.7453993 
   14.2625091   53.7565646 
   14.2741821   53.7709736 
   14.2641013   53.7865306 
   14.257619    53.7967973 
   14.2490078   53.8098126 
   14.2363992   53.8298467 
   14.2124017   53.8668289 
   14.2122397   53.8670785 
   14.211869    53.8676495 
   14.2139552   53.8778778 
   14.2151306   53.8836393 
   14.2136714   53.8869781 
   14.2133199   53.8910825 
   14.2133195   53.8910837 
   14.2125127   53.9005079 
   14.204273    53.9066265 
   14.2062042   53.9106461 
   14.1925571   53.9124156 
   14.1859481   53.9122134 
   14.186034    53.9140334 
   14.191098    53.9154489 
   14.1967628   53.9147917 
   14.207835    53.9156511 
   14.2277588   53.9285685 
   14.2353062   53.9593267 
   14.2433056   53.9883611 
   14.2287035   54.036626  
   14.2143978   54.0834532 
   14.2025278   54.1267778 
   14.3948461   54.1528441 
   14.6902858   54.2254401 
   15.1645342   54.3315401 
   15.7582741   54.4320606 
   16.008766    54.4783878 
   16.1764693   54.6197535 
   16.3599863   54.7117114 
   16.5650344   54.7558248 
   16.6467723   54.7659834 
END

END
