chel
1
   61.152298   52.420699
   61.174200   52.367377
   61.159045   52.353261
   61.148905   52.315620
   61.135124   52.293442
   61.134354   52.283621
   61.133840   52.277935
   61.132115   52.274262
   61.122976   52.267754
   61.112980   52.261559
   61.102600   52.256028
   61.091879   52.251187
   61.080864   52.247054
   61.079153   52.246484
   61.078717   52.246341
   61.078529   52.246277
   61.076572   52.245629
   61.077003   52.237540
   61.074162   52.231989
   61.072358   52.231518
   61.036454   52.222325
   61.029401   52.219673
   61.029365   52.219659
   61.013227   52.213595
   61.013117   52.213549
   61.010374   52.212375
   61.008249   52.211481
   60.997233   52.207349
   60.987582   52.204381
   60.987092   52.203951
   60.977993   52.196509
   60.968426   52.189675
   60.967531   52.189082
   60.951227   52.178363
   60.942127   52.172760
   60.933652   52.168180
   60.902486   52.152400
   60.900581   52.151450
   60.889860   52.146607
   60.878844   52.142474
   60.867581   52.139068
   60.864591   52.138298
   60.841562   52.132567
   60.833089   52.130674
   60.821476   52.128764
   60.809763   52.127613
   60.805035   52.127367
   60.790809   52.126812
   60.781755   52.124773
   60.770142   52.122862
   60.768655   52.122673
   60.750282   52.120417
   60.724903   52.117009
   60.724366   52.116938
   60.713416   52.115839
   60.685168   52.113873
   60.684405   52.113822
   60.672641   52.113438
   60.665502   52.113579
   60.642188   52.114502
   60.634348   52.113732
   60.628486   52.110964
   60.590250   52.091088
   60.586635   52.089260
   60.578321   52.085432
   60.561959   52.078397
   60.561745   52.078305
   60.538188   52.068213
   60.531740   52.065448
   60.520217   52.059690
   60.517829   52.056032
   60.510974   52.046495
   60.503507   52.037426
   60.495461   52.028864
   60.486870   52.020843
   60.477772   52.013400
   60.468205   52.006566
   60.458210   52.000371
   60.447830   51.994840
   60.437109   51.989998
   60.426093   51.985866
   60.414830   51.982459
   60.410215   51.981292
   60.392034   51.976947
   60.391526   51.976757
   60.386008   51.974789
   60.374745   51.971383
   60.363283   51.968719
   60.351670   51.966808
   60.340680   51.965706
   60.328347   51.964851
   60.327624   51.964802
   60.315860   51.964418
   60.308455   51.964570
   60.294435   51.965146
   60.280289   51.965704
   60.254281   51.964378
   60.243405   51.963816
   60.207534   51.960981
   60.202283   51.959859
   60.190671   51.957948
   60.178957   51.956798
   60.177103   51.956686
   60.135832   51.954416
   60.125922   51.954144
   60.114159   51.954528
   60.102445   51.955677
   60.090832   51.957589
   60.079370   51.960253
   60.068107   51.963659
   60.057091   51.967792
   60.012897   51.973841
   59.979702   51.984912
   59.968439   51.988322
   59.957423   51.992458
   59.951403   51.995075
   59.944735   51.998120
   59.940034   52.000349
   59.929654   52.005886
   59.919659   52.012087
   59.910092   52.018927
   59.900993   52.026377
   59.896637   52.030316
   59.892189   52.034473
   59.887955   52.038561
   59.879909   52.047132
   59.872442   52.056210
   59.865587   52.065755
   59.859371   52.075727
   59.853823   52.086085
   59.848965   52.096780
   59.844819   52.107771
   59.841403   52.119009
   59.838730   52.130446
   59.836913   52.141288
   59.836081   52.147393
   59.835981   52.148137
   59.834827   52.159824
   59.834446   52.170428
   59.834271   52.172848
   59.833885   52.184585
   59.834050   52.192252
   59.834881   52.211655
   59.835102   52.215725
   59.836256   52.227412
   59.838173   52.238998
   59.840846   52.250435
   59.842021   52.254609
   59.843410   52.259322
   59.845651   52.266384
   59.849797   52.277374
   59.854655   52.288071
   59.860203   52.298427
   59.866418   52.308400
   59.870257   52.313907
   59.873874   52.318893
   59.876890   52.322932
   59.884357   52.332009
   59.887881   52.335902
   59.891047   52.342658
   59.896595   52.353014
   59.902810   52.362986
   59.905962   52.367538
   59.912904   52.377244
   59.916609   52.382237
   59.918912   52.385037
   59.915625   52.383079
   59.905245   52.377543
   59.894524   52.372697
   59.889535   52.370722
   59.875650   52.365462
   59.869623   52.363301
   59.858360   52.359891
   59.854718   52.358958
   59.838879   52.355076
   59.831059   52.353342
   59.819446   52.351430
   59.813810   52.350779
   59.794371   52.348847
   59.788293   52.348346
   59.776529   52.347962
   59.764765   52.348346
   59.753052   52.349496
   59.743446   52.351023
   59.734558   52.352682
   59.732551   52.353069
   59.721089   52.355735
   59.709825   52.359144
   59.698810   52.363281
   59.689785   52.367360
   59.680452   52.363856
   59.669189   52.360447
   59.657726   52.357780
   59.646114   52.355867
   59.640607   52.355230
   59.635060   52.354674
   59.628854   52.354160
   59.617090   52.353776
   59.605326   52.354160
   59.593613   52.355312
   59.582000   52.357224
   59.570538   52.359891
   59.569306   52.360226
   59.561250   52.362441
   59.551218   52.365515
   59.540202   52.369652
   59.529481   52.374498
   59.522068   52.378362
   59.512357   52.382533
   59.503915   52.386419
   59.471857   52.386348
   59.448248   52.395220
   59.416637   52.399615
   59.381763   52.396773
   59.379525   52.387457
   59.376108   52.376227
   59.371962   52.365245
   59.367105   52.354556
   59.361556   52.344206
   59.359188   52.340235
   59.355720   52.333961
   59.349505   52.323996
   59.346260   52.319317
   59.339310   52.309626
   59.335698   52.304765
   59.328232   52.295694
   59.320186   52.287130
   59.311595   52.279108
   59.302497   52.271663
   59.292930   52.264828
   59.282935   52.258631
   59.272554   52.253100
   59.270637   52.252171
   59.257865   52.246078
   59.249062   52.242163
   59.238046   52.238030
   59.226783   52.234623
   59.215321   52.231958
   59.203708   52.230047
   59.191994   52.228897
   59.180231   52.228512
   59.174675   52.228598
   59.165787   52.228872
   59.159579   52.229170
   59.147866   52.230321
   59.136253   52.232232
   59.124790   52.234897
   59.113527   52.238303
   59.102511   52.242437
   59.102191   52.242570
   59.095523   52.245339
   59.085122   52.250049
   59.074742   52.255580
   59.069318   52.258832
   59.058202   52.265761
   59.053631   52.268707
   59.044064   52.275543
   59.040623   52.278242
   59.029815   52.286936
   59.026967   52.288541
   59.021557   52.291782
   59.010730   52.298530
   59.008455   52.299630
   58.998074   52.305161
   58.990012   52.310088
   58.988388   52.311140
   58.985054   52.312572
   58.975008   52.315280
   58.974092   52.315513
   58.973734   52.315593
   58.969343   52.316335
   58.964309   52.317260
   58.955775   52.319168
   58.947993   52.321107
   58.945065   52.321864
   58.933801   52.325270
   58.922786   52.329404
   58.922398   52.329565
   58.915737   52.332334
   58.905404   52.337016
   58.895024   52.342547
   58.890367   52.345323
   58.884530   52.348921
   58.879193   52.352342
   58.869625   52.359177
   58.860527   52.366622
   58.854073   52.372549
   58.845459   52.380855
   58.843323   52.382950
   58.840493   52.385963
   58.837273   52.385646
   58.825510   52.385262
   58.813746   52.385646
   58.802033   52.386797
   58.797977   52.387376
   58.787308   52.388455
   58.776046   52.390297
   58.759109   52.393621
   58.758758   52.393691
   58.747295   52.396355
   58.736032   52.399762
   58.725017   52.403895
   58.714296   52.408739
   58.714255   52.412063
   58.710768   52.415291
   58.709042   52.418097
   58.704185   52.428846
   58.702777   52.432356
   58.696392   52.448779
   58.693653   52.456314
   58.690236   52.467606
   58.687563   52.479099
   58.686843   52.482949
   58.683509   52.501897
   58.682312   52.509690
   58.681158   52.521434
   58.680773   52.533228
   58.681158   52.545022
   58.682312   52.556767
   58.684229   52.568410
   58.686902   52.579902
   58.690319   52.591195
   58.694465   52.602240
   58.698150   52.610559
   58.700652   52.615845
   58.701825   52.618275
   58.707373   52.628682
   58.713588   52.638703
   58.726943   52.649422
   58.727171   52.649719
   58.725149   52.654786
   58.731104   52.666635
   58.734188   52.680742
   58.754728   52.707425
   58.751188   52.759900
   58.726248   52.810294
   58.727541   52.813344
   58.732263   52.824207
   58.735828   52.831905
   58.741376   52.842312
   58.741092   52.851211
   58.746332   52.858659
   58.753557   52.868397
   58.755173   52.870542
   58.761129   52.877914
   58.762189   52.882077
   58.765606   52.893370
   58.769752   52.904415
   58.774609   52.915164
   58.780158   52.925571
   58.786373   52.935593
   58.793229   52.945185
   58.800695   52.954308
   58.805866   52.959971
   58.808631   52.967086
   58.813489   52.977835
   58.816099   52.982733
   58.785544   52.992363
   58.779329   53.002383
   58.773780   53.012789
   58.768923   53.023536
   58.768048   53.025692
   58.765828   53.031267
   58.762556   53.040155
   58.759140   53.051446
   58.756467   53.062937
   58.754550   53.074579
   58.753396   53.086322
   58.753011   53.098114
   58.753046   53.101680
   58.753321   53.115600
   58.753671   53.123826
   58.754825   53.135569
   58.755123   53.137740
   58.756221   53.148656
   58.757749   53.158276
   58.757832   53.158720
   58.757734   53.164669
   58.757769   53.168233
   58.758043   53.182161
   58.758393   53.190390
   58.759547   53.202132
   58.761464   53.213774
   58.762479   53.218549
   58.763867   53.224675
   58.765526   53.231392
   58.768942   53.242683
   58.773088   53.253726
   58.775273   53.258792
   58.777775   53.264360
   58.780448   53.270041
   58.785997   53.280447
   58.792212   53.290467
   58.797054   53.297376
   58.796942   53.299253
   58.796621   53.310027
   58.796657   53.313649
   58.797013   53.331396
   58.791293   53.338382
   58.784438   53.347973
   58.778222   53.357993
   58.772674   53.368398
   58.767816   53.379146
   58.763670   53.390189
   58.760254   53.401480
   58.757581   53.412971
   58.756917   53.416504
   58.754689   53.429032
   58.753436   53.437141
   58.752282   53.448883
   58.752098   53.452169
   58.751498   53.456354
   58.750344   53.468096
   58.750019   53.475258
   58.749505   53.481466
   58.749120   53.493258
   58.749505   53.505052
   58.750659   53.516794
   58.752576   53.528436
   58.755249   53.539928
   58.758665   53.551219
   58.762811   53.562261
   58.767669   53.573009
   58.773217   53.583415
   58.779433   53.593436
   58.786288   53.603027
   58.793755   53.612147
   58.801237   53.620191
   58.800340   53.629891
   58.799955   53.641684
   58.800340   53.653477
   58.801494   53.665219
   58.803411   53.676861
   58.803431   53.676964
   58.805926   53.689499
   58.808578   53.700888
   58.811995   53.712179
   58.816141   53.723223
   58.820999   53.733971
   58.826547   53.744377
   58.832762   53.754397
   58.832962   53.754695
   58.833116   53.757351
   58.834269   53.769093
   58.835607   53.777677
   58.836713   53.783803
   58.837293   53.786862
   58.839966   53.798353
   58.843382   53.809645
   58.847181   53.819840
   58.847181   53.820742
   58.847566   53.832536
   58.848719   53.844278
   58.850637   53.855920
   58.853309   53.867411
   58.856726   53.878703
   58.860872   53.889746
   58.865730   53.900493
   58.871278   53.910899
   58.877493   53.920919
   58.880353   53.925083
   58.880998   53.926212
   58.887213   53.936232
   58.892819   53.944171
   58.894131   53.945926
   58.894326   53.946267
   58.900542   53.956287
   58.907276   53.965718
   58.914501   53.975180
   58.914623   53.975339
   58.922089   53.984460
   58.930135   53.993072
   58.938726   54.001138
   58.940203   54.002422
   58.949922   54.010782
   58.957544   54.016984
   58.967111   54.023857
   58.977106   54.030088
   58.987486   54.035649
   58.998207   54.040520
   59.009223   54.044676
   59.020486   54.048102
   59.031949   54.050780
   59.043561   54.052703
   59.055275   54.053859
   59.067038   54.054245
   59.078802   54.053859
   59.090515   54.052703
   59.102128   54.050780
   59.113591   54.048102
   59.124854   54.044676
   59.137593   54.047185
   59.137792   54.047238
   59.143443   54.048659
   59.151775   54.050608
   59.157586   54.051867
   59.168994   54.053762
   59.170286   54.055414
   59.176173   54.064864
   59.183028   54.074454
   59.183075   54.074515
   59.187763   54.080635
   59.193392   54.089643
   59.198465   54.096864
   59.203394   54.104685
   59.207111   54.110049
   59.213122   54.119713
   59.219645   54.128867
   59.249087   54.167572
   59.249419   54.168009
   59.256886   54.177128
   59.262952   54.183723
   59.271566   54.192633
   59.273546   54.194649
   59.282136   54.202714
   59.291235   54.210199
   59.300802   54.217071
   59.310797   54.223302
   59.313073   54.224597
   59.325020   54.231281
   59.333125   54.235547
   59.343846   54.240416
   59.347931   54.242054
   59.355148   54.244845
   59.357260   54.245647
   59.378928   54.253715
   59.383746   54.255431
   59.395009   54.258856
   59.406472   54.261536
   59.417932   54.263437
   59.436814   54.265945
   59.436967   54.265965
   59.448681   54.267122
   59.460444   54.267508
   59.472208   54.267122
   59.483921   54.265965
   59.488290   54.265335
   59.510571   54.261835
   59.577883   54.280594
   59.597509   54.324857
   59.597576   54.325262
   59.600248   54.336739
   59.603665   54.348016
   59.607811   54.359046
   59.612669   54.369780
   59.618217   54.380173
   59.619451   54.382280
   59.618025   54.387313
   59.616652   54.392787
   59.615545   54.397507
   59.614246   54.403510
   59.612329   54.415137
   59.611175   54.426866
   59.610790   54.438643
   59.611175   54.450422
   59.612329   54.462150
   59.614246   54.473777
   59.616919   54.485254
   59.620335   54.496531
   59.559416   54.589041
   59.438452   54.636006
   59.428072   54.630469
   59.417351   54.625622
   59.410515   54.622958
   59.388573   54.614919
   59.384394   54.613445
   59.374413   54.610384
   59.361369   54.606793
   59.360695   54.606021
   59.352649   54.597449
   59.344446   54.589761
   59.339724   54.585603
   59.339336   54.585263
   59.330238   54.577813
   59.320670   54.570972
   59.311004   54.564959
   59.303850   54.559822
   59.298728   54.556278
   59.288733   54.550076
   59.287639   54.549450
   59.275417   54.542522
   59.266131   54.537611
   59.255410   54.532764
   59.244394   54.528626
   59.233131   54.525217
   59.221669   54.522550
   59.211996   54.520903
   59.202268   54.519517
   59.200328   54.519251
   59.188615   54.518100
   59.176851   54.517716
   59.174726   54.517729
   59.150838   54.518010
   59.142026   54.518329
   59.087300   54.521656
   59.086474   54.521709
   59.074761   54.522860
   59.070211   54.523517
   59.026626   54.530378
   59.020836   54.528383
   59.019945   54.528079
   59.008682   54.524669
   58.997219   54.522002
   58.994798   54.521539
   58.976747   54.518212
   58.967555   54.516762
   58.955842   54.515610
   58.953313   54.515463
   58.950791   54.515334
   58.947475   54.514855
   58.935691   54.512109
   58.931409   54.510812
   58.900843   54.499315
   58.895220   54.497306
   58.883957   54.493896
   58.877064   54.492198
   58.868458   54.490257
   58.863888   54.489288
   58.852275   54.487375
   58.842920   54.486393
   58.832361   54.485564
   58.830003   54.485393
   58.819662   54.485015
   58.804525   54.484895
   58.791408   54.479939
   58.784313   54.472440
   58.776110   54.464751
   58.771387   54.460595
   58.770999   54.460255
   58.761901   54.452803
   58.752334   54.445962
   58.742339   54.439760
   58.740792   54.438879
   58.686624   54.408381
   58.677790   54.403724
   58.667069   54.398878
   58.662809   54.397179
   58.641150   54.388866
   58.634394   54.386426
   58.623130   54.383017
   58.617444   54.381595
   58.609105   54.379654
   58.603329   54.378408
   58.591716   54.376495
   58.580003   54.375345
   58.577720   54.375209
   58.567168   54.374653
   58.545924   54.374789
   58.534211   54.375939
   58.522598   54.377853
   58.511135   54.380520
   58.499872   54.383929
   58.492001   54.386801
   58.463665   54.397894
   58.460521   54.399159
   58.449800   54.404006
   58.447033   54.405398
   58.428150   54.415097
   58.420537   54.419243
   58.410542   54.425444
   58.402888   54.430841
   58.358127   54.436571
   58.357537   54.436648
   58.345924   54.438561
   58.337362   54.440479
   58.309330   54.447476
   58.308914   54.447369
   58.283913   54.440989
   58.274441   54.438843
   58.262828   54.436929
   58.253771   54.435972
   58.239987   54.434865
   58.237997   54.433202
   58.233282   54.429319
   58.228294   54.425358
   58.218726   54.418516
   58.208731   54.412314
   58.198351   54.406778
   58.187630   54.401930
   58.183331   54.400218
   58.176106   54.397447
   58.169390   54.395022
   58.158126   54.391612
   58.155179   54.390851
   58.138509   54.386694
   58.129994   54.384789
   58.123616   54.383641
   58.110041   54.381451
   58.103355   54.377375
   58.079467   54.363520
   58.079009   54.363254
   58.069540   54.358170
   58.050658   54.348744
   58.049746   54.348292
   58.044811   54.345956
   58.039405   54.341650
   58.029838   54.334809
   58.019843   54.328607
   58.011350   54.324012
   57.993291   54.314861
   57.991404   54.313919
   57.980683   54.309071
   57.969667   54.304934
   57.958404   54.301525
   57.946942   54.298858
   57.935329   54.296945
   57.923616   54.295793
   57.911852   54.295409
   57.906479   54.295489
   57.897033   54.295770
   57.890643   54.296075
   57.878930   54.297226
   57.867317   54.299139
   57.855854   54.301806
   57.844591   54.305216
   57.833576   54.309353
   57.830203   54.310787
   57.822204   54.314286
   57.805032   54.317954
   57.796131   54.320094
   57.785806   54.323188
   57.777474   54.325959
   57.776537   54.326274
   57.765521   54.330411
   57.754800   54.335259
   57.744420   54.340795
   57.734425   54.346998
   57.731153   54.349232
   57.725598   54.353115
   57.719304   54.357721
   57.710205   54.365172
   57.701615   54.373201
   57.697243   54.377719
   57.693352   54.381884
   57.689678   54.385938
   57.682211   54.395017
   57.681027   54.396575
   57.670001   54.403904
   57.662048   54.405298
   57.658035   54.406142
   57.648033   54.408366
   57.640583   54.410189
   57.629320   54.413599
   57.618305   54.417736
   57.609343   54.421728
   57.602393   54.425055
   57.600633   54.425909
   57.590253   54.431447
   57.580258   54.437649
   57.570691   54.444490
   57.561592   54.451940
   57.553002   54.459969
   57.548836   54.464126
   57.540790   54.472698
   57.533324   54.481778
   57.526468   54.491325
   57.520252   54.501299
   57.514704   54.511657
   57.509847   54.522355
   57.505701   54.533347
   57.505270   54.534628
   57.477248   54.543387
   57.473200   54.544705
   57.462184   54.548843
   57.457519   54.550849
   57.446636   54.554942
   57.435915   54.559788
   57.425534   54.565325
   57.415539   54.571527
   57.405972   54.578369
   57.403283   54.580570
   57.393298   54.584320
   57.382578   54.589168
   57.372197   54.594704
   57.363173   54.600263
   57.351790   54.607747
   57.350819   54.608390
   57.341252   54.615232
   57.335422   54.619891
   57.331879   54.620392
   57.323880   54.621708
   57.281095   54.629740
   57.279258   54.630095
   57.267796   54.632761
   57.256533   54.636171
   57.245517   54.640308
   57.234796   54.645155
   57.224416   54.650692
   57.214421   54.656894
   57.211148   54.659128
   57.205594   54.663011
   57.199299   54.667618
   57.195143   54.670898
   57.167731   54.676050
   57.165931   54.676398
   57.154469   54.679065
   57.145324   54.681772
   57.119765   54.690077
   57.117647   54.690781
   57.106632   54.694918
   57.095911   54.699765
   57.073889   54.694093
   57.049180   54.701814
   57.045015   54.706253
   57.040961   54.710721
   57.033494   54.719818
   57.011551   54.722010
   57.008533   54.726680
   57.005756   54.731128
   57.002558   54.736453
   56.997010   54.746834
   56.994337   54.752501
   56.991834   54.758055
   56.989650   54.763109
   56.985504   54.774124
   56.982087   54.785387
   56.981065   54.789385
   56.978562   54.799662
   56.977708   54.803340
   56.976601   54.808338
   56.975806   54.812124
   56.973888   54.823737
   56.972735   54.835450
   56.972350   54.847214
   56.972402   54.851549
   56.972677   54.862940
   56.973009   54.870368
   56.974163   54.882081
   56.976080   54.893694
   56.978753   54.905157
   56.978992   54.906040
   56.980663   54.912151
   56.983841   54.922531
   56.987987   54.933547
   56.992844   54.944268
   56.994236   54.947029
   56.993618   54.948086
   56.993113   54.948955
   56.987565   54.959335
   56.982707   54.970056
   56.979359   54.978771
   56.978824   54.980050
   56.976140   54.986925
   56.974933   54.989770
   56.970787   55.000786
   56.967370   55.012049
   56.966612   55.014978
   56.965172   55.020736
   56.964675   55.022179
   56.961259   55.033442
   56.958586   55.044904
   56.956669   55.056517
   56.955515   55.068231
   56.955130   55.079994
   56.955345   55.088784
   56.955902   55.100167
   56.956072   55.103141
   56.957226   55.114854
   56.959143   55.126467
   56.961816   55.137930
   56.965232   55.149193
   56.969378   55.160208
   56.972002   55.166228
   56.975053   55.172896
   56.977288   55.177597
   56.982836   55.187978
   56.989051   55.197973
   56.991758   55.201909
   56.999815   55.213300
   57.003964   55.218931
   57.011431   55.228029
   57.019477   55.236619
   57.028067   55.244665
   57.028417   55.244971
   57.028614   55.246522
   57.030531   55.258135
   57.033204   55.269598
   57.036621   55.280861
   57.040767   55.291876
   57.045624   55.302597
   57.051173   55.312978
   57.057388   55.322973
   57.064244   55.332540
   57.071710   55.341638
   57.079756   55.350229
   57.084754   55.355226
   57.093344   55.363272
   57.102442   55.370739
   57.112010   55.377594
   57.122005   55.383810
   57.126606   55.386269
   57.126677   55.386335
   57.127329   55.386905
   57.137888   55.396075
   57.146334   55.402973
   57.155902   55.409829
   57.165897   55.416044
   57.176277   55.421592
   57.180978   55.423827
   57.187646   55.426878
   57.193666   55.429502
   57.204681   55.433648
   57.215945   55.437064
   57.227407   55.439737
   57.239020   55.441654
   57.250733   55.442808
   57.262497   55.443193
   57.266664   55.443193
   57.275225   55.450191
   57.280140   55.453831
   57.285968   55.457997
   57.290621   55.461213
   57.300617   55.467428
   57.310997   55.472976
   57.311435   55.473192
   57.324489   55.479585
   57.334771   55.484227
   57.340264   55.486397
   57.361657   55.494446
   57.367180   55.496422
   57.378443   55.499839
   57.389906   55.502512
   57.401518   55.504429
   57.402274   55.504527
   57.419768   55.506755
   57.430726   55.507810
   57.442490   55.508195
   57.445011   55.508178
   57.462900   55.507927
   57.471014   55.509737
   57.473175   55.510153
   57.489563   55.513205
   57.499014   55.514706
   57.510728   55.515859
   57.522491   55.516244
   57.534255   55.515859
   57.545968   55.514706
   57.552061   55.513797
   57.563734   55.511852
   57.569254   55.510843
   57.580717   55.508170
   57.682186   55.487064
   57.747870   55.466625
   57.776385   55.459495
   57.788767   55.460506
   57.796573   55.461939
   57.805563   55.463356
   57.817276   55.464509
   57.818042   55.464558
   57.836101   55.465665
   57.847099   55.466002
   57.853253   55.465896
   57.893811   55.464507
   57.899420   55.464227
   57.900348   55.464164
   57.924703   55.462440
   57.926445   55.462564
   57.938209   55.462949
   57.949973   55.462564
   57.957078   55.461955
   57.958229   55.461834
   57.958763   55.461834
   57.970526   55.461449
   57.982240   55.460294
   57.988238   55.459401
   57.999903   55.457463
   58.005518   55.456438
   58.014083   55.454515
   58.024085   55.452011
   58.026982   55.451260
   58.038246   55.447841
   58.044085   55.445745
   58.087709   55.441671
   58.110745   55.441239
   58.119139   55.440885
   58.130853   55.439731
   58.142465   55.437812
   58.153928   55.435139
   58.155789   55.434629
   58.174680   55.429347
   58.184082   55.426439
   58.195097   55.422291
   58.205818   55.417431
   58.216198   55.411880
   58.226193   55.405661
   58.229466   55.403421
   58.235020   55.399528
   58.241315   55.394910
   58.250413   55.387439
   58.254588   55.383658
   58.257738   55.383061
   58.269200   55.380387
   58.277840   55.377837
   58.286454   55.375058
   58.289077   55.374190
   58.300093   55.370042
   58.310814   55.365182
   58.321194   55.359631
   58.329162   55.354748
   58.334724   55.351137
   58.336751   55.349802
   58.346318   55.342944
   58.355416   55.335473
   58.358130   55.332930
   58.359784   55.333316
   58.371397   55.335234
   58.383110   55.336388
   58.394874   55.336774
   58.406638   55.336388
   58.418351   55.335234
   58.421035   55.334860
   58.430480   55.333471
   58.439409   55.331926
   58.447931   55.330014
   58.473481   55.323626
   58.476422   55.322864
   58.487686   55.319445
   58.490777   55.318364
   58.496979   55.316839
   58.500592   55.315910
   58.511856   55.312492
   58.518602   55.310050
   58.533044   55.304493
   58.537314   55.302787
   58.548034   55.297927
   58.558415   55.292376
   58.563956   55.288928
   58.565780   55.290432
   58.570658   55.294313
   58.580225   55.301172
   58.590220   55.307390
   58.600600   55.312941
   58.611321   55.317801
   58.622337   55.321949
   58.633600   55.325367
   58.645063   55.328041
   58.654716   55.329690
   58.659731   55.330407
   58.662057   55.333740
   58.667815   55.342953
   58.674671   55.352524
   58.678550   55.357405
   58.682441   55.362130
   58.686029   55.366352
   58.694075   55.374947
   58.702665   55.382996
   58.711764   55.390467
   58.721331   55.397326
   58.731326   55.403544
   58.741706   55.409096
   58.752427   55.413955
   58.763443   55.418103
   58.774706   55.421522
   58.780393   55.422947
   58.788732   55.424893
   58.794507   55.426142
   58.806120   55.428060
   58.817833   55.429214
   58.820089   55.429288
   58.823782   55.432749
   58.827311   55.435766
   58.832316   55.439934
   58.837885   55.444387
   58.847452   55.451246
   58.857447   55.457464
   58.867828   55.463016
   58.878548   55.467875
   58.889564   55.472023
   58.900827   55.475442
   58.912290   55.478116
   58.923216   55.479942
   58.962103   55.485216
   58.962790   55.485309
   58.974503   55.486463
   58.986267   55.486848
   58.990310   55.486802
   58.994818   55.486701
   59.009075   55.487604
   59.009457   55.487603
   59.020431   55.487963
   59.032195   55.487577
   59.034207   55.487434
   59.045033   55.486602
   59.054734   55.485591
   59.066347   55.483673
   59.077532   55.481072
   59.085871   55.478851
   59.086148   55.478777
   59.097412   55.475359
   59.100243   55.474293
   59.100311   55.474433
   59.101059   55.475970
   59.106607   55.486355
   59.112823   55.496355
   59.119678   55.505927
   59.121722   55.508541
   59.123893   55.511266
   59.126879   55.516651
   59.133094   55.526651
   59.139950   55.536222
   59.147416   55.545326
   59.151389   55.549569
   59.150392   55.559698
   59.150007   55.571467
   59.150392   55.583236
   59.151546   55.594956
   59.153463   55.606573
   59.154285   55.610481
   59.155860   55.617575
   59.057841   55.638778
   59.048274   55.645634
   59.039175   55.653101
   59.030585   55.661147
   59.022539   55.669737
   59.015072   55.678836
   59.008216   55.688403
   59.002001   55.698398
   58.996453   55.708778
   58.991595   55.719499
   58.990792   55.721471
   58.986344   55.732579
   58.983001   55.741623
   58.979585   55.752886
   58.976912   55.764349
   58.976332   55.767399
   58.975226   55.773511
   58.973888   55.782073
   58.972735   55.793786
   58.972350   55.805550
   58.972735   55.817313
   58.973888   55.829027
   58.975806   55.840639
   58.978478   55.852102
   58.981895   55.863365
   58.986041   55.874381
   58.988141   55.879247
   58.990636   55.884801
   58.993393   55.890656
   59.039063   55.909710
   59.047253   55.920983
   59.070095   55.930036
   59.084940   55.946412
   59.095694   55.973195
   59.105384   56.026175
   59.024977   56.052333
   58.980574   56.035464
   58.960549   56.010075
   58.956269   56.011913
   58.954385   56.012508
   58.950737   56.013704
   58.939721   56.017849
   58.929000   56.022705
   58.918620   56.028252
   58.908625   56.034467
   58.899058   56.041322
   58.893489   56.045772
   58.888484   56.049936
   58.884954   56.052952
   58.876364   56.060996
   58.868318   56.069585
   58.860851   56.078682
   58.853996   56.088247
   58.811828   56.106264
   58.790936   56.134085
   58.789802   56.164004
   58.795351   56.174419
   58.801566   56.184448
   58.808422   56.194047
   58.815889   56.203175
   58.823934   56.211795
   58.832525   56.219868
   58.841623   56.227360
   58.851190   56.234238
   58.861186   56.240475
   58.871566   56.246042
   58.882287   56.250916
   58.893302   56.255076
   58.894240   56.255392
   58.901747   56.257902
   58.903220   56.258958
   58.905869   56.264823
   58.911417   56.275237
   58.917633   56.285266
   58.924488   56.294865
   58.928167   56.299516
   58.932050   56.304262
   58.935838   56.308741
   58.943884   56.317361
   58.952475   56.325433
   58.961573   56.332925
   58.971140   56.339804
   58.981135   56.346040
   58.991516   56.351607
   59.002237   56.356481
   59.013252   56.360641
   59.024515   56.364069
   59.035978   56.366751
   59.038929   56.367314
   59.042995   56.370482
   59.043795   56.371101
   59.053362   56.377980
   59.063357   56.384216
   59.070045   56.387902
   59.076431   56.391247
   59.080123   56.393129
   59.090844   56.398002
   59.101860   56.402162
   59.113123   56.405590
   59.124586   56.408271
   59.136198   56.410196
   59.147912   56.411353
   59.150669   56.411513
   59.161777   56.412072
   59.170784   56.412298
   59.177112   56.412187
   59.200733   56.411352
   59.206168   56.411078
   59.217317   56.409993
   59.258424   56.404696
   59.258989   56.404622
   59.270601   56.402699
   59.279012   56.400809
   59.289210   56.399078
   59.300672   56.396397
   59.311935   56.392968
   59.322951   56.388808
   59.333672   56.383935
   59.344052   56.378367
   59.354047   56.372131
   59.360976   56.367245
   59.368757   56.368979
   59.380370   56.370902
   59.392083   56.372060
   59.395063   56.372231
   59.406453   56.372789
   59.427001   56.372619
   59.427363   56.372594
   59.517917   56.366455
   59.529268   56.365321
   59.530523   56.365151
   59.550527   56.362364
   59.583595   56.376927
   59.616298   56.384360
   59.645535   56.393065
   59.654607   56.392699
   59.666321   56.391542
   59.667595   56.391370
   59.677589   56.389977
   59.687928   56.388228
   59.697838   56.385958
   59.706460   56.383725
   59.708012   56.383316
   59.719275   56.379890
   59.730291   56.375733
   59.741011   56.370863
   59.751392   56.365301
   59.761387   56.359070
   59.770954   56.352197
   59.780052   56.344711
   59.788643   56.336644
   59.794477   56.330399
   59.801850   56.332642
   59.809944   56.334616
   59.810895   56.334825
   59.834810   56.342393
   59.842400   56.344612
   59.853863   56.347292
   59.865476   56.349214
   59.877189   56.350371
   59.877347   56.350381
   59.885961   56.350939
   59.897566   56.351315
   59.909330   56.350928
   59.921043   56.349772
   59.932656   56.347851
   59.942497   56.345598
   59.951102   56.343372
   59.952725   56.342945
   59.963988   56.339520
   59.970324   56.337230
   59.996124   56.327355
   60.003639   56.324958
   60.006272   56.324452
   60.017735   56.321774
   60.028998   56.318348
   60.033272   56.316833
   60.061901   56.309392
   60.064701   56.309974
   60.076314   56.311896
   60.088027   56.313052
   60.099791   56.313438
   60.105013   56.313362
   60.114732   56.313080
   60.121275   56.312769
   60.132988   56.311613
   60.144601   56.309690
   60.156063   56.307011
   60.167326   56.303585
   60.178089   56.299534
   60.183569   56.302361
   60.194290   56.307231
   60.205306   56.311387
   60.216569   56.314813
   60.223495   56.316526
   60.232108   56.318477
   60.236645   56.319443
   60.248258   56.321365
   60.259971   56.322521
   60.267399   56.322855
   60.278790   56.323130
   60.294889   56.322797
   60.296553   56.322680
   60.307661   56.321846
   60.317711   56.320806
   60.324764   56.319732
   60.366556   56.312516
   60.367176   56.312747
   60.371970   56.314454
   60.383233   56.317880
   60.394695   56.320559
   60.406308   56.322481
   60.418022   56.323638
   60.429785   56.324024
   60.433791   56.323979
   60.458793   56.323421
   60.466551   56.323080
   60.478264   56.321923
   60.485235   56.320863
   60.485240   56.320862
   60.521223   56.318677
   60.522108   56.318621
   60.533821   56.317464
   60.545434   56.315542
   60.556896   56.312862
   60.566794   56.309895
   60.576486   56.313172
   60.587403   56.316480
   60.598866   56.319160
   60.610479   56.321082
   60.622192   56.322239
   60.633956   56.322625
   60.657561   56.322625
   60.664984   56.322470
   60.690384   56.321419
   60.704397   56.322123
   60.725164   56.321963
   60.736877   56.320806
   60.748490   56.318884
   60.759953   56.316204
   60.771216   56.312780
   60.782232   56.308623
   60.917458   56.255182
   61.052428   56.270931
   61.044304   56.361049
   61.079304   56.391759
   61.148688   56.426116
   61.156090   56.428819
   61.167353   56.432245
   61.178816   56.434925
   61.183799   56.435846
   61.211570   56.440574
   61.218199   56.441576
   61.220387   56.441851
   61.250660   56.445470
   61.260186   56.446351
   61.271950   56.446737
   61.283713   56.446351
   61.295427   56.445195
   61.307040   56.443272
   61.318502   56.440592
   61.329765   56.437166
   61.340781   56.433008
   61.341935   56.432524
   61.349160   56.429463
   61.358727   56.425077
   61.369107   56.419513
   61.379102   56.413281
   61.388669   56.406406
   61.393485   56.402567
   61.396409   56.400453
   61.396761   56.400383
   61.406564   56.398140
   61.415178   56.395914
   61.416837   56.395476
   61.428101   56.392050
   61.444318   56.399161
   61.476644   56.405746
   61.477366   56.405891
   61.488979   56.407814
   61.493060   56.408305
   61.503329   56.409421
   61.510961   56.410087
   61.522725   56.410473
   61.534489   56.410087
   61.540167   56.409623
   61.548780   56.408781
   61.554816   56.408089
   61.566428   56.406167
   61.577891   56.403487
   61.589154   56.400063
   61.598624   56.396540
   61.604160   56.386420
   61.605706   56.385786
   61.604542   56.372031
   61.618131   56.353855
   61.622342   56.351840
   61.630317   56.347641
   61.633136   56.346445
   61.642629   56.342088
   61.650150   56.338143
   61.660499   56.335841
   61.672232   56.332746
   61.712724   56.326119
   61.734576   56.310713
   61.763271   56.311869
   61.795954   56.310551
   61.823072   56.303343
   61.833793   56.298471
   61.844173   56.292908
   61.848889   56.290080
   61.872227   56.275597
   61.877506   56.272191
   61.881674   56.269313
   61.884929   56.267772
   61.887687   56.266437
   61.898067   56.260873
   61.908062   56.254640
   61.917629   56.247765
   61.926727   56.240277
   61.935318   56.232209
   61.943364   56.223593
   61.948470   56.217354
   61.971927   56.209001
   61.974053   56.208590
   61.982265   56.206751
   61.982698   56.206693
   62.045909   56.164853
   62.236066   56.150843
   62.250039   56.148508
   62.273066   56.141512
   62.293061   56.132066
   62.305675   56.122541
   62.313363   56.114322
   62.320829   56.105238
   62.320941   56.105093
   62.328337   56.096090
   62.335192   56.086538
   62.335262   56.086434
   62.338596   56.081445
   62.344742   56.071569
   62.350290   56.061204
   62.355148   56.050501
   62.359294   56.039502
   62.361299   56.033227
   62.362342   56.029746
   62.370964   56.023577
   62.380062   56.016122
   62.388653   56.008089
   62.396698   55.999511
   62.404165   55.990427
   62.411021   55.980875
   62.415549   55.973752
   62.423744   55.967831
   62.428225   55.964284
   62.431669   55.962122
   62.435844   55.959419
   62.445411   55.952574
   62.454510   55.945118
   62.463100   55.937085
   62.466212   55.933900
   62.470082   55.929840
   62.478649   55.921827
   62.486695   55.913250
   62.494162   55.904166
   62.501017   55.894613
   62.507233   55.884633
   62.512781   55.874269
   62.517639   55.863565
   62.521785   55.852567
   62.525201   55.841321
   62.527874   55.829876
   62.529791   55.818281
   62.530588   55.811140
   62.531134   55.805151
   62.533348   55.801426
   62.538896   55.791062
   62.543754   55.780358
   62.547900   55.769360
   62.548645   55.767120
   62.552254   55.756029
   62.554925   55.747023
   62.557598   55.735578
   62.559515   55.723983
   62.560669   55.712288
   62.561054   55.700543
   62.560669   55.688797
   62.560132   55.683010
   62.562773   55.679797
   62.569628   55.670245
   62.575844   55.660265
   62.581392   55.649901
   62.586250   55.639197
   62.590396   55.628198
   62.593812   55.616952
   62.596485   55.605508
   62.596775   55.586375
   62.656517   55.502793
   62.650969   55.492433
   62.644753   55.482458
   62.619328   55.476198
   62.611861   55.467119
   62.603815   55.458546
   62.595224   55.450517
   62.586126   55.443065
   62.576559   55.436223
   62.566564   55.430021
   62.556184   55.424483
   62.555669   55.424232
   62.542615   55.417859
   62.532409   55.413263
   62.521393   55.409126
   62.520021   55.408148
   62.518398   55.405165
   62.512759   55.393543
   62.481638   55.387635
   62.483230   55.384068
   62.482136   55.379874
   62.478280   55.375905
   62.469690   55.367876
   62.460591   55.360424
   62.451024   55.353583
   62.441029   55.347380
   62.431535   55.342282
   62.426530   55.339784
   62.425644   55.339345
   62.414923   55.334498
   62.403908   55.330361
   62.392644   55.326951
   62.381182   55.324284
   62.369569   55.322370
   62.357856   55.321220
   62.346092   55.320835
   62.334328   55.321220
   62.332316   55.321362
   62.321490   55.322192
   62.311789   55.323201
   62.300176   55.325114
   62.245622   55.292153
   62.256905   55.207898
   62.307780   55.156754
   62.313995   55.146739
   62.319543   55.136338
   62.324401   55.125595
   62.327980   55.116206
   62.329925   55.110639
   62.330492   55.108992
   62.333909   55.097707
   62.336582   55.086221
   62.338499   55.074585
   62.339653   55.062848
   62.253861   54.986448
   62.104248   54.956522
   62.090647   54.916151
   62.160635   54.863740
   62.179054   54.805249
   62.283330   54.777803
   62.367955   54.789279
   62.400021   54.819241
   62.406091   54.821264
   62.416313   54.824337
   62.427775   54.827016
   62.439388   54.828937
   62.451101   54.830093
   62.462865   54.830479
   62.474629   54.830093
   62.486342   54.828937
   62.497955   54.827016
   62.499179   54.826767
   62.508617   54.824817
   62.518855   54.822387
   62.530118   54.818964
   62.541134   54.814810
   62.551854   54.809942
   62.562235   54.804383
   62.572230   54.798154
   62.581797   54.791285
   62.590895   54.783803
   62.592615   54.782272
   62.598395   54.777404
   62.606985   54.769341
   62.615031   54.760734
   62.617691   54.757486
   62.619523   54.757118
   62.630801   54.754477
   62.642064   54.751054
   62.653080   54.746900
   62.663801   54.742032
   62.665794   54.741032
   62.671841   54.742834
   62.676589   54.744180
   62.688052   54.746858
   62.691212   54.747459
   62.699563   54.751984
   62.705491   54.754996
   62.710716   54.758631
   62.720711   54.764858
   62.727398   54.768540
   62.733784   54.771881
   62.737477   54.773758
   62.748198   54.778626
   62.759213   54.782781
   62.770477   54.786204
   62.772010   54.786608
   62.788123   54.790783
   62.798052   54.793057
   62.809665   54.794978
   62.821379   54.796134
   62.828332   54.796455
   62.838883   54.796738
   62.843694   54.796802
   62.855457   54.796416
   62.862090   54.795857
   62.872924   54.794741
   62.878004   54.794144
   62.888522   54.792437
   62.918509   54.786655
   62.926747   54.785784
   62.935119   54.785395
   62.945466   54.786095
   62.945822   54.786118
   62.957585   54.786504
   62.965258   54.786341
   63.018307   54.784071
   63.051983   54.784719
   63.086499   54.786960
   63.086626   54.786960
   63.098134   54.787338
   63.128468   54.785373
   63.176758   54.772444
   63.187705   54.774080
   63.188335   54.773253
   63.193051   54.769258
   63.197520   54.765203
   63.201960   54.761037
   63.206082   54.757043
   63.214128   54.748451
   63.221595   54.739350
   63.228450   54.729780
   63.234666   54.719783
   63.236117   54.717220
   63.236517   54.716502
   63.245896   54.709769
   63.254994   54.702301
   63.263585   54.694253
   63.271631   54.685660
   63.279097   54.676560
   63.285953   54.666991
   63.292169   54.656993
   63.297717   54.646610
   63.302574   54.635887
   63.306720   54.624868
   63.310137   54.613603
   63.312810   54.602137
   63.314727   54.590521
   63.315630   54.582155
   63.316784   54.575341
   63.317829   54.572350
   63.321246   54.561084
   63.323918   54.549619
   63.325835   54.538003
   63.326989   54.526288
   63.327374   54.514521
   63.326989   54.502754
   63.325835   54.491038
   63.323918   54.479422
   63.321246   54.467957
   63.317829   54.456691
   63.313683   54.445673
   63.308825   54.434949
   63.303277   54.424567
   63.297062   54.414569
   63.290206   54.404999
   63.282739   54.395899
   63.276225   54.388942
   63.276734   54.388578
   63.285832   54.381109
   63.294423   54.373061
   63.297238   54.370182
   63.309728   54.357117
   63.314958   54.351404
   63.322425   54.342304
   63.329281   54.332735
   63.333929   54.325398
   63.339766   54.315675
   63.341332   54.313015
   63.346881   54.302631
   63.351738   54.291909
   63.392876   54.240550
   63.389002   54.192997
   63.382406   54.171382
   63.380582   54.156920
   63.370202   54.151387
   63.359481   54.146543
   63.348465   54.142408
   63.337202   54.139000
   63.325739   54.136334
   63.314127   54.134422
   63.302413   54.133272
   63.290650   54.132888
   63.288588   54.132900
   63.287414   54.132912
   63.278828   54.130943
   63.270859   54.129319
   63.270119   54.128288
   63.262652   54.119214
   63.254606   54.110647
   63.246015   54.102623
   63.237423   54.095563
   63.223728   54.085007
   63.223222   54.084618
   63.222385   54.083980
   63.221912   54.083623
   63.213182   54.077423
   63.203187   54.071224
   63.192807   54.065690
   63.182086   54.060846
   63.173512   54.057557
   63.160069   54.052790
   63.157627   54.051944
   63.146364   54.048536
   63.142711   54.047601
   63.129711   54.044416
   63.121901   54.042687
   63.110288   54.040774
   63.102652   54.039936
   63.101708   54.039854
   63.071629   54.037098
   63.064352   54.035590
   63.062872   54.035291
   63.051260   54.033378
   63.039546   54.032228
   63.027783   54.031844
   63.016019   54.032228
   63.013577   54.032404
   62.991525   54.034147
   62.982253   54.035121
   62.970640   54.037033
   62.965490   54.038133
   62.954160   54.038516
   62.949330   54.038897
   62.949244   54.038905
   62.946214   54.039147
   62.946008   54.039164
   62.942971   54.039411
   62.924687   54.039677
   62.912974   54.040828
   62.912895   54.040838
   62.899005   54.042668
   62.887472   54.044570
   62.884241   54.045241
   62.869138   54.045262
   62.862805   54.041175
   62.855023   54.036428
   62.844643   54.030895
   62.833922   54.026049
   62.822907   54.021915
   62.812154   54.018644
   62.802752   54.014443
   62.791737   54.010308
   62.788611   54.009280
   62.785444   54.006800
   62.775877   53.999963
   62.765881   53.993764
   62.755501   53.988231
   62.744780   53.983386
   62.733765   53.979251
   62.727336   53.977280
   62.724710   53.974878
   62.715612   53.967431
   62.710378   53.963574
   62.704404   53.959336
   62.700071   53.956355
   62.692115   53.951348
   62.689239   53.945246
   62.688750   53.944265
   62.687499   53.941773
   62.687319   53.941415
   62.683542   53.933935
   62.678663   53.924922
   62.672448   53.914953
   62.665592   53.905412
   62.658125   53.896338
   62.650079   53.887770
   62.641489   53.879745
   62.632390   53.872298
   62.622823   53.865462
   62.612828   53.859262
   62.606275   53.855668
   62.599691   53.852233
   62.595864   53.850293
   62.585143   53.845449
   62.574127   53.841314
   62.562864   53.837906
   62.551402   53.835240
   62.539789   53.833328
   62.528076   53.832177
   62.527576   53.832145
   62.516936   53.831480
   62.516476   53.831480
   62.505673   53.831128
   62.493909   53.831512
   62.482196   53.832662
   62.480586   53.832881
   62.471892   53.834102
   62.461889   53.835796
   62.450427   53.838462
   62.439163   53.841869
   62.428148   53.846004
   62.423254   53.848111
   62.405780   53.855943
   62.376950   53.862983
   62.373175   53.863949
   62.361912   53.867355
   62.350896   53.871490
   62.340175   53.876336
   62.329795   53.881869
   62.319800   53.888067
   62.310233   53.894905
   62.303891   53.899990
   62.291421   53.910460
   62.288664   53.912822
   62.280074   53.920847
   62.272028   53.929414
   62.264561   53.938489
   62.257705   53.948030
   62.255476   53.951441
   62.244455   53.968728
   62.238699   53.968458
   62.230282   53.968262
   62.221237   53.968489
   62.215659   53.968038
   62.204406   53.967655
   62.194704   53.966111
   62.182990   53.964960
   62.171227   53.964576
   62.169456   53.964585
   62.156134   53.964715
   62.150646   53.957077
   62.143179   53.948003
   62.135133   53.939436
   62.126543   53.931411
   62.117444   53.923964
   62.107877   53.917127
   62.097882   53.910928
   62.087502   53.905394
   62.082906   53.903214
   62.068128   53.896457
   62.062003   53.893793
   62.050987   53.889658
   62.039724   53.886250
   62.028262   53.883585
   62.016649   53.881672
   62.004936   53.880522
   62.003061   53.880410
   61.957617   53.877913
   61.947875   53.877642
   61.915378   53.877616
   61.915304   53.877618
   61.915230   53.877615
   61.903466   53.878000
   61.891753   53.879150
   61.880140   53.881063
   61.868678   53.883728
   61.857414   53.887136
   61.846399   53.891271
   61.841968   53.893171
   61.838266   53.893531
   61.832225   53.894220
   61.820612   53.896133
   61.809149   53.898798
   61.799818   53.901563
   61.784262   53.906635
   61.782330   53.907277
   61.771314   53.911412
   61.761013   53.916066
   61.757672   53.915958
   61.745908   53.916342
   61.734195   53.917493
   61.722582   53.919405
   61.711119   53.922070
   61.699856   53.925477
   61.695323   53.927080
   61.693944   53.926015
   61.684377   53.919177
   61.674382   53.912979
   61.666904   53.908905
   61.664071   53.907447
   61.662568   53.906659
   61.658337   53.904508
   61.647616   53.899663
   61.636601   53.895528
   61.625337   53.892120
   61.613875   53.889455
   61.602262   53.887543
   61.590549   53.886393
   61.578785   53.886009
   61.567021   53.886393
   61.555308   53.887543
   61.554181   53.887694
   61.549154   53.888387
   61.538668   53.890148
   61.527205   53.892814
   61.515942   53.896220
   61.510856   53.898028
   61.503631   53.900717
   61.497701   53.903045
   61.486980   53.907890
   61.476600   53.913423
   61.466605   53.919623
   61.457038   53.926460
   61.447939   53.933907
   61.439349   53.941931
   61.435615   53.945768
   61.426720   53.948526
   61.415704   53.952661
   61.404983   53.957505
   61.402202   53.958903
   61.367443   53.846427
   61.316176   53.778465
   61.311318   53.767725
   61.305770   53.757327
   61.299555   53.747314
   61.292699   53.737730
   61.289387   53.733688
   61.289397   53.733387
   61.289012   53.721602
   61.287858   53.709868
   61.286752   53.702598
   61.285440   53.695024
   61.291155   53.696046
   61.299305   53.697312
   61.311018   53.698468
   61.322782   53.698854
   61.323776   53.698851
   61.383831   53.698519
   61.384080   53.698518
   61.396218   53.698433
   61.406739   53.698052
   61.418452   53.696896
   61.429994   53.694989
   61.433826   53.694227
   61.443379   53.692353
   61.443897   53.692251
   61.455359   53.689573
   61.466623   53.686151
   61.468596   53.685467
   61.507765   53.671638
   61.516807   53.668167
   61.527528   53.663302
   61.537909   53.657743
   61.547904   53.651517
   61.557471   53.644649
   61.561233   53.641677
   61.567817   53.636331
   61.573153   53.631824
   61.581744   53.623764
   61.589790   53.615158
   61.597257   53.606044
   61.604112   53.596460
   61.610328   53.586448
   61.615876   53.576049
   61.616494   53.574780
   61.617697   53.573288
   61.620423   53.569818
   61.627279   53.560234
   61.633494   53.550220
   61.639043   53.539822
   61.643900   53.529082
   61.631070   53.497465
   61.632224   53.485737
   61.632609   53.473960
   61.632573   53.470357
   61.632348   53.459094
   61.631999   53.450918
   61.630845   53.439191
   61.628928   53.427563
   61.626255   53.416087
   61.623278   53.406123
   61.620337   53.397225
   61.619898   53.395911
   61.585285   53.380556
   61.581642   53.330114
   61.651976   53.287338
   61.787927   53.285644
   61.851411   53.273101
   61.857899   53.273645
   61.860816   53.273813
   61.882816   53.274898
   61.891662   53.275115
   61.898591   53.274982
   61.921647   53.274092
   61.926482   53.273840
   61.938196   53.272686
   61.949808   53.270766
   61.961271   53.268091
   61.964078   53.267314
   61.995487   53.258342
   62.013091   53.256344
   62.016305   53.255950
   62.027918   53.254031
   62.039381   53.251356
   62.050644   53.247935
   62.061659   53.243786
   62.072380   53.238924
   62.082760   53.233370
   62.092756   53.227149
   62.096789   53.224371
   62.101066   53.221340
   62.106599   53.217255
   62.115697   53.209782
   62.124288   53.201728
   62.132334   53.193129
   62.139801   53.184023
   62.146656   53.174447
   62.152872   53.164442
   62.158420   53.154052
   62.158508   53.153874
   62.159669   53.151510
   62.163880   53.145474
   62.170095   53.135469
   62.175643   53.125079
   62.180501   53.114349
   62.183864   53.105583
   62.190921   53.085647
   62.191704   53.083387
   62.195121   53.072113
   62.197793   53.060641
   62.199711   53.049017
   62.200864   53.037293
   62.201249   53.025518
   62.201137   53.019147
   62.200895   53.012314
   62.195461   53.001525
   62.225704   52.982686
   62.224854   52.965006
   62.201925   52.962106
   62.187726   52.962615
   62.165231   52.960888
   62.155664   52.954047
   62.152293   52.951854
   62.143295   52.946142
   62.135297   52.941038
   62.128335   52.936816
   62.117954   52.931279
   62.107233   52.926433
   62.096218   52.922297
   62.095345   52.922003
   62.084554   52.918409
   62.055440   52.904653
   62.047289   52.901046
   62.039221   52.897936
   62.019268   52.890790
   61.997171   52.882872
   61.994190   52.881833
   61.982927   52.878424
   61.980834   52.877878
   61.970919   52.875355
   61.961550   52.873233
   61.949937   52.871321
   61.938224   52.870169
   61.926460   52.869785
   61.917014   52.870034
   61.901709   52.870836
   61.899392   52.870973
   61.887678   52.872124
   61.885615   52.872407
   61.868171   52.874904
   61.858621   52.876534
   61.847159   52.879200
   61.835895   52.882609
   61.831028   52.884337
   61.816387   52.889767
   61.810239   52.892178
   61.799518   52.897024
   61.789138   52.902561
   61.785439   52.904750
   61.778794   52.908793
   61.768678   52.914937
   61.765412   52.914590
   61.758082   52.913960
   61.746319   52.913575
   61.734555   52.913960
   61.722842   52.915111
   61.717364   52.915916
   61.713339   52.915783
   61.707374   52.915684
   61.699280   52.915866
   61.694689   52.914892
   61.687702   52.913648
   61.687276   52.913364
   61.678246   52.907721
   61.672077   52.904117
   61.671113   52.903558
   61.660732   52.898022
   61.650011   52.893175
   61.638996   52.889038
   61.627733   52.885629
   61.616270   52.882963
   61.607575   52.881457
   61.602715   52.880738
   61.599797   52.880331
   61.588084   52.879179
   61.576320   52.878795
   61.564557   52.879179
   61.552843   52.880331
   61.550953   52.880589
   61.534592   52.882914
   61.524869   52.884569
   61.513407   52.887235
   61.502144   52.890644
   61.491128   52.894781
   61.480407   52.899627
   61.475288   52.902248
   61.457844   52.911536
   61.452582   52.914451
   61.445025   52.919055
   61.442325   52.920793
   61.436010   52.921930
   61.430200   52.923183
   61.393784   52.931668
   61.374030   52.922607
   61.367735   52.919864
   61.356720   52.915727
   61.345457   52.912318
   61.333994   52.909651
   61.326933   52.908396
   61.317793   52.906957
   61.313241   52.906299
   61.301528   52.905149
   61.289764   52.904764
   61.278000   52.905149
   61.274002   52.905454
   61.225392   52.909722
   61.217676   52.910566
   61.206064   52.912480
   61.194601   52.915146
   61.183338   52.918555
   61.175986   52.921224
   61.164485   52.925685
   61.160821   52.927153
   61.151482   52.931326
   61.144067   52.925331
   61.139651   52.922174
   61.137623   52.918919
   61.130767   52.909373
   61.123300   52.900296
   61.115255   52.891724
   61.106664   52.883696
   61.097566   52.876247
   61.087999   52.869406
   61.078003   52.863205
   61.067623   52.857668
   61.060552   52.854378
   61.038217   52.844565
   61.034567   52.843009
   61.024005   52.839027
   61.014317   52.833888
   61.005583   52.829877
   60.971278   52.815215
   60.971131   52.815153
   60.966908   52.813352
   60.965067   52.812579
   60.954052   52.808443
   60.949367   52.806927
   60.941863   52.804612
   60.930833   52.801191
   60.924805   52.799167
   60.924612   52.799008
   60.921179   52.796269
   60.925854   52.785974
   60.930000   52.774983
   60.933417   52.763745
   60.935003   52.757377
   60.944345   52.755144
   60.955608   52.751736
   60.966624   52.747599
   60.977345   52.742752
   60.987725   52.737216
   60.997720   52.731014
   61.007287   52.724174
   61.016385   52.716724
   61.024976   52.708696
   61.033022   52.700124
   61.040489   52.691046
   61.047344   52.681501
   61.053560   52.671528
   61.059108   52.661171
   61.063966   52.650474
   61.068112   52.639482
   61.071528   52.628245
   61.074201   52.616807
   61.076118   52.605221
   61.077272   52.593533
   61.077566   52.587488
   61.086221   52.582067
   61.095788   52.575226
   61.104886   52.567776
   61.113477   52.559747
   61.121523   52.551177
   61.128990   52.542098
   61.135845   52.532552
   61.142061   52.522579
   61.147609   52.512222
   61.152467   52.501525
   61.156613   52.490535
   61.160029   52.479296
   61.162702   52.467859
   61.164619   52.456272
   61.165773   52.444585
   61.166158   52.432847
   61.160068   52.426618
   61.152298   52.420699
END
END
