Россия
3
   -1.688433E+02   7.111147E+01
   -1.688975E+02   6.636950E+01
   -1.690168E+02   6.542998E+01
   -1.714902E+02   6.410252E+01
   -1.721981E+02   6.403539E+01
   -1.800000E+02   5.825000E+01
   -1.800000E+02   7.600000E+01
   -1.688433E+02   7.111147E+01
END
2
   2.093716E+01   5.529169E+01
   2.096108E+01   5.528408E+01
   2.096841E+01   5.528157E+01
   2.100306E+01   5.527740E+01
   2.109367E+01   5.526434E+01
   2.126690E+01   5.525099E+01
   2.128796E+01   5.525308E+01
   2.130308E+01   5.525817E+01
   2.130690E+01   5.526332E+01
   2.131823E+01   5.526602E+01
   2.132476E+01   5.527042E+01
   2.133035E+01   5.527619E+01
   2.134061E+01   5.528416E+01
   2.136367E+01   5.528765E+01
   2.137166E+01   5.528924E+01
   2.137606E+01   5.529448E+01
   2.138192E+01   5.529584E+01
   2.140448E+01   5.529952E+01
   2.145348E+01   5.523080E+01
   2.151984E+01   5.520662E+01
   2.167009E+01   5.518370E+01
   2.174962E+01   5.513870E+01
   2.182389E+01   5.512227E+01
   2.188199E+01   5.509818E+01
   2.194510E+01   5.508028E+01
   2.196456E+01   5.507783E+01
   2.197682E+01   5.508805E+01
   2.201941E+01   5.509128E+01
   2.203882E+01   5.508983E+01
   2.209084E+01   5.503998E+01
   2.218884E+01   5.507387E+01
   2.229852E+01   5.507279E+01
   2.239515E+01   5.506314E+01
   2.246624E+01   5.505487E+01
   2.250695E+01   5.505984E+01
   2.255011E+01   5.506901E+01
   2.259911E+01   5.507290E+01
   2.260909E+01   5.505811E+01
   2.260005E+01   5.504797E+01
   2.263158E+01   5.502435E+01
   2.270111E+01   5.497581E+01
   2.271034E+01   5.497289E+01
   2.271613E+01   5.496981E+01
   2.272680E+01   5.496476E+01
   2.273213E+01   5.496109E+01
   2.273519E+01   5.494884E+01
   2.274339E+01   5.494460E+01
   2.274795E+01   5.494024E+01
   2.276501E+01   5.493829E+01
   2.278512E+01   5.492506E+01
   2.278638E+01   5.492326E+01
   2.280071E+01   5.491514E+01
   2.281670E+01   5.491288E+01
   2.282216E+01   5.491185E+01
   2.282821E+01   5.490779E+01
   2.283726E+01   5.490416E+01
   2.283839E+01   5.490025E+01
   2.284630E+01   5.489836E+01
   2.285572E+01   5.488850E+01
   2.286128E+01   5.487589E+01
   2.287956E+01   5.483196E+01
   2.288277E+01   5.482041E+01
   2.288729E+01   5.481419E+01
   2.288682E+01   5.481202E+01
   2.288456E+01   5.481042E+01
   2.287829E+01   5.478823E+01
   2.286548E+01   5.478785E+01
   2.285342E+01   5.478535E+01
   2.286060E+01   5.477768E+01
   2.285903E+01   5.477600E+01
   2.285653E+01   5.477605E+01
   2.285431E+01   5.477535E+01
   2.285316E+01   5.477432E+01
   2.285209E+01   5.477151E+01
   2.284603E+01   5.476609E+01
   2.283717E+01   5.476367E+01
   2.281775E+01   5.474560E+01
   2.275669E+01   5.472079E+01
   2.274182E+01   5.468538E+01
   2.274082E+01   5.466863E+01
   2.275726E+01   5.465634E+01
   2.275773E+01   5.465213E+01
   2.275721E+01   5.465082E+01
   2.275547E+01   5.464676E+01
   2.275038E+01   5.464633E+01
   2.274672E+01   5.464103E+01
   2.275348E+01   5.463846E+01
   2.275295E+01   5.463259E+01
   2.274589E+01   5.462403E+01
   2.272110E+01   5.459625E+01
   2.271790E+01   5.456319E+01
   2.270764E+01   5.454457E+01
   2.270711E+01   5.453073E+01
   2.270609E+01   5.450438E+01
   2.270365E+01   5.446181E+01
   2.270585E+01   5.445322E+01
   2.271775E+01   5.445094E+01
   2.273510E+01   5.445091E+01
   2.274301E+01   5.443658E+01
   2.275318E+01   5.441959E+01
   2.276148E+01   5.440391E+01
   2.277373E+01   5.438526E+01
   2.279767E+01   5.436338E+01
   2.278806E+01   5.436245E+01
   2.276384E+01   5.436042E+01
   2.269452E+01   5.435827E+01
   2.267959E+01   5.434879E+01
   2.187510E+01   5.432861E+01
   2.165250E+01   5.432592E+01
   2.163992E+01   5.432669E+01
   2.163396E+01   5.432598E+01
   2.157319E+01   5.431689E+01
   2.144580E+01   5.431487E+01
   2.130584E+01   5.432902E+01
   2.126946E+01   5.432699E+01
   2.116325E+01   5.433616E+01
   2.114260E+01   5.434121E+01
   2.098636E+01   5.435065E+01
   2.089389E+01   5.435784E+01
   2.087672E+01   5.435804E+01
   2.081542E+01   5.435866E+01
   2.078277E+01   5.436309E+01
   2.074133E+01   5.436697E+01
   2.070908E+01   5.436883E+01
   2.066414E+01   5.437043E+01
   2.063050E+01   5.436538E+01
   2.061425E+01   5.437218E+01
   2.060725E+01   5.437353E+01
   2.059312E+01   5.437480E+01
   2.054773E+01   5.437544E+01
   2.047551E+01   5.438242E+01
   2.040954E+01   5.438847E+01
   2.034771E+01   5.439724E+01
   2.029294E+01   5.440352E+01
   2.028639E+01   5.440415E+01
   2.028420E+01   5.440433E+01
   2.028179E+01   5.440457E+01
   2.027787E+01   5.440489E+01
   2.026842E+01   5.440497E+01
   2.023164E+01   5.440683E+01
   2.015950E+01   5.441339E+01
   2.007036E+01   5.442085E+01
   2.005865E+01   5.441557E+01
   2.005522E+01   5.441716E+01
   2.005583E+01   5.442172E+01
   2.000386E+01   5.442397E+01
   1.990549E+01   5.443246E+01
   1.989257E+01   5.443394E+01
   1.985286E+01   5.443742E+01
   1.980475E+01   5.444076E+01
   1.965310E+01   5.444639E+01
   1.962693E+01   5.445919E+01
   1.937479E+01   5.455643E+01
   1.957875E+01   5.513447E+01
   2.006789E+01   5.524215E+01
   2.065286E+01   5.539314E+01
   2.091791E+01   5.529895E+01
   2.093716E+01   5.529169E+01
END
1
   8.658185E+01   4.933825E+01
   8.604645E+01   4.923786E+01
   8.515971E+01   4.947209E+01
   8.484269E+01   5.002322E+01
   8.444467E+01   5.014705E+01
   8.419138E+01   5.018181E+01
   8.410695E+01   5.053577E+01
   8.377527E+01   5.081476E+01
   8.324676E+01   5.096239E+01
   8.263163E+01   5.072057E+01
   8.232537E+01   5.071287E+01
   8.217186E+01   5.071557E+01
   8.204553E+01   5.074627E+01
   8.199862E+01   5.077122E+01
   8.190694E+01   5.078673E+01
   8.178647E+01   5.075504E+01
   8.156686E+01   5.072670E+01
   8.141548E+01   5.072131E+01
   8.140180E+01   5.081169E+01
   8.140435E+01   5.096859E+01
   8.130258E+01   5.096147E+01
   8.119704E+01   5.092775E+01
   8.102216E+01   5.093020E+01
   8.109465E+01   5.108850E+01
   8.113942E+01   5.115074E+01
   8.100044E+01   5.116951E+01
   8.080596E+01   5.122714E+01
   8.059790E+01   5.115155E+01
   8.053759E+01   5.095822E+01
   8.041397E+01   5.089360E+01
   8.004911E+01   5.068010E+01
   7.865777E+01   5.239743E+01
   7.845521E+01   5.264392E+01
   7.788532E+01   5.328135E+01
   7.772953E+01   5.338101E+01
   7.768883E+01   5.340191E+01
   7.759837E+01   5.344279E+01
   7.737040E+01   5.356694E+01
   7.670517E+01   5.386346E+01
   7.623288E+01   5.416809E+01
   7.535017E+01   5.392524E+01
   7.513443E+01   5.377705E+01
   7.484195E+01   5.377616E+01
   7.484496E+01   5.363158E+01
   7.432633E+01   5.336253E+01
   7.351493E+01   5.316965E+01
   7.287915E+01   5.357119E+01
   7.229955E+01   5.388688E+01
   7.232661E+01   5.406102E+01
   7.148081E+01   5.400985E+01
   7.083797E+01   5.407312E+01
   7.086458E+01   5.434470E+01
   7.104550E+01   5.445002E+01
   7.092488E+01   5.474001E+01
   7.086759E+01   5.481132E+01
   7.087664E+01   5.511426E+01
   7.062834E+01   5.512514E+01
   6.997140E+01   5.509090E+01
   6.959181E+01   5.531377E+01
   6.901886E+01   5.523842E+01
   6.879422E+01   5.533544E+01
   6.864044E+01   5.518251E+01
   6.854847E+01   5.517734E+01
   6.826566E+01   5.493835E+01
   6.793699E+01   5.485338E+01
   6.729473E+01   5.476302E+01
   6.667659E+01   5.467943E+01
   6.593483E+01   5.457120E+01
   6.552475E+01   5.453797E+01
   6.526845E+01   5.430992E+01
   6.509676E+01   5.430237E+01
   6.497464E+01   5.438761E+01
   6.479990E+01   5.433399E+01
   6.474751E+01   5.434234E+01
   6.438947E+01   5.429701E+01
   6.422506E+01   5.420561E+01
   6.321400E+01   5.408744E+01
   6.273155E+01   5.404497E+01
   6.253982E+01   5.386232E+01
   6.239812E+01   5.392447E+01
   6.237040E+01   5.400850E+01
   6.214013E+01   5.399722E+01
   6.203992E+01   5.392572E+01
   6.179748E+01   5.396099E+01
   6.168767E+01   5.400926E+01
   6.164503E+01   5.398043E+01
   6.163277E+01   5.395503E+01
   6.154312E+01   5.395607E+01
   6.138439E+01   5.383936E+01
   6.204419E+01   5.347103E+01
   6.217337E+01   5.330024E+01
   6.216088E+01   5.301635E+01
   6.214902E+01   5.298441E+01
   6.209829E+01   5.293689E+01
   6.152901E+01   5.294717E+01
   6.104320E+01   5.286469E+01
   6.109470E+01   5.246822E+01
   6.109112E+01   5.238042E+01
   6.105927E+01   5.231733E+01
   6.092810E+01   5.221584E+01
   6.033848E+01   5.198818E+01
   6.057971E+01   5.185615E+01
   6.111224E+01   5.167063E+01
   6.153330E+01   5.143360E+01
   6.157777E+01   5.134375E+01
   6.170517E+01   5.125561E+01
   6.168557E+01   5.123909E+01
   6.160382E+01   5.121437E+01
   6.147523E+01   5.079663E+01
   6.133426E+01   5.075849E+01
   6.095584E+01   5.067067E+01
   6.077341E+01   5.063721E+01
   6.038169E+01   5.062705E+01
   6.013862E+01   5.069058E+01
   5.988490E+01   5.051195E+01
   5.947552E+01   5.047397E+01
   5.941156E+01   5.050924E+01
   5.853683E+01   5.079824E+01
   5.856396E+01   5.101690E+01
   5.850166E+01   5.104560E+01
   5.843006E+01   5.105914E+01
   5.817012E+01   5.103979E+01
   5.760085E+01   5.084830E+01
   5.737523E+01   5.088865E+01
   5.711622E+01   5.102076E+01
   5.636685E+01   5.088341E+01
   5.627496E+01   5.088710E+01
   5.622365E+01   5.078076E+01
   5.606800E+01   5.067143E+01
   5.570446E+01   5.049595E+01
   5.520694E+01   5.058766E+01
   5.458242E+01   5.048164E+01
   5.435662E+01   5.057658E+01
   5.446939E+01   5.083607E+01
   5.418581E+01   5.090066E+01
   5.411550E+01   5.106225E+01
   5.412936E+01   5.109105E+01
   5.405633E+01   5.111013E+01
   5.366029E+01   5.122422E+01
   5.365216E+01   5.125559E+01
   5.363923E+01   5.126468E+01
   5.362844E+01   5.127226E+01
   5.361658E+01   5.128168E+01
   5.359675E+01   5.129346E+01
   5.357074E+01   5.133587E+01
   5.361258E+01   5.138765E+01
   5.355680E+01   5.140951E+01
   5.347991E+01   5.142879E+01
   5.343370E+01   5.144053E+01
   5.338647E+01   5.148698E+01
   5.337501E+01   5.149237E+01
   5.335889E+01   5.148424E+01
   5.333637E+01   5.148740E+01
   5.329932E+01   5.148939E+01
   5.327667E+01   5.148491E+01
   5.323737E+01   5.149051E+01
   5.316123E+01   5.148722E+01
   5.310168E+01   5.149098E+01
   5.306964E+01   5.148863E+01
   5.299727E+01   5.146563E+01
   5.296448E+01   5.145811E+01
   5.292340E+01   5.145905E+01
   5.286988E+01   5.146586E+01
   5.280128E+01   5.147240E+01
   5.269122E+01   5.144891E+01
   5.251482E+01   5.143388E+01
   5.246206E+01   5.153715E+01
   5.231122E+01   5.170446E+01
   5.180473E+01   5.146094E+01
   5.162041E+01   5.143905E+01
   5.162456E+01   5.149334E+01
   5.163210E+01   5.151633E+01
   5.160647E+01   5.152055E+01
   5.156576E+01   5.149625E+01
   5.154178E+01   5.149244E+01
   5.152159E+01   5.148515E+01
   5.141711E+01   5.146789E+01
   5.128205E+01   5.148701E+01
   5.123889E+01   5.152268E+01
   5.123035E+01   5.157488E+01
   5.137054E+01   5.157455E+01
   5.137000E+01   5.163117E+01
   5.130124E+01   5.163414E+01
   5.126180E+01   5.165597E+01
   5.107097E+01   5.166457E+01
   5.093984E+01   5.166259E+01
   5.084390E+01   5.157786E+01
   5.073729E+01   5.152550E+01
   5.042600E+01   5.128209E+01
   5.000979E+01   5.121135E+01
   4.998953E+01   5.117260E+01
   4.989075E+01   5.084404E+01
   4.845189E+01   4.947209E+01
   4.771572E+01   4.973979E+01
   4.724725E+01   4.855189E+01
   4.825111E+01   4.806669E+01
   4.911257E+01   4.676168E+01
   4.902564E+01   4.664978E+01
   4.906834E+01   4.654184E+01
   4.967326E+01   4.606129E+01
   4.987153E+01   4.558942E+01
   4.905420E+01   4.448625E+01
   5.019191E+01   4.262911E+01
   5.017344E+01   4.231513E+01
   4.847022E+01   4.163821E+01
   4.844865E+01   4.160133E+01
   4.813709E+01   4.145459E+01
   4.788690E+01   4.117434E+01
   4.774455E+01   4.110937E+01
   4.733691E+01   4.124573E+01
   4.710372E+01   4.145891E+01
   4.680177E+01   4.169286E+01
   4.658240E+01   4.176241E+01
   4.623084E+01   4.196159E+01
   4.591163E+01   4.200648E+01
   4.566144E+01   4.211857E+01
   4.554066E+01   4.224803E+01
   4.568085E+01   4.233578E+01
   4.575850E+01   4.246956E+01
   4.559889E+01   4.248229E+01
   4.550615E+01   4.252363E+01
   4.532498E+01   4.250614E+01
   4.521288E+01   4.264816E+01
   4.512116E+01   4.269190E+01
   4.502518E+01   4.267446E+01
   4.496088E+01   4.272610E+01
   4.490332E+01   4.273389E+01
   4.484940E+01   4.260306E+01
   4.476312E+01   4.259988E+01
   4.473587E+01   4.266785E+01
   4.471860E+01   4.272535E+01
   4.463922E+01   4.274171E+01
   4.462111E+01   4.273807E+01
   4.459721E+01   4.273564E+01
   4.454599E+01   4.274798E+01
   4.452922E+01   4.269083E+01
   4.448346E+01   4.269644E+01
   4.442475E+01   4.269700E+01
   4.431875E+01   4.270653E+01
   4.427780E+01   4.264724E+01
   4.422172E+01   4.258930E+01
   4.415324E+01   4.259327E+01
   4.411803E+01   4.261182E+01
   4.410199E+01   4.260636E+01
   4.407945E+01   4.259427E+01
   4.402930E+01   4.254296E+01
   4.391499E+01   4.252468E+01
   4.380391E+01   4.255805E+01
   4.374460E+01   4.256679E+01
   4.368367E+01   4.262531E+01
   4.377632E+01   4.269278E+01
   4.379179E+01   4.270507E+01
   4.379357E+01   4.270635E+01
   4.379526E+01   4.270880E+01
   4.379819E+01   4.271475E+01
   4.379991E+01   4.272157E+01
   4.373791E+01   4.274157E+01
   4.353840E+01   4.283496E+01
   4.335076E+01   4.287726E+01
   4.318522E+01   4.291873E+01
   4.313022E+01   4.296176E+01
   4.299758E+01   4.302328E+01
   4.296792E+01   4.309656E+01
   4.284336E+01   4.315362E+01
   4.274415E+01   4.317093E+01
   4.272797E+01   4.312215E+01
   4.267136E+01   4.311939E+01
   4.257484E+01   4.314340E+01
   4.245945E+01   4.319216E+01
   4.240586E+01   4.323960E+01
   4.228538E+01   4.319487E+01
   4.222171E+01   4.321682E+01
   4.210732E+01   4.320070E+01
   4.203336E+01   4.317986E+01
   4.194566E+01   4.319681E+01
   4.190639E+01   4.321516E+01
   4.187856E+01   4.323877E+01
   4.186903E+01   4.320487E+01
   4.180154E+01   4.319515E+01
   4.173672E+01   4.321844E+01
   4.169574E+01   4.320508E+01
   4.161594E+01   4.321294E+01
   4.152103E+01   4.326440E+01
   4.142020E+01   4.328560E+01
   4.137060E+01   4.334680E+01
   4.128540E+01   4.331895E+01
   4.119212E+01   4.336601E+01
   4.106594E+01   4.337306E+01
   4.099693E+01   4.341029E+01
   4.092575E+01   4.340950E+01
   4.085835E+01   4.346823E+01
   4.070018E+01   4.352460E+01
   4.065748E+01   4.355086E+01
   4.057284E+01   4.351354E+01
   4.049467E+01   4.352101E+01
   4.046951E+01   4.354119E+01
   4.041117E+01   4.354450E+01
   4.026559E+01   4.357381E+01
   4.019684E+01   4.357068E+01
   4.007384E+01   4.351145E+01
   4.007222E+01   4.350957E+01
   4.007065E+01   4.350917E+01
   4.006686E+01   4.350534E+01
   4.006019E+01   4.349870E+01
   4.005866E+01   4.349493E+01
   4.005673E+01   4.349268E+01
   4.005527E+01   4.349007E+01
   4.005311E+01   4.348797E+01
   4.004893E+01   4.348005E+01
   4.004559E+01   4.347318E+01
   4.004502E+01   4.346711E+01
   4.004273E+01   4.345921E+01
   4.004172E+01   4.345322E+01
   4.003787E+01   4.345033E+01
   4.003550E+01   4.344497E+01
   4.003310E+01   4.344139E+01
   4.003224E+01   4.344012E+01
   4.003090E+01   4.343893E+01
   4.002649E+01   4.343526E+01
   4.001954E+01   4.342934E+01
   4.001836E+01   4.341857E+01
   4.001543E+01   4.341534E+01
   4.001499E+01   4.341226E+01
   4.001220E+01   4.340910E+01
   4.000966E+01   4.340206E+01
   4.000967E+01   4.339785E+01
   4.000950E+01   4.339560E+01
   4.000898E+01   4.339472E+01
   4.000837E+01   4.339361E+01
   4.000779E+01   4.339171E+01
   4.000730E+01   4.338923E+01
   4.000899E+01   4.338643E+01
   4.000914E+01   4.338315E+01
   4.000256E+01   4.336735E+01
   3.993112E+01   4.325835E+01
   3.983617E+01   4.313311E+01
   3.661734E+01   4.489912E+01
   3.653298E+01   4.500864E+01
   3.655539E+01   4.503003E+01
   3.652304E+01   4.508602E+01
   3.650740E+01   4.517846E+01
   3.658047E+01   4.524311E+01
   3.659044E+01   4.525754E+01
   3.658586E+01   4.528240E+01
   3.658748E+01   4.528979E+01
   3.660230E+01   4.532885E+01
   3.663924E+01   4.535311E+01
   3.665056E+01   4.536845E+01
   3.664706E+01   4.540140E+01
   3.661968E+01   4.560280E+01
   3.746331E+01   4.685058E+01
   3.817417E+01   4.695137E+01
   3.822040E+01   4.714837E+01
   3.821811E+01   4.716973E+01
   3.820247E+01   4.732310E+01
   3.822296E+01   4.736950E+01
   3.827399E+01   4.756087E+01
   3.831713E+01   4.758742E+01
   3.840771E+01   4.763359E+01
   3.843575E+01   4.765684E+01
   3.859482E+01   4.765829E+01
   3.859644E+01   4.766628E+01
   3.864992E+01   4.767771E+01
   3.865790E+01   4.768951E+01
   3.864699E+01   4.769904E+01
   3.864691E+01   4.770242E+01
   3.865958E+01   4.770605E+01
   3.867832E+01   4.770360E+01
   3.868533E+01   4.770124E+01
   3.874297E+01   4.771752E+01
   3.875915E+01   4.774944E+01
   3.875915E+01   4.779438E+01
   3.879163E+01   4.783442E+01
   3.880666E+01   4.786457E+01
   3.883952E+01   4.787606E+01
   3.886068E+01   4.787670E+01
   3.903996E+01   4.788943E+01
   3.938006E+01   4.788789E+01
   3.955272E+01   4.784574E+01
   3.973926E+01   4.784363E+01
   3.975127E+01   4.785323E+01
   3.975127E+01   4.786717E+01
   3.977224E+01   4.790131E+01
   3.976046E+01   4.802390E+01
   3.977313E+01   4.805419E+01
   3.981681E+01   4.805491E+01
   3.982139E+01   4.807545E+01
   3.985356E+01   4.809532E+01
   3.985502E+01   4.811923E+01
   3.989384E+01   4.818758E+01
   3.993806E+01   4.824004E+01
   3.997418E+01   4.824901E+01
   4.000168E+01   4.826840E+01
   3.997865E+01   4.830126E+01
   3.995261E+01   4.829029E+01
   3.992673E+01   4.826804E+01
   3.990355E+01   4.826481E+01
   3.990746E+01   4.827784E+01
   3.990860E+01   4.828794E+01
   3.990611E+01   4.829054E+01
   3.989496E+01   4.829471E+01
   3.986166E+01   4.830215E+01
   3.983443E+01   4.830628E+01
   3.983443E+01   4.833066E+01
   3.984279E+01   4.834909E+01
   3.990965E+01   4.837023E+01
   3.988593E+01   4.842142E+01
   3.983147E+01   4.847257E+01
   3.984495E+01   4.853295E+01
   3.982697E+01   4.856373E+01
   3.963267E+01   4.858613E+01
   3.970668E+01   4.878399E+01
   3.979071E+01   4.884669E+01
   3.980704E+01   4.885020E+01
   3.996642E+01   4.880703E+01
   4.000912E+01   4.885572E+01
   3.985264E+01   4.888029E+01
   3.984321E+01   4.888845E+01
   3.982427E+01   4.888336E+01
   3.975689E+01   4.891597E+01
   3.973173E+01   4.897156E+01
   3.965776E+01   4.898308E+01
   3.965090E+01   4.900659E+01
   3.966124E+01   4.901097E+01
   3.966048E+01   4.903435E+01
   3.967687E+01   4.904847E+01
   3.968926E+01   4.905659E+01
   3.974858E+01   4.905483E+01
   3.989355E+01   4.908589E+01
   3.996903E+01   4.917903E+01
   4.007565E+01   4.926043E+01
   4.017440E+01   4.932834E+01
   4.011206E+01   4.937289E+01
   4.010177E+01   4.938493E+01
   4.007437E+01   4.939968E+01
   4.002105E+01   4.943847E+01
   4.001590E+01   4.946511E+01
   4.003058E+01   4.946833E+01
   4.002167E+01   4.953686E+01
   4.011765E+01   4.958722E+01
   4.000118E+01   4.958443E+01
   3.997099E+01   4.955225E+01
   3.979197E+01   4.953756E+01
   3.972727E+01   4.958512E+01
   3.962212E+01   4.961762E+01
   3.951066E+01   4.973037E+01
   3.938918E+01   4.972510E+01
   3.928553E+01   4.974403E+01
   3.924368E+01   4.976943E+01
   3.919221E+01   4.983464E+01
   3.902674E+01   4.979996E+01
   3.891906E+01   4.977175E+01
   3.875511E+01   4.986228E+01
   3.862472E+01   4.993498E+01
   3.846763E+01   4.994774E+01
   3.834073E+01   4.998943E+01
   3.831211E+01   5.006548E+01
   3.820803E+01   5.007478E+01
   3.820307E+01   5.006511E+01
   3.822823E+01   4.997741E+01
   3.821222E+01   4.994209E+01
   3.810294E+01   4.991068E+01
   3.802516E+01   4.988661E+01
   3.800838E+01   4.990675E+01
   3.801045E+01   4.994354E+01
   3.796050E+01   4.996734E+01
   3.794995E+01   4.998862E+01
   3.793985E+01   5.000406E+01
   3.791877E+01   5.002484E+01
   3.785166E+01   5.004443E+01
   3.775748E+01   5.005987E+01
   3.762144E+01   5.015021E+01
   3.758833E+01   5.027992E+01
   3.751192E+01   5.032274E+01
   3.745511E+01   5.037286E+01
   3.745095E+01   5.043071E+01
   3.737916E+01   5.041546E+01
   3.725334E+01   5.037025E+01
   3.713591E+01   5.033790E+01
   3.700894E+01   5.034264E+01
   3.692907E+01   5.034240E+01
   3.691648E+01   5.034252E+01
   3.689761E+01   5.033863E+01
   3.687597E+01   5.033315E+01
   3.685557E+01   5.031684E+01
   3.682206E+01   5.030731E+01
   3.675412E+01   5.026872E+01
   3.672338E+01   5.020697E+01
   3.659669E+01   5.021399E+01
   3.651218E+01   5.027739E+01
   3.648758E+01   5.028784E+01
   3.646147E+01   5.029858E+01
   3.643593E+01   5.030491E+01
   3.637378E+01   5.028299E+01
   3.630045E+01   5.028823E+01
   3.626918E+01   5.029237E+01
   3.623510E+01   5.033545E+01
   3.618480E+01   5.038447E+01
   3.612818E+01   5.041128E+01
   3.606186E+01   5.042949E+01
   3.593191E+01   5.041712E+01
   3.585966E+01   5.039169E+01
   3.572755E+01   5.033838E+01
   3.557975E+01   5.034713E+01
   3.557112E+01   5.041452E+01
   3.555816E+01   5.043298E+01
   3.548799E+01   5.045388E+01
   3.533637E+01   5.057022E+01
   3.523006E+01   5.095457E+01
   3.512932E+01   5.106776E+01
   3.514643E+01   5.110611E+01
   3.511822E+01   5.115157E+01
   3.510716E+01   5.116425E+01
   3.508472E+01   5.117944E+01
   3.499089E+01   5.121424E+01
   3.487928E+01   5.116288E+01
   3.470402E+01   5.115842E+01
   3.456490E+01   5.122330E+01
   3.438427E+01   5.125740E+01
   3.432145E+01   5.122820E+01
   3.430296E+01   5.122903E+01
   3.428134E+01   5.123624E+01
   3.421919E+01   5.125820E+01
   3.419891E+01   5.140933E+01
   3.424636E+01   5.150844E+01
   3.420037E+01   5.156565E+01
   3.414889E+01   5.162344E+01
   3.408103E+01   5.163386E+01
   3.407340E+01   5.165350E+01
   3.406883E+01   5.167478E+01
   3.408555E+01   5.169543E+01
   3.423939E+01   5.172314E+01
   3.439290E+01   5.174227E+01
   3.436574E+01   5.182553E+01
   3.435070E+01   5.183595E+01
   3.430721E+01   5.185578E+01
   3.429400E+01   5.186760E+01
   3.423199E+01   5.187842E+01
   3.417086E+01   5.191009E+01
   3.402794E+01   5.205856E+01
   3.409373E+01   5.212161E+01
   3.410424E+01   5.213634E+01
   3.407674E+01   5.215074E+01
   3.405059E+01   5.217022E+01
   3.406079E+01   5.218349E+01
   3.404973E+01   5.219804E+01
   3.404029E+01   5.219944E+01
   3.402294E+01   5.219909E+01
   3.401151E+01   5.219826E+01
   3.398406E+01   5.221813E+01
   3.392914E+01   5.224391E+01
   3.390479E+01   5.228061E+01
   3.378435E+01   5.234076E+01
   3.357541E+01   5.228575E+01
   3.352012E+01   5.229298E+01
   3.346742E+01   5.231439E+01
   3.348386E+01   5.235163E+01
   3.344531E+01   5.233515E+01
   3.340729E+01   5.234487E+01
   3.339753E+01   5.235528E+01
   3.338796E+01   5.236771E+01
   3.336046E+01   5.235289E+01
   3.330329E+01   5.234440E+01
   3.326292E+01   5.235990E+01
   3.323600E+01   5.235909E+01
   3.319424E+01   5.232962E+01
   3.308443E+01   5.228269E+01
   3.288981E+01   5.223087E+01
   3.269207E+01   5.223192E+01
   3.267382E+01   5.226325E+01
   3.265650E+01   5.227744E+01
   3.263464E+01   5.227858E+01
   3.240780E+01   5.231793E+01
   3.241874E+01   5.224318E+01
   3.236597E+01   5.221548E+01
   3.238406E+01   5.214615E+01
   3.230660E+01   5.207677E+01
   3.210287E+01   5.202350E+01
   3.201905E+01   5.203394E+01
   3.190725E+01   5.203531E+01
   3.190671E+01   5.205098E+01
   3.193882E+01   5.207326E+01
   3.183124E+01   5.208701E+01
   3.178993E+01   5.210092E+01
   3.177208E+01   5.210467E+01
   3.177927E+01   5.212366E+01
   3.174289E+01   5.216972E+01
   3.168239E+01   5.219031E+01
   3.166160E+01   5.221253E+01
   3.167546E+01   5.225823E+01
   3.155712E+01   5.231236E+01
   3.158621E+01   5.237439E+01
   3.155819E+01   5.244511E+01
   3.154007E+01   5.251913E+01
   3.155907E+01   5.255626E+01
   3.147615E+01   5.270085E+01
   3.155606E+01   5.276658E+01
   3.150387E+01   5.284472E+01
   3.137815E+01   5.289683E+01
   3.134052E+01   5.296913E+01
   3.130972E+01   5.298766E+01
   3.123524E+01   5.301770E+01
   3.123731E+01   5.303153E+01
   3.124824E+01   5.303997E+01
   3.125983E+01   5.304501E+01
   3.129616E+01   5.304275E+01
   3.132068E+01   5.309624E+01
   3.136760E+01   5.311307E+01
   3.135159E+01   5.314294E+01
   3.140289E+01   5.322132E+01
   3.143528E+01   5.322152E+01
   3.149445E+01   5.322312E+01
   3.156054E+01   5.322918E+01
   3.161385E+01   5.323748E+01
   3.177720E+01   5.321164E+01
   3.190742E+01   5.312482E+01
   3.206289E+01   5.310186E+01
   3.213008E+01   5.310348E+01
   3.219150E+01   5.311554E+01
   3.221815E+01   5.312865E+01
   3.224347E+01   5.313649E+01
   3.228291E+01   5.313489E+01
   3.232129E+01   5.317852E+01
   3.240418E+01   5.319976E+01
   3.245588E+01   5.323997E+01
   3.243829E+01   5.327473E+01
   3.249693E+01   5.331360E+01
   3.257188E+01   5.331935E+01
   3.263504E+01   5.334683E+01
   3.270214E+01   5.335593E+01
   3.273679E+01   5.343285E+01
   3.270054E+01   5.345412E+01
   3.264635E+01   5.346450E+01
   3.260338E+01   5.346091E+01
   3.254458E+01   5.350128E+01
   3.245563E+01   5.354206E+01
   3.240739E+01   5.358549E+01
   3.240239E+01   5.367212E+01
   3.247163E+01   5.370390E+01
   3.234962E+01   5.371497E+01
   3.232126E+01   5.374623E+01
   3.224610E+01   5.375064E+01
   3.221838E+01   5.376073E+01
   3.219066E+01   5.378309E+01
   3.206441E+01   5.377474E+01
   3.178741E+01   5.376012E+01
   3.173313E+01   5.382112E+01
   3.176752E+01   5.386336E+01
   3.182314E+01   5.391735E+01
   3.183351E+01   5.400059E+01
   3.186730E+01   5.403337E+01
   3.186183E+01   5.405683E+01
   3.184844E+01   5.407378E+01
   3.174930E+01   5.406940E+01
   3.173331E+01   5.409316E+01
   3.166988E+01   5.409660E+01
   3.163736E+01   5.412223E+01
   3.158512E+01   5.411473E+01
   3.143481E+01   5.418528E+01
   3.130666E+01   5.421438E+01
   3.119509E+01   5.443858E+01
   3.103491E+01   5.448733E+01
   3.105126E+01   5.457728E+01
   3.115288E+01   5.464237E+01
   3.091768E+01   5.465807E+01
   3.089808E+01   5.471385E+01
   3.069145E+01   5.478990E+01
   3.081472E+01   5.495758E+01
   3.088050E+01   5.497410E+01
   3.092865E+01   5.503088E+01
   3.087953E+01   5.512519E+01
   3.076505E+01   5.523150E+01
   3.074869E+01   5.537052E+01
   3.086955E+01   5.542232E+01
   3.088554E+01   5.551832E+01
   3.092583E+01   5.555906E+01
   3.090983E+01   5.560365E+01
   3.076805E+01   5.557594E+01
   3.065496E+01   5.559358E+01
   3.054382E+01   5.571810E+01
   3.024606E+01   5.583046E+01
   3.007268E+01   5.583173E+01
   3.000284E+01   5.585936E+01
   2.995513E+01   5.584919E+01
   2.991218E+01   5.584758E+01
   2.982021E+01   5.577006E+01
   2.967246E+01   5.577218E+01
   2.955788E+01   5.566603E+01
   2.935155E+01   5.574374E+01
   2.935566E+01   5.580360E+01
   2.938468E+01   5.585356E+01
   2.939485E+01   5.587789E+01
   2.938053E+01   5.589332E+01
   2.940829E+01   5.595893E+01
   2.921184E+01   5.598653E+01
   2.918705E+01   5.600560E+01
   2.918187E+01   5.601040E+01
   2.914142E+01   5.602412E+01
   2.912037E+01   5.600953E+01
   2.907378E+01   5.602048E+01
   2.885119E+01   5.594794E+01
   2.873013E+01   5.596183E+01
   2.869960E+01   5.598187E+01
   2.869018E+01   5.601612E+01
   2.866549E+01   5.603360E+01
   2.864702E+01   5.605192E+01
   2.863100E+01   5.607769E+01
   2.862305E+01   5.608282E+01
   2.829930E+01   5.605729E+01
   2.828170E+01   5.607010E+01
   2.826473E+01   5.607441E+01
   2.824911E+01   5.607721E+01
   2.819874E+01   5.610531E+01
   2.813296E+01   5.615795E+01
   2.814423E+01   5.617217E+01
   2.816995E+01   5.619100E+01
   2.815823E+01   5.619783E+01
   2.817144E+01   5.620915E+01
   2.819067E+01   5.620946E+01
   2.818464E+01   5.621449E+01
   2.817842E+01   5.622947E+01
   2.819085E+01   5.623880E+01
   2.821309E+01   5.625094E+01
   2.823439E+01   5.626895E+01
   2.823778E+01   5.627219E+01
   2.823665E+01   5.627643E+01
   2.823731E+01   5.628407E+01
   2.823156E+01   5.628998E+01
   2.820170E+01   5.630963E+01
   2.819814E+01   5.634098E+01
   2.819088E+01   5.635357E+01
   2.818715E+01   5.635937E+01
   2.816456E+01   5.637000E+01
   2.816086E+01   5.637883E+01
   2.816759E+01   5.638354E+01
   2.817377E+01   5.639078E+01
   2.817834E+01   5.639573E+01
   2.817956E+01   5.639751E+01
   2.818371E+01   5.640256E+01
   2.817879E+01   5.640909E+01
   2.817825E+01   5.643238E+01
   2.816093E+01   5.645345E+01
   2.812788E+01   5.648672E+01
   2.811930E+01   5.650039E+01
   2.810077E+01   5.650311E+01
   2.808946E+01   5.652044E+01
   2.808795E+01   5.653811E+01
   2.810906E+01   5.654829E+01
   2.812678E+01   5.657342E+01
   2.805169E+01   5.658214E+01
   2.804057E+01   5.658754E+01
   2.803076E+01   5.659953E+01
   2.800251E+01   5.663164E+01
   2.797559E+01   5.668320E+01
   2.796213E+01   5.670412E+01
   2.793145E+01   5.672230E+01
   2.791373E+01   5.673365E+01
   2.790882E+01   5.674146E+01
   2.791142E+01   5.674433E+01
   2.791367E+01   5.674530E+01
   2.791365E+01   5.674607E+01
   2.790887E+01   5.674518E+01
   2.790566E+01   5.674487E+01
   2.790180E+01   5.674544E+01
   2.790072E+01   5.674833E+01
   2.789780E+01   5.675071E+01
   2.789600E+01   5.675439E+01
   2.789634E+01   5.676126E+01
   2.790333E+01   5.677537E+01
   2.793584E+01   5.678296E+01
   2.792678E+01   5.679726E+01
   2.794864E+01   5.681156E+01
   2.795663E+01   5.682761E+01
   2.789746E+01   5.681827E+01
   2.785642E+01   5.686609E+01
   2.772849E+01   5.683548E+01
   2.765657E+01   5.683273E+01
   2.765637E+01   5.684512E+01
   2.765410E+01   5.685266E+01
   2.765503E+01   5.685703E+01
   2.765619E+01   5.686298E+01
   2.765977E+01   5.688029E+01
   2.767861E+01   5.691929E+01
   2.772761E+01   5.692392E+01
   2.773796E+01   5.695662E+01
   2.774814E+01   5.697024E+01
   2.774898E+01   5.697511E+01
   2.774677E+01   5.698400E+01
   2.773958E+01   5.698821E+01
   2.771559E+01   5.699692E+01
   2.770759E+01   5.700766E+01
   2.771479E+01   5.703015E+01
   2.770973E+01   5.710202E+01
   2.772379E+01   5.711957E+01
   2.775694E+01   5.713191E+01
   2.776537E+01   5.713389E+01
   2.777190E+01   5.713693E+01
   2.778427E+01   5.713952E+01
   2.781103E+01   5.715833E+01
   2.782497E+01   5.717100E+01
   2.781065E+01   5.719143E+01
   2.782917E+01   5.721974E+01
   2.785886E+01   5.725433E+01
   2.786006E+01   5.727429E+01
   2.786212E+01   5.727710E+01
   2.786439E+01   5.727988E+01
   2.786519E+01   5.729021E+01
   2.786792E+01   5.729118E+01
   2.786612E+01   5.729694E+01
   2.786292E+01   5.730014E+01
   2.785881E+01   5.730229E+01
   2.784788E+01   5.729998E+01
   2.783802E+01   5.730840E+01
   2.781446E+01   5.731072E+01
   2.777075E+01   5.731072E+01
   2.774624E+01   5.734525E+01
   2.761777E+01   5.738463E+01
   2.751085E+01   5.742506E+01
   2.752222E+01   5.744597E+01
   2.753633E+01   5.746470E+01
   2.756355E+01   5.751414E+01
   2.756264E+01   5.751513E+01
   2.755581E+01   5.751788E+01
   2.755666E+01   5.751891E+01
   2.755440E+01   5.751951E+01
   2.755544E+01   5.752118E+01
   2.755347E+01   5.752156E+01
   2.755010E+01   5.751891E+01
   2.754664E+01   5.751924E+01
   2.755281E+01   5.753203E+01
   2.751832E+01   5.753408E+01
   2.746633E+01   5.752481E+01
   2.742279E+01   5.751925E+01
   2.738416E+01   5.752441E+01
   2.734684E+01   5.751459E+01
   2.733630E+01   5.753743E+01
   2.732881E+01   5.755953E+01
   2.732622E+01   5.757215E+01
   2.732496E+01   5.757288E+01
   2.732476E+01   5.757336E+01
   2.732380E+01   5.757437E+01
   2.732207E+01   5.757505E+01
   2.732059E+01   5.757628E+01
   2.731808E+01   5.757855E+01
   2.731661E+01   5.757925E+01
   2.731759E+01   5.758151E+01
   2.732586E+01   5.758587E+01
   2.733772E+01   5.759373E+01
   2.735877E+01   5.759944E+01
   2.736916E+01   5.759966E+01
   2.738356E+01   5.760929E+01
   2.738969E+01   5.762899E+01
   2.737996E+01   5.763670E+01
   2.737383E+01   5.764890E+01
   2.737251E+01   5.766937E+01
   2.738327E+01   5.768519E+01
   2.739316E+01   5.768748E+01
   2.741048E+01   5.770080E+01
   2.742810E+01   5.770548E+01
   2.742863E+01   5.770609E+01
   2.742633E+01   5.770794E+01
   2.744052E+01   5.771353E+01
   2.744278E+01   5.771481E+01
   2.744680E+01   5.771797E+01
   2.745218E+01   5.771686E+01
   2.745617E+01   5.771327E+01
   2.745663E+01   5.771148E+01
   2.745740E+01   5.771094E+01
   2.746088E+01   5.770872E+01
   2.746768E+01   5.771712E+01
   2.746962E+01   5.771993E+01
   2.749016E+01   5.772617E+01
   2.751334E+01   5.771761E+01
   2.752841E+01   5.773486E+01
   2.752518E+01   5.774674E+01
   2.751432E+01   5.774816E+01
   2.750919E+01   5.775004E+01
   2.751536E+01   5.775520E+01
   2.751729E+01   5.775987E+01
   2.751662E+01   5.776049E+01
   2.751355E+01   5.776118E+01
   2.750218E+01   5.776300E+01
   2.750199E+01   5.777727E+01
   2.749317E+01   5.779046E+01
   2.752875E+01   5.779585E+01
   2.753327E+01   5.780140E+01
   2.753026E+01   5.780703E+01
   2.753713E+01   5.781415E+01
   2.754100E+01   5.781626E+01
   2.754062E+01   5.782324E+01
   2.754584E+01   5.782422E+01
   2.754659E+01   5.782395E+01
   2.754787E+01   5.782366E+01
   2.754953E+01   5.782416E+01
   2.754811E+01   5.782881E+01
   2.754679E+01   5.783440E+01
   2.755636E+01   5.783458E+01
   2.757351E+01   5.783483E+01
   2.759258E+01   5.783514E+01
   2.759563E+01   5.783403E+01
   2.759852E+01   5.783538E+01
   2.760337E+01   5.783661E+01
   2.760894E+01   5.784164E+01
   2.763696E+01   5.784216E+01
   2.766138E+01   5.784054E+01
   2.768682E+01   5.784059E+01
   2.770371E+01   5.784858E+01
   2.771284E+01   5.784876E+01
   2.770917E+01   5.784167E+01
   2.771670E+01   5.784043E+01
   2.776559E+01   5.783762E+01
   2.778906E+01   5.785236E+01
   2.780745E+01   5.786824E+01
   2.780978E+01   5.787450E+01
   2.781176E+01   5.787836E+01
   2.780620E+01   5.788277E+01
   2.780940E+01   5.788793E+01
   2.781492E+01   5.788943E+01
   2.781623E+01   5.789083E+01
   2.780954E+01   5.789517E+01
   2.778822E+01   5.789680E+01
   2.776034E+01   5.789301E+01
   2.773796E+01   5.790247E+01
   2.772505E+01   5.790121E+01
   2.770196E+01   5.789541E+01
   2.767388E+01   5.790816E+01
   2.764599E+01   5.794459E+01
   2.766860E+01   5.798038E+01
   2.760829E+01   5.800635E+01
   2.759623E+01   5.805026E+01
   2.761734E+01   5.809491E+01
   2.758417E+01   5.810805E+01
   2.748467E+01   5.819477E+01
   2.746582E+01   5.830148E+01
   2.751557E+01   5.837587E+01
   2.734573E+01   5.879038E+01
   2.774313E+01   5.898909E+01
   2.774346E+01   5.899533E+01
   2.774097E+01   5.900234E+01
   2.773861E+01   5.900807E+01
   2.773937E+01   5.901365E+01
   2.773673E+01   5.902495E+01
   2.775350E+01   5.904289E+01
   2.779006E+01   5.910894E+01
   2.779986E+01   5.913582E+01
   2.784245E+01   5.915751E+01
   2.788351E+01   5.919952E+01
   2.787635E+01   5.922615E+01
   2.794796E+01   5.927513E+01
   2.798066E+01   5.928858E+01
   2.810654E+01   5.929777E+01
   2.814046E+01   5.932778E+01
   2.817815E+01   5.934076E+01
   2.819101E+01   5.934723E+01
   2.818977E+01   5.935269E+01
   2.819637E+01   5.935515E+01
   2.819957E+01   5.935773E+01
   2.819833E+01   5.935987E+01
   2.819864E+01   5.936141E+01
   2.820099E+01   5.936251E+01
   2.820340E+01   5.936355E+01
   2.820554E+01   5.936443E+01
   2.820530E+01   5.936610E+01
   2.820535E+01   5.936688E+01
   2.820636E+01   5.936772E+01
   2.820853E+01   5.936932E+01
   2.820957E+01   5.937060E+01
   2.820837E+01   5.937199E+01
   2.820424E+01   5.937343E+01
   2.820238E+01   5.937432E+01
   2.820290E+01   5.937582E+01
   2.820470E+01   5.937799E+01
   2.820717E+01   5.938152E+01
   2.820710E+01   5.938356E+01
   2.820597E+01   5.938518E+01
   2.819957E+01   5.939116E+01
   2.819124E+01   5.939903E+01
   2.817206E+01   5.940554E+01
   2.816393E+01   5.941137E+01
   2.815820E+01   5.941276E+01
   2.814894E+01   5.941503E+01
   2.814274E+01   5.941700E+01
   2.813741E+01   5.941957E+01
   2.813481E+01   5.942225E+01
   2.813274E+01   5.942700E+01
   2.813041E+01   5.942961E+01
   2.812495E+01   5.943557E+01
   2.811689E+01   5.944113E+01
   2.810876E+01   5.944570E+01
   2.809928E+01   5.944950E+01
   2.808604E+01   5.945571E+01
   2.808058E+01   5.945776E+01
   2.807384E+01   5.945918E+01
   2.805556E+01   5.946179E+01
   2.804675E+01   5.946456E+01
   2.804387E+01   5.946808E+01
   2.804241E+01   5.947115E+01
   2.804094E+01   5.947220E+01
   2.803214E+01   5.947267E+01
   2.790605E+01   5.947410E+01
   2.718011E+01   5.955021E+01
   2.646986E+01   5.961139E+01
   2.663133E+01   6.000327E+01
   2.687585E+01   6.014571E+01
   2.691966E+01   6.016441E+01
   2.705535E+01   6.016366E+01
   2.742925E+01   6.023634E+01
   2.768816E+01   6.039205E+01
   2.765726E+01   6.042500E+01
   2.773000E+01   6.045419E+01
   2.774658E+01   6.047964E+01
   2.776562E+01   6.053207E+01
   2.779965E+01   6.054943E+01
   2.781403E+01   6.055502E+01
   2.784390E+01   6.056121E+01
   2.784032E+01   6.056248E+01
   2.784051E+01   6.056727E+01
   2.784197E+01   6.057416E+01
   2.783756E+01   6.057734E+01
   2.783777E+01   6.057887E+01
   2.784037E+01   6.058030E+01
   2.784473E+01   6.058353E+01
   2.785286E+01   6.059040E+01
   2.787171E+01   6.060430E+01
   2.786825E+01   6.060585E+01
   2.786617E+01   6.060655E+01
   2.786478E+01   6.060652E+01
   2.786495E+01   6.060770E+01
   2.787067E+01   6.060676E+01
   2.787364E+01   6.060530E+01
   2.790478E+01   6.062442E+01
   2.793154E+01   6.064059E+01
   2.797616E+01   6.066522E+01
   2.800762E+01   6.068165E+01
   2.812887E+01   6.074436E+01
   2.817195E+01   6.078244E+01
   2.821680E+01   6.078575E+01
   2.823904E+01   6.080709E+01
   2.830253E+01   6.083816E+01
   2.830866E+01   6.084257E+01
   2.832397E+01   6.085898E+01
   2.835173E+01   6.086677E+01
   2.845397E+01   6.092099E+01
   2.849524E+01   6.093903E+01
   2.851839E+01   6.095423E+01
   2.851952E+01   6.095552E+01
   2.852030E+01   6.095624E+01
   2.852487E+01   6.095760E+01
   2.852988E+01   6.095518E+01
   2.853471E+01   6.095572E+01
   2.853829E+01   6.095663E+01
   2.854093E+01   6.095669E+01
   2.854748E+01   6.095596E+01
   2.857269E+01   6.095260E+01
   2.861266E+01   6.095654E+01
   2.865451E+01   6.095124E+01
   2.867956E+01   6.097860E+01
   2.870574E+01   6.102698E+01
   2.871269E+01   6.104484E+01
   2.875274E+01   6.106647E+01
   2.875552E+01   6.106861E+01
   2.877018E+01   6.107735E+01
   2.880643E+01   6.109777E+01
   2.881382E+01   6.111390E+01
   2.881878E+01   6.112224E+01
   2.883202E+01   6.112629E+01
   2.882104E+01   6.113083E+01
   2.881868E+01   6.113257E+01
   2.882123E+01   6.113311E+01
   2.883265E+01   6.112812E+01
   2.883527E+01   6.112738E+01
   2.883745E+01   6.112764E+01
   2.884076E+01   6.112947E+01
   2.886981E+01   6.114201E+01
   2.891345E+01   6.114968E+01
   2.894662E+01   6.115659E+01
   2.901522E+01   6.119366E+01
   2.922704E+01   6.126985E+01
   2.923677E+01   6.127546E+01
   2.927069E+01   6.130334E+01
   2.930650E+01   6.133373E+01
   2.931894E+01   6.134928E+01
   2.936695E+01   6.137847E+01
   2.943625E+01   6.142312E+01
   2.949702E+01   6.146326E+01
   2.949462E+01   6.149329E+01
   2.959243E+01   6.149851E+01
   2.963640E+01   6.152482E+01
   2.968704E+01   6.155391E+01
   2.973528E+01   6.157726E+01
   2.974621E+01   6.160109E+01
   2.979659E+01   6.163895E+01
   2.980865E+01   6.165274E+01
   2.984955E+01   6.167483E+01
   2.996601E+01   6.173263E+01
   3.000917E+01   6.175493E+01
   3.003604E+01   6.177328E+01
   3.006355E+01   6.182155E+01
   3.018944E+01   6.188201E+01
   3.018731E+01   6.189063E+01
   3.020842E+01   6.189400E+01
   3.021164E+01   6.189835E+01
   3.027157E+01   6.193686E+01
   3.030361E+01   6.194093E+01
   3.029909E+01   6.196628E+01
   3.034292E+01   6.198437E+01
   3.042886E+01   6.203355E+01
   3.059658E+01   6.214382E+01
   3.061109E+01   6.215905E+01
   3.062636E+01   6.217630E+01
   3.062448E+01   6.218474E+01
   3.062749E+01   6.219142E+01
   3.064200E+01   6.220039E+01
   3.065595E+01   6.221102E+01
   3.071663E+01   6.221129E+01
   3.080490E+01   6.226991E+01
   3.085237E+01   6.229422E+01
   3.100695E+01   6.237639E+01
   3.113802E+01   6.245210E+01
   3.114405E+01   6.246569E+01
   3.118325E+01   6.250121E+01
   3.121567E+01   6.250470E+01
   3.128125E+01   6.259192E+01
   3.135889E+01   6.267370E+01
   3.143729E+01   6.279388E+01
   3.157449E+01   6.290637E+01
   3.149157E+01   6.295850E+01
   3.130688E+01   6.307309E+01
   3.125618E+01   6.311028E+01
   3.124823E+01   6.317050E+01
   3.123997E+01   6.318445E+01
   3.121027E+01   6.320959E+01
   3.107125E+01   6.327540E+01
   3.097363E+01   6.329573E+01
   3.092765E+01   6.335411E+01
   3.084465E+01   6.336741E+01
   3.083956E+01   6.337771E+01
   3.078658E+01   6.340263E+01
   3.048200E+01   6.346648E+01
   3.038201E+01   6.354488E+01
   3.028024E+01   6.357492E+01
   3.025510E+01   6.358413E+01
   3.024350E+01   6.360565E+01
   3.022134E+01   6.361871E+01
   3.021667E+01   6.362113E+01
   3.019384E+01   6.363270E+01
   3.018896E+01   6.363345E+01
   3.015738E+01   6.364925E+01
   3.012113E+01   6.366723E+01
   3.007416E+01   6.369190E+01
   3.006276E+01   6.369813E+01
   3.005816E+01   6.370789E+01
   2.996698E+01   6.375825E+01
   3.011678E+01   6.379334E+01
   3.013630E+01   6.379864E+01
   3.025456E+01   6.382500E+01
   3.030769E+01   6.389460E+01
   3.031622E+01   6.390598E+01
   3.032302E+01   6.391201E+01
   3.033195E+01   6.391834E+01
   3.033861E+01   6.392531E+01
   3.034727E+01   6.393749E+01
   3.043846E+01   6.398745E+01
   3.051639E+01   6.405007E+01
   3.055050E+01   6.411284E+01
   3.054881E+01   6.412814E+01
   3.053863E+01   6.413340E+01
   3.050848E+01   6.415198E+01
   3.046108E+01   6.420504E+01
   3.050367E+01   6.422538E+01
   3.049293E+01   6.424217E+01
   3.048237E+01   6.426115E+01
   3.042600E+01   6.426554E+01
   3.038670E+01   6.426672E+01
   3.037972E+01   6.426951E+01
   3.036597E+01   6.427679E+01
   3.035617E+01   6.427810E+01
   3.035916E+01   6.429870E+01
   3.030213E+01   6.431418E+01
   3.028604E+01   6.432919E+01
   3.025494E+01   6.433796E+01
   3.024541E+01   6.434035E+01
   3.020770E+01   6.434814E+01
   3.011042E+01   6.435772E+01
   3.006114E+01   6.438991E+01
   3.004079E+01   6.440050E+01
   3.004456E+01   6.442052E+01
   3.004871E+01   6.445468E+01
   3.003898E+01   6.446966E+01
   3.003099E+01   6.447012E+01
   3.002059E+01   6.448298E+01
   3.001713E+01   6.449870E+01
   3.000913E+01   6.450754E+01
   2.999421E+01   6.452428E+01
   2.998151E+01   6.452975E+01
   2.998660E+01   6.454976E+01
   2.998773E+01   6.456369E+01
   2.998924E+01   6.457955E+01
   2.998264E+01   6.458731E+01
   3.003899E+01   6.461576E+01
   3.010363E+01   6.462683E+01
   3.011965E+01   6.463498E+01
   3.012662E+01   6.465040E+01
   3.011795E+01   6.465855E+01
   3.006780E+01   6.468692E+01
   3.004295E+01   6.470561E+01
   3.003598E+01   6.474003E+01
   3.005105E+01   6.474919E+01
   3.007461E+01   6.477314E+01
   3.004257E+01   6.479176E+01
   3.001741E+01   6.479100E+01
   3.000601E+01   6.479128E+01
   3.000205E+01   6.479313E+01
   2.997360E+01   6.479251E+01
   2.990016E+01   6.479231E+01
   2.987962E+01   6.478854E+01
   2.975760E+01   6.478815E+01
   2.973932E+01   6.478807E+01
   2.970541E+01   6.480569E+01
   2.967769E+01   6.481862E+01
   2.969706E+01   6.483709E+01
   2.964786E+01   6.486638E+01
   2.964433E+01   6.486901E+01
   2.963504E+01   6.487832E+01
   2.961771E+01   6.489911E+01
   2.960640E+01   6.492899E+01
   2.961054E+01   6.495884E+01
   2.959455E+01   6.499323E+01
   2.961348E+01   6.502087E+01
   2.962254E+01   6.506232E+01
   2.962612E+01   6.506303E+01
   2.967648E+01   6.507951E+01
   2.973170E+01   6.509412E+01
   2.978484E+01   6.509309E+01
   2.980934E+01   6.509420E+01
   2.984316E+01   6.510178E+01
   2.988273E+01   6.510813E+01
   2.981941E+01   6.513413E+01
   2.980663E+01   6.515126E+01
   2.986206E+01   6.520497E+01
   2.970292E+01   6.522765E+01
   2.963130E+01   6.523042E+01
   2.959983E+01   6.525528E+01
   2.959720E+01   6.527366E+01
   2.968355E+01   6.531577E+01
   2.974109E+01   6.534790E+01
   2.972469E+01   6.538183E+01
   2.972281E+01   6.540694E+01
   2.972639E+01   6.544166E+01
   2.972714E+01   6.547000E+01
   2.974580E+01   6.548471E+01
   2.975315E+01   6.549831E+01
   2.977731E+01   6.551376E+01
   2.979310E+01   6.552370E+01
   2.981189E+01   6.553686E+01
   2.984014E+01   6.555164E+01
   2.984802E+01   6.556182E+01
   2.981149E+01   6.558212E+01
   2.975070E+01   6.560554E+01
   2.976285E+01   6.560367E+01
   2.975032E+01   6.560861E+01
   2.973581E+01   6.562040E+01
   2.971924E+01   6.563722E+01
   3.001996E+01   6.569957E+01
   3.012569E+01   6.567852E+01
   3.011937E+01   6.573190E+01
   3.010062E+01   6.580421E+01
   3.007960E+01   6.586191E+01
   3.007454E+01   6.587156E+01
   3.006718E+01   6.587694E+01
   3.005210E+01   6.590696E+01
   3.002722E+01   6.593756E+01
   3.001742E+01   6.596552E+01
   2.998916E+01   6.597534E+01
   2.998145E+01   6.600210E+01
   2.991578E+01   6.612477E+01
   2.979646E+01   6.620814E+01
   2.972106E+01   6.625922E+01
   2.971013E+01   6.626533E+01
   2.969321E+01   6.626576E+01
   2.969334E+01   6.627305E+01
   2.969134E+01   6.627767E+01
   2.966723E+01   6.630365E+01
   2.962690E+01   6.635819E+01
   2.961032E+01   6.637557E+01
   2.949423E+01   6.649611E+01
   2.943279E+01   6.654882E+01
   2.936985E+01   6.659333E+01
   2.934309E+01   6.663612E+01
   2.922302E+01   6.672298E+01
   2.912611E+01   6.678510E+01
   2.910798E+01   6.678615E+01
   2.909927E+01   6.679379E+01
   2.911619E+01   6.680224E+01
   2.905740E+01   6.685205E+01
   2.903881E+01   6.690054E+01
   2.903583E+01   6.690691E+01
   2.903383E+01   6.691657E+01
   2.903142E+01   6.692548E+01
   2.902892E+01   6.692778E+01
   2.902500E+01   6.693321E+01
   2.903072E+01   6.694143E+01
   2.903268E+01   6.696014E+01
   2.904361E+01   6.697754E+01
   2.907002E+01   6.699682E+01
   2.910387E+01   6.701837E+01
   2.935426E+01   6.717458E+01
   2.940503E+01   6.720926E+01
   2.949978E+01   6.727179E+01
   2.950938E+01   6.727936E+01
   2.950125E+01   6.728543E+01
   2.950551E+01   6.729176E+01
   2.952398E+01   6.731408E+01
   2.953623E+01   6.731575E+01
   2.956167E+01   6.731510E+01
   2.956092E+01   6.732389E+01
   2.957109E+01   6.732941E+01
   2.960012E+01   6.733653E+01
   2.960012E+01   6.734539E+01
   2.967814E+01   6.738270E+01
   2.976556E+01   6.743389E+01
   2.983912E+01   6.748661E+01
   2.992886E+01   6.752358E+01
   3.001408E+01   6.767334E+01
   2.987797E+01   6.772318E+01
   2.964981E+01   6.779915E+01
   2.958618E+01   6.786220E+01
   2.954017E+01   6.789915E+01
   2.931511E+01   6.807156E+01
   2.863555E+01   6.819006E+01
   2.846687E+01   6.848494E+01
   2.846031E+01   6.849448E+01
   2.843825E+01   6.853065E+01
   2.843149E+01   6.854012E+01
   2.863190E+01   6.868306E+01
   2.870306E+01   6.873319E+01
   2.873185E+01   6.877400E+01
   2.875635E+01   6.881143E+01
   2.878838E+01   6.886654E+01
   2.865835E+01   6.888107E+01
   2.846737E+01   6.888055E+01
   2.845538E+01   6.888871E+01
   2.844455E+01   6.889183E+01
   2.842987E+01   6.890354E+01
   2.841788E+01   6.890824E+01
   2.841121E+01   6.891562E+01
   2.849810E+01   6.893374E+01
   2.860888E+01   6.896555E+01
   2.870508E+01   6.899139E+01
   2.874758E+01   6.900308E+01
   2.876247E+01   6.900855E+01
   2.892927E+01   6.905534E+01
   2.902299E+01   6.902591E+01
   2.904245E+01   6.901283E+01
   2.905524E+01   6.901694E+01
   2.911282E+01   6.905427E+01
   2.916966E+01   6.907679E+01
   2.922749E+01   6.911822E+01
   2.923779E+01   6.913540E+01
   2.924158E+01   6.914235E+01
   2.924436E+01   6.914387E+01
   2.924638E+01   6.914644E+01
   2.924546E+01   6.914830E+01
   2.924083E+01   6.915892E+01
   2.927096E+01   6.919315E+01
   2.926377E+01   6.923798E+01
   2.926943E+01   6.928936E+01
   2.927960E+01   6.930122E+01
   2.932596E+01   6.931360E+01
   2.934179E+01   6.932438E+01
   2.952384E+01   6.933290E+01
   2.954005E+01   6.932159E+01
   2.956455E+01   6.932012E+01
   2.960250E+01   6.933571E+01
   2.964061E+01   6.935005E+01
   2.968458E+01   6.936128E+01
   2.969351E+01   6.936894E+01
   2.970551E+01   6.938213E+01
   2.971923E+01   6.939198E+01
   2.979059E+01   6.940112E+01
   2.979945E+01   6.940829E+01
   2.982956E+01   6.942116E+01
   2.986631E+01   6.942554E+01
   2.987799E+01   6.942368E+01
   2.991135E+01   6.942057E+01
   2.994095E+01   6.941272E+01
   2.995641E+01   6.940888E+01
   2.999505E+01   6.941544E+01
   3.003929E+01   6.943080E+01
   3.006992E+01   6.945492E+01
   3.009941E+01   6.946534E+01
   3.010780E+01   6.947419E+01
   3.011128E+01   6.948370E+01
   3.011396E+01   6.949326E+01
   3.011009E+01   6.950679E+01
   3.011657E+01   6.951996E+01
   3.013447E+01   6.953130E+01
   3.016444E+01   6.955949E+01
   3.013385E+01   6.964153E+01
   3.008303E+01   6.964003E+01
   3.007739E+01   6.965733E+01
   3.011512E+01   6.966560E+01
   3.015247E+01   6.967135E+01
   3.019305E+01   6.966259E+01
   3.020073E+01   6.966540E+01
   3.021233E+01   6.966376E+01
   3.027278E+01   6.964978E+01
   3.039303E+01   6.961281E+01
   3.054404E+01   6.957389E+01
   3.084296E+01   6.956538E+01
   3.086200E+01   6.970276E+01
   3.087552E+01   6.970993E+01
   3.087276E+01   6.971330E+01
   3.087410E+01   6.971668E+01
   3.087788E+01   6.971897E+01
   3.088341E+01   6.971930E+01
   3.088972E+01   6.972044E+01
   3.088778E+01   6.972432E+01
   3.088776E+01   6.972507E+01
   3.088854E+01   6.972618E+01
   3.088804E+01   6.972674E+01
   3.088769E+01   6.972771E+01
   3.088953E+01   6.972807E+01
   3.089223E+01   6.972898E+01
   3.088583E+01   6.972950E+01
   3.088566E+01   6.973114E+01
   3.088909E+01   6.973183E+01
   3.088946E+01   6.973379E+01
   3.089010E+01   6.973692E+01
   3.088602E+01   6.973861E+01
   3.088340E+01   6.973776E+01
   3.087907E+01   6.973754E+01
   3.087864E+01   6.973915E+01
   3.087743E+01   6.974080E+01
   3.087157E+01   6.974120E+01
   3.086947E+01   6.974286E+01
   3.086719E+01   6.974655E+01
   3.086917E+01   6.974825E+01
   3.086766E+01   6.975131E+01
   3.087130E+01   6.975182E+01
   3.087664E+01   6.975026E+01
   3.087612E+01   6.975114E+01
   3.087209E+01   6.975202E+01
   3.087018E+01   6.975220E+01
   3.087042E+01   6.975252E+01
   3.087004E+01   6.975337E+01
   3.087004E+01   6.975395E+01
   3.087042E+01   6.975433E+01
   3.087156E+01   6.975486E+01
   3.087123E+01   6.975558E+01
   3.086932E+01   6.975595E+01
   3.086770E+01   6.975567E+01
   3.086819E+01   6.975323E+01
   3.086571E+01   6.975227E+01
   3.086194E+01   6.975191E+01
   3.086090E+01   6.975286E+01
   3.086104E+01   6.975390E+01
   3.086134E+01   6.975570E+01
   3.086603E+01   6.975795E+01
   3.086010E+01   6.976284E+01
   3.085723E+01   6.976294E+01
   3.085615E+01   6.976232E+01
   3.085717E+01   6.976102E+01
   3.085284E+01   6.976044E+01
   3.085001E+01   6.976099E+01
   3.085009E+01   6.976193E+01
   3.085259E+01   6.976315E+01
   3.085332E+01   6.976413E+01
   3.085114E+01   6.976515E+01
   3.085015E+01   6.976598E+01
   3.085031E+01   6.976681E+01
   3.085088E+01   6.976812E+01
   3.084838E+01   6.976874E+01
   3.084666E+01   6.976911E+01
   3.084570E+01   6.976994E+01
   3.084543E+01   6.977085E+01
   3.084334E+01   6.977144E+01
   3.083997E+01   6.977202E+01
   3.083909E+01   6.977286E+01
   3.083781E+01   6.977521E+01
   3.083546E+01   6.977737E+01
   3.082574E+01   6.978112E+01
   3.081677E+01   6.978946E+01
   3.081133E+01   6.979438E+01
   3.091051E+01   6.985955E+01
   3.107404E+01   6.996889E+01
   3.156916E+01   7.022235E+01
   3.165544E+01   7.038228E+01
   3.175058E+01   7.051584E+01
   3.600512E+01   8.053672E+01
   5.185853E+01   8.546108E+01
   9.301452E+01   8.546578E+01
   1.183699E+02   8.539540E+01
   1.449722E+02   8.540771E+01
   1.594909E+02   7.832623E+01
   1.801000E+02   7.569790E+01
   1.801000E+02   5.921920E+01
   1.674888E+02   5.089535E+01
   1.575212E+02   4.991033E+01
   1.466560E+02   4.264372E+01
   1.458315E+02   4.332216E+01
   1.458241E+02   4.340896E+01
   1.457590E+02   4.345309E+01
   1.456363E+02   4.348810E+01
   1.452172E+02   4.371737E+01
   1.452263E+02   4.392187E+01
   1.455640E+02   4.430074E+01
   1.454042E+02   4.442577E+01
   1.450815E+02   4.440208E+01
   1.448252E+02   4.422516E+01
   1.444785E+02   4.422516E+01
   1.443518E+02   4.430937E+01
   1.438302E+02   4.433741E+01
   1.436523E+02   4.443223E+01
   1.432362E+02   4.464929E+01
   1.428321E+02   4.491895E+01
   1.424944E+02   4.528503E+01
   1.422502E+02   4.553270E+01
   1.420050E+02   4.566103E+01
   1.412022E+02   4.580693E+01
   1.392870E+02   4.676446E+01
   1.348475E+02   4.287387E+01
   1.334016E+02   4.222693E+01
   1.311594E+02   4.214006E+01
   1.308408E+02   4.217364E+01
   1.307325E+02   4.225728E+01
   1.306655E+02   4.231215E+01
   1.306491E+02   4.232535E+01
   1.306380E+02   4.233652E+01
   1.306407E+02   4.235445E+01
   1.306643E+02   4.237296E+01
   1.306487E+02   4.239009E+01
   1.306428E+02   4.240891E+01
   1.306186E+02   4.243101E+01
   1.305852E+02   4.244200E+01
   1.305844E+02   4.246369E+01
   1.305856E+02   4.248260E+01
   1.305476E+02   4.250745E+01
   1.305534E+02   4.253314E+01
   1.305615E+02   4.256072E+01
   1.305975E+02   4.257328E+01
   1.306106E+02   4.260213E+01
   1.305786E+02   4.265703E+01
   1.305304E+02   4.267957E+01
   1.304611E+02   4.266938E+01
   1.303911E+02   4.269778E+01
   1.303949E+02   4.272957E+01
   1.304469E+02   4.276235E+01
   1.304618E+02   4.277688E+01
   1.305557E+02   4.283027E+01
   1.310089E+02   4.294068E+01
   1.310688E+02   4.302623E+01
   1.311657E+02   4.354236E+01
   1.312046E+02   4.382248E+01
   1.312035E+02   4.382358E+01
   1.312035E+02   4.382358E+01
   1.312050E+02   4.382526E+01
   1.312199E+02   4.393302E+01
   1.309262E+02   4.486548E+01
   1.318872E+02   4.536735E+01
   1.329223E+02   4.507079E+01
   1.331333E+02   4.547286E+01
   1.333785E+02   4.572095E+01
   1.337036E+02   4.627700E+01
   1.339745E+02   4.673895E+01
   1.341370E+02   4.735489E+01
   1.346503E+02   4.763719E+01
   1.347307E+02   4.773917E+01
   1.345900E+02   4.782800E+01
   1.345493E+02   4.797695E+01
   1.345473E+02   4.806046E+01
   1.346431E+02   4.815470E+01
   1.346538E+02   4.824068E+01
   1.346697E+02   4.826146E+01
   1.347108E+02   4.828805E+01
   1.347624E+02   4.835966E+01
   1.347626E+02   4.837383E+01
   1.347607E+02   4.837511E+01
   1.347259E+02   4.838095E+01
   1.347168E+02   4.838485E+01
   1.347082E+02   4.839058E+01
   1.346861E+02   4.840389E+01
   1.346529E+02   4.841097E+01
   1.345805E+02   4.840544E+01
   1.345414E+02   4.841143E+01
   1.345201E+02   4.841428E+01
   1.345167E+02   4.841528E+01
   1.344960E+02   4.842041E+01
   1.344736E+02   4.841897E+01
   1.344359E+02   4.839683E+01
   1.344082E+02   4.838607E+01
   1.343709E+02   4.838514E+01
   1.343391E+02   4.837709E+01
   1.343321E+02   4.837691E+01
   1.343004E+02   4.837749E+01
   1.342928E+02   4.837665E+01
   1.342749E+02   4.837496E+01
   1.337141E+02   4.817312E+01
   1.336404E+02   4.815891E+01
   1.335435E+02   4.810414E+01
   1.334907E+02   4.809608E+01
   1.333867E+02   4.810212E+01
   1.332525E+02   4.807896E+01
   1.331418E+02   4.804211E+01
   1.327127E+02   4.779505E+01
   1.325654E+02   4.770544E+01
   1.324615E+02   4.771319E+01
   1.323140E+02   4.770819E+01
   1.315982E+02   4.764049E+01
   1.313431E+02   4.771428E+01
   1.310260E+02   4.766001E+01
   1.309319E+02   4.768852E+01
   1.309262E+02   4.780543E+01
   1.306133E+02   4.808204E+01
   1.306325E+02   4.812766E+01
   1.307722E+02   4.829875E+01
   1.305926E+02   4.846414E+01
   1.304870E+02   4.862383E+01
   1.306246E+02   4.882466E+01
   1.306555E+02   4.884642E+01
   1.306570E+02   4.887947E+01
   1.306423E+02   4.888101E+01
   1.306225E+02   4.887901E+01
   1.305659E+02   4.885520E+01
   1.305319E+02   4.884922E+01
   1.305104E+02   4.885022E+01
   1.304927E+02   4.885592E+01
   1.304739E+02   4.887278E+01
   1.304584E+02   4.889509E+01
   1.304188E+02   4.889979E+01
   1.303548E+02   4.888517E+01
   1.302857E+02   4.886213E+01
   1.302436E+02   4.885592E+01
   1.302199E+02   4.886134E+01
   1.301933E+02   4.888535E+01
   1.301490E+02   4.889983E+01
   1.299047E+02   4.902456E+01
   1.295403E+02   4.925403E+01
   1.294947E+02   4.938235E+01
   1.294035E+02   4.939090E+01
   1.293863E+02   4.932532E+01
   1.290641E+02   4.932532E+01
   1.286991E+02   4.947360E+01
   1.287248E+02   4.953633E+01
   1.285914E+02   4.958690E+01
   1.284608E+02   4.958508E+01
   1.284192E+02   4.957923E+01
   1.284064E+02   4.954648E+01
   1.282637E+02   4.952589E+01
   1.277980E+02   4.955059E+01
   1.275203E+02   4.981519E+01
   1.274673E+02   5.004676E+01
   1.275751E+02   5.014524E+01
   1.275976E+02   5.023322E+01
   1.275522E+02   5.024396E+01
   1.275360E+02   5.024907E+01
   1.275204E+02   5.025061E+01
   1.275015E+02   5.025120E+01
   1.274857E+02   5.025623E+01
   1.274647E+02   5.026279E+01
   1.274431E+02   5.026558E+01
   1.274035E+02   5.026631E+01
   1.273053E+02   5.030925E+01
   1.272648E+02   5.047164E+01
   1.273275E+02   5.056004E+01
   1.269397E+02   5.099633E+01
   1.267857E+02   5.127008E+01
   1.267515E+02   5.144402E+01
   1.267886E+02   5.150961E+01
   1.266517E+02   5.158375E+01
   1.266916E+02   5.164933E+01
   1.267132E+02   5.172095E+01
   1.266706E+02   5.172570E+01
   1.266599E+02   5.173218E+01
   1.266520E+02   5.174022E+01
   1.266539E+02   5.174620E+01
   1.266577E+02   5.175219E+01
   1.266517E+02   5.175572E+01
   1.266298E+02   5.175902E+01
   1.265760E+02   5.180090E+01
   1.265440E+02   5.184637E+01
   1.264321E+02   5.197156E+01
   1.262753E+02   5.219683E+01
   1.262896E+02   5.227953E+01
   1.259474E+02   5.260175E+01
   1.258248E+02   5.284128E+01
   1.256480E+02   5.284699E+01
   1.255054E+02   5.301238E+01
   1.254598E+02   5.308081E+01
   1.251717E+02   5.316921E+01
   1.249265E+02   5.314925E+01
   1.249237E+02   5.307511E+01
   1.243705E+02   5.322054E+01
   1.242336E+02   5.333460E+01
   1.241024E+02   5.332035E+01
   1.237089E+02   5.346863E+01
   1.235378E+02   5.346007E+01
   1.233011E+02   5.351710E+01
   1.228934E+02   5.343726E+01
   1.224324E+02   5.343390E+01
   1.224056E+02   5.344833E+01
   1.223719E+02   5.346648E+01
   1.223637E+02   5.347573E+01
   1.223580E+02   5.348936E+01
   1.223497E+02   5.349777E+01
   1.223388E+02   5.350007E+01
   1.223188E+02   5.349552E+01
   1.222916E+02   5.347110E+01
   1.222039E+02   5.344920E+01
   1.220941E+02   5.340347E+01
   1.212908E+02   5.325476E+01
   1.208770E+02   5.324424E+01
   1.201815E+02   5.278140E+01
   1.200789E+02   5.275574E+01
   1.200732E+02   5.262171E+01
   1.204239E+02   5.267589E+01
   1.207575E+02   5.254757E+01
   1.206834E+02   5.236792E+01
   1.207626E+02   5.226554E+01
   1.208032E+02   5.217687E+01
   1.206862E+02   5.191453E+01
   1.201901E+02   5.166074E+01
   1.201045E+02   5.158660E+01
   1.199388E+02   5.135724E+01
   1.199341E+02   5.135289E+01
   1.199215E+02   5.134453E+01
   1.199126E+02   5.134118E+01
   1.199018E+02   5.134406E+01
   1.198975E+02   5.134353E+01
   1.198901E+02   5.134088E+01
   1.198820E+02   5.133241E+01
   1.198889E+02   5.130114E+01
   1.198682E+02   5.126554E+01
   1.197639E+02   5.107676E+01
   1.192662E+02   5.043172E+01
   1.193717E+02   5.037469E+01
   1.194030E+02   5.018648E+01
   1.192120E+02   4.999258E+01
   1.186491E+02   4.987144E+01
   1.184518E+02   4.976223E+01
   1.178783E+02   4.949666E+01
   1.177589E+02   4.950947E+01
   1.175777E+02   4.957966E+01
   1.174779E+02   4.962027E+01
   1.173828E+02   4.962160E+01
   1.173701E+02   4.962165E+01
   1.173291E+02   4.962381E+01
   1.172642E+02   4.962277E+01
   1.170290E+02   4.968670E+01
   1.166912E+02   4.980152E+01
   1.165914E+02   4.991559E+01
   1.162350E+02   4.999543E+01
   1.158659E+02   4.990953E+01
   1.158015E+02   4.989243E+01
   1.157427E+02   4.988202E+01
   1.157369E+02   4.988481E+01
   1.157202E+02   4.988386E+01
   1.156777E+02   4.988301E+01
   1.154393E+02   4.989788E+01
   1.151714E+02   4.996735E+01
   1.149614E+02   5.015380E+01
   1.143232E+02   5.022662E+01
   1.130577E+02   4.959860E+01
   1.128655E+02   4.951351E+01
   1.127344E+02   4.949099E+01
   1.126537E+02   4.950274E+01
   1.125459E+02   4.951008E+01
   1.124376E+02   4.948807E+01
   1.119813E+02   4.937436E+01
   1.110581E+02   4.923812E+01
   1.109984E+02   4.917265E+01
   1.105037E+02   4.914616E+01
   1.102281E+02   4.909575E+01
   1.092180E+02   4.926735E+01
   1.085703E+02   4.927567E+01
   1.070539E+02   4.998674E+01
   1.068740E+02   5.023091E+01
   1.068386E+02   5.027018E+01
   1.067010E+02   5.031240E+01
   1.065199E+02   5.034119E+01
   1.065067E+02   5.032387E+01
   1.065000E+02   5.031917E+01
   1.064886E+02   5.031791E+01
   1.064277E+02   5.031072E+01
   1.062355E+02   5.028271E+01
   1.057860E+02   5.038511E+01
   1.047750E+02   5.029944E+01
   1.040725E+02   5.009811E+01
   1.033272E+02   5.014523E+01
   1.022306E+02   5.053504E+01
   1.020978E+02   5.128895E+01
   1.000545E+02   5.168304E+01
   9.895365E+01   5.202573E+01
   9.827685E+01   5.142603E+01
   9.809265E+01   5.140461E+01
   9.795986E+01   5.105335E+01
   9.837965E+01   5.059501E+01
   9.838822E+01   5.029944E+01
   9.800270E+01   4.992677E+01
   9.728734E+01   4.966976E+01
   9.699381E+01   4.981519E+01
   9.582663E+01   4.984538E+01
   9.465721E+01   4.996104E+01
   9.440020E+01   5.014095E+01
   9.424171E+01   5.053076E+01
   9.305087E+01   5.052219E+01
   9.273388E+01   5.062500E+01
   9.230981E+01   5.067211E+01
   9.180863E+01   5.064213E+01
   9.144881E+01   5.041510E+01
   9.086196E+01   5.023947E+01
   9.039933E+01   5.002101E+01
   8.972252E+01   4.989250E+01
   8.985103E+01   4.975114E+01
   8.925989E+01   4.951983E+01
   8.896433E+01   4.941274E+01
   8.824468E+01   4.928423E+01
   8.802194E+01   4.915144E+01
   8.756359E+01   4.907862E+01
   8.728944E+01   4.904435E+01
   8.721308E+01   4.897213E+01
   8.658185E+01   4.933825E+01
END
END
