irkutsk 
1
   1.085066E+02   6.434083E+01
   1.086392E+02   6.424062E+01
   1.085998E+02   6.415018E+01
   1.086646E+02   6.408342E+01
   1.087741E+02   6.403775E+01
   1.087848E+02   6.392233E+01
   1.088717E+02   6.385392E+01
   1.085752E+02   6.378278E+01
   1.083581E+02   6.383914E+01
   1.083522E+02   6.372388E+01
   1.081841E+02   6.363056E+01
   1.084552E+02   6.365724E+01
   1.087062E+02   6.364074E+01
   1.090078E+02   6.360509E+01
   1.091699E+02   6.357953E+01
   1.092244E+02   6.353009E+01
   1.093099E+02   6.344026E+01
   1.093323E+02   6.339450E+01
   1.093044E+02   6.338259E+01
   1.093146E+02   6.337404E+01
   1.094127E+02   6.338547E+01
   1.094305E+02   6.335512E+01
   1.094517E+02   6.331462E+01
   1.095074E+02   6.324131E+01
   1.095468E+02   6.309480E+01
   1.095395E+02   6.295374E+01
   1.095565E+02   6.293049E+01
   1.096342E+02   6.291930E+01
   1.096711E+02   6.288789E+01
   1.097027E+02   6.285003E+01
   1.096998E+02   6.280905E+01
   1.095593E+02   6.278256E+01
   1.094802E+02   6.265352E+01
   1.093218E+02   6.255831E+01
   1.094459E+02   6.248393E+01
   1.094794E+02   6.244326E+01
   1.095502E+02   6.247253E+01
   1.099398E+02   6.244603E+01
   1.100235E+02   6.231744E+01
   1.099703E+02   6.226785E+01
   1.100386E+02   6.217072E+01
   1.099278E+02   6.210868E+01
   1.098955E+02   6.205443E+01
   1.098209E+02   6.200721E+01
   1.097317E+02   6.196836E+01
   1.096218E+02   6.189968E+01
   1.096459E+02   6.182020E+01
   1.096299E+02   6.175897E+01
   1.096953E+02   6.172399E+01
   1.097480E+02   6.170495E+01
   1.097421E+02   6.167995E+01
   1.097081E+02   6.166597E+01
   1.097755E+02   6.166333E+01
   1.098130E+02   6.162919E+01
   1.098688E+02   6.157618E+01
   1.098900E+02   6.153595E+01
   1.098466E+02   6.148520E+01
   1.098567E+02   6.147001E+01
   1.098886E+02   6.144291E+01
   1.098049E+02   6.133864E+01
   1.099619E+02   6.132996E+01
   1.101033E+02   6.129928E+01
   1.102184E+02   6.119144E+01
   1.103303E+02   6.119884E+01
   1.104155E+02   6.123461E+01
   1.105310E+02   6.119878E+01
   1.105576E+02   6.116979E+01
   1.105742E+02   6.111768E+01
   1.105423E+02   6.104824E+01
   1.104735E+02   6.097072E+01
   1.103966E+02   6.090835E+01
   1.103175E+02   6.084554E+01
   1.103208E+02   6.066882E+01
   1.101350E+02   6.067580E+01
   1.101641E+02   6.059026E+01
   1.100764E+02   6.056517E+01
   1.100438E+02   6.051410E+01
   1.099648E+02   6.048969E+01
   1.099415E+02   6.046391E+01
   1.099741E+02   6.044196E+01
   1.099724E+02   6.041834E+01
   1.099199E+02   6.038178E+01
   1.098585E+02   6.038414E+01
   1.098594E+02   6.037794E+01
   1.098849E+02   6.037320E+01
   1.098905E+02   6.036103E+01
   1.098300E+02   6.021966E+01
   1.097678E+02   6.012320E+01
   1.097884E+02   6.002931E+01
   1.097256E+02   5.991615E+01
   1.096302E+02   5.981543E+01
   1.095334E+02   5.975179E+01
   1.095405E+02   5.971119E+01
   1.095805E+02   5.966034E+01
   1.094472E+02   5.957892E+01
   1.093676E+02   5.951606E+01
   1.093004E+02   5.946428E+01
   1.093808E+02   5.944017E+01
   1.093381E+02   5.939943E+01
   1.092960E+02   5.937806E+01
   1.093061E+02   5.933709E+01
   1.095218E+02   5.932870E+01
   1.095500E+02   5.923891E+01
   1.096403E+02   5.918599E+01
   1.096594E+02   5.910983E+01
   1.097619E+02   5.910705E+01
   1.098180E+02   5.903204E+01
   1.100716E+02   5.905270E+01
   1.102413E+02   5.903483E+01
   1.104411E+02   5.910110E+01
   1.105304E+02   5.918634E+01
   1.106440E+02   5.929981E+01
   1.108644E+02   5.928190E+01
   1.111119E+02   5.926879E+01
   1.111701E+02   5.922636E+01
   1.113092E+02   5.929328E+01
   1.114822E+02   5.930332E+01
   1.115569E+02   5.925501E+01
   1.116604E+02   5.924733E+01
   1.117784E+02   5.930447E+01
   1.119102E+02   5.930950E+01
   1.119516E+02   5.931536E+01
   1.119545E+02   5.935647E+01
   1.120758E+02   5.940967E+01
   1.121059E+02   5.947344E+01
   1.122402E+02   5.953894E+01
   1.123373E+02   5.953507E+01
   1.123559E+02   5.945974E+01
   1.123415E+02   5.941976E+01
   1.123033E+02   5.938795E+01
   1.122894E+02   5.937647E+01
   1.123011E+02   5.936911E+01
   1.123112E+02   5.936298E+01
   1.123146E+02   5.934828E+01
   1.123410E+02   5.933721E+01
   1.124184E+02   5.934508E+01
   1.124645E+02   5.934419E+01
   1.124958E+02   5.934003E+01
   1.125036E+02   5.933864E+01
   1.125266E+02   5.935351E+01
   1.126706E+02   5.932330E+01
   1.126638E+02   5.926170E+01
   1.126002E+02   5.925305E+01
   1.125074E+02   5.919533E+01
   1.124834E+02   5.914063E+01
   1.124838E+02   5.908543E+01
   1.124703E+02   5.905590E+01
   1.124801E+02   5.895318E+01
   1.124980E+02   5.890436E+01
   1.125532E+02   5.896907E+01
   1.125337E+02   5.899969E+01
   1.124988E+02   5.903351E+01
   1.125149E+02   5.910628E+01
   1.126490E+02   5.912821E+01
   1.129145E+02   5.918214E+01
   1.132770E+02   5.924515E+01
   1.134931E+02   5.951403E+01
   1.135965E+02   5.964588E+01
   1.138316E+02   5.971739E+01
   1.141380E+02   5.983433E+01
   1.144476E+02   6.002352E+01
   1.144985E+02   6.017807E+01
   1.147921E+02   6.023140E+01
   1.149196E+02   6.022722E+01
   1.150863E+02   6.036623E+01
   1.150571E+02   6.041743E+01
   1.151527E+02   6.048003E+01
   1.152993E+02   6.053539E+01
   1.157041E+02   6.056694E+01
   1.159155E+02   6.053015E+01
   1.159511E+02   6.047524E+01
   1.160109E+02   6.048689E+01
   1.161416E+02   6.046328E+01
   1.163250E+02   6.042747E+01
   1.165542E+02   6.040717E+01
   1.166808E+02   6.037534E+01
   1.166868E+02   6.030693E+01
   1.168385E+02   6.027772E+01
   1.170050E+02   6.019845E+01
   1.170335E+02   6.009851E+01
   1.170246E+02   6.006066E+01
   1.171575E+02   6.005938E+01
   1.172692E+02   6.005815E+01
   1.173145E+02   6.004618E+01
   1.173346E+02   6.003371E+01
   1.173607E+02   6.001975E+01
   1.173620E+02   6.000557E+01
   1.170962E+02   5.995250E+01
   1.170745E+02   5.992587E+01
   1.171327E+02   5.988573E+01
   1.172495E+02   5.988451E+01
   1.172201E+02   5.960257E+01
   1.174962E+02   5.954955E+01
   1.178346E+02   5.958499E+01
   1.178346E+02   5.947671E+01
   1.179189E+02   5.949588E+01
   1.179026E+02   5.957512E+01
   1.179968E+02   5.962356E+01
   1.180486E+02   5.966820E+01
   1.183673E+02   5.965545E+01
   1.184086E+02   5.961315E+01
   1.184044E+02   5.953393E+01
   1.185032E+02   5.950663E+01
   1.186235E+02   5.947409E+01
   1.187503E+02   5.945115E+01
   1.187963E+02   5.943504E+01
   1.187903E+02   5.937261E+01
   1.188669E+02   5.932323E+01
   1.188136E+02   5.925620E+01
   1.187410E+02   5.919799E+01
   1.187452E+02   5.907845E+01
   1.188539E+02   5.905675E+01
   1.188968E+02   5.900815E+01
   1.188871E+02   5.893812E+01
   1.187889E+02   5.894612E+01
   1.187739E+02   5.891034E+01
   1.188827E+02   5.886227E+01
   1.189020E+02   5.880304E+01
   1.188816E+02   5.877209E+01
   1.188594E+02   5.864793E+01
   1.187812E+02   5.862964E+01
   1.188228E+02   5.860910E+01
   1.188729E+02   5.861111E+01
   1.188863E+02   5.858137E+01
   1.189657E+02   5.859130E+01
   1.190416E+02   5.854834E+01
   1.191547E+02   5.852611E+01
   1.191021E+02   5.835907E+01
   1.191502E+02   5.830317E+01
   1.191572E+02   5.822480E+01
   1.190507E+02   5.822904E+01
   1.189153E+02   5.821002E+01
   1.187923E+02   5.814949E+01
   1.186009E+02   5.818274E+01
   1.183641E+02   5.823749E+01
   1.182177E+02   5.838384E+01
   1.180789E+02   5.835515E+01
   1.179614E+02   5.840391E+01
   1.177283E+02   5.839669E+01
   1.176632E+02   5.838352E+01
   1.174912E+02   5.831916E+01
   1.175596E+02   5.828779E+01
   1.175775E+02   5.824825E+01
   1.176331E+02   5.815855E+01
   1.175752E+02   5.813069E+01
   1.174559E+02   5.815576E+01
   1.174333E+02   5.808762E+01
   1.174270E+02   5.799742E+01
   1.174556E+02   5.793409E+01
   1.173987E+02   5.789047E+01
   1.173557E+02   5.784724E+01
   1.171289E+02   5.783830E+01
   1.171376E+02   5.781262E+01
   1.171903E+02   5.779142E+01
   1.172074E+02   5.774414E+01
   1.171657E+02   5.767242E+01
   1.172265E+02   5.765749E+01
   1.172515E+02   5.764536E+01
   1.173362E+02   5.764447E+01
   1.173473E+02   5.763854E+01
   1.173415E+02   5.762348E+01
   1.173355E+02   5.760521E+01
   1.173411E+02   5.759069E+01
   1.173555E+02   5.755263E+01
   1.172782E+02   5.755546E+01
   1.172718E+02   5.754281E+01
   1.172663E+02   5.753528E+01
   1.172773E+02   5.752934E+01
   1.172840E+02   5.751347E+01
   1.173012E+02   5.748041E+01
   1.173313E+02   5.748404E+01
   1.173530E+02   5.745849E+01
   1.173738E+02   5.735674E+01
   1.174457E+02   5.738182E+01
   1.174664E+02   5.737349E+01
   1.174457E+02   5.729348E+01
   1.174665E+02   5.726310E+01
   1.174935E+02   5.728255E+01
   1.175346E+02   5.727947E+01
   1.175490E+02   5.730420E+01
   1.175593E+02   5.735869E+01
   1.176026E+02   5.736295E+01
   1.176534E+02   5.733397E+01
   1.177729E+02   5.733827E+01
   1.177998E+02   5.730169E+01
   1.177833E+02   5.725434E+01
   1.177114E+02   5.719595E+01
   1.176556E+02   5.719016E+01
   1.175931E+02   5.716578E+01
   1.176595E+02   5.712204E+01
   1.177057E+02   5.705929E+01
   1.176512E+02   5.696260E+01
   1.175777E+02   5.694561E+01
   1.175943E+02   5.685412E+01
   1.175427E+02   5.686406E+01
   1.174948E+02   5.687947E+01
   1.174703E+02   5.687320E+01
   1.174755E+02   5.682545E+01
   1.173919E+02   5.682760E+01
   1.173077E+02   5.692058E+01
   1.172307E+02   5.689285E+01
   1.171887E+02   5.687229E+01
   1.171736E+02   5.683989E+01
   1.171289E+02   5.681848E+01
   1.170651E+02   5.681024E+01
   1.170451E+02   5.679575E+01
   1.169583E+02   5.675573E+01
   1.167549E+02   5.672136E+01
   1.165352E+02   5.675313E+01
   1.163105E+02   5.685374E+01
   1.162300E+02   5.681730E+01
   1.161014E+02   5.680659E+01
   1.160137E+02   5.685963E+01
   1.158443E+02   5.688939E+01
   1.156706E+02   5.697590E+01
   1.161850E+02   5.714170E+01
   1.160988E+02   5.722760E+01
   1.158746E+02   5.722134E+01
   1.157577E+02   5.716604E+01
   1.156903E+02   5.712580E+01
   1.156067E+02   5.709432E+01
   1.153338E+02   5.708048E+01
   1.152300E+02   5.709905E+01
   1.150819E+02   5.709311E+01
   1.150574E+02   5.703495E+01
   1.151135E+02   5.697923E+01
   1.149988E+02   5.692088E+01
   1.148881E+02   5.682628E+01
   1.148250E+02   5.670354E+01
   1.145641E+02   5.664608E+01
   1.143379E+02   5.661230E+01
   1.142141E+02   5.665726E+01
   1.140873E+02   5.658821E+01
   1.139931E+02   5.653348E+01
   1.138978E+02   5.650959E+01
   1.138290E+02   5.651502E+01
   1.137165E+02   5.659424E+01
   1.134902E+02   5.665136E+01
   1.133643E+02   5.661610E+01
   1.131682E+02   5.663221E+01
   1.128916E+02   5.666268E+01
   1.126648E+02   5.678505E+01
   1.126731E+02   5.694316E+01
   1.125753E+02   5.693547E+01
   1.124396E+02   5.683499E+01
   1.121326E+02   5.685476E+01
   1.120773E+02   5.693165E+01
   1.118970E+02   5.692938E+01
   1.118243E+02   5.690197E+01
   1.117562E+02   5.689575E+01
   1.116518E+02   5.699132E+01
   1.115522E+02   5.701489E+01
   1.115763E+02   5.709382E+01
   1.115224E+02   5.710442E+01
   1.114421E+02   5.701872E+01
   1.113771E+02   5.695631E+01
   1.113662E+02   5.688214E+01
   1.112873E+02   5.684039E+01
   1.110437E+02   5.678724E+01
   1.109159E+02   5.679985E+01
   1.105691E+02   5.682184E+01
   1.102591E+02   5.690619E+01
   1.100468E+02   5.696254E+01
   1.099549E+02   5.690107E+01
   1.098933E+02   5.683371E+01
   1.099394E+02   5.676437E+01
   1.098356E+02   5.670912E+01
   1.096320E+02   5.666874E+01
   1.094558E+02   5.670147E+01
   1.091415E+02   5.660614E+01
   1.087614E+02   5.654718E+01
   1.087679E+02   5.644790E+01
   1.086498E+02   5.636015E+01
   1.087063E+02   5.627990E+01
   1.088486E+02   5.625519E+01
   1.090281E+02   5.602535E+01
   1.091870E+02   5.603870E+01
   1.092484E+02   5.602695E+01
   1.092600E+02   5.599884E+01
   1.092822E+02   5.595012E+01
   1.092304E+02   5.589960E+01
   1.090773E+02   5.590100E+01
   1.089679E+02   5.590259E+01
   1.089326E+02   5.588579E+01
   1.088903E+02   5.586700E+01
   1.088598E+02   5.586442E+01
   1.088359E+02   5.584397E+01
   1.088368E+02   5.581923E+01
   1.088205E+02   5.579164E+01
   1.087927E+02   5.576340E+01
   1.087907E+02   5.575372E+01
   1.088063E+02   5.573382E+01
   1.088215E+02   5.571304E+01
   1.088137E+02   5.568559E+01
   1.088175E+02   5.559157E+01
   1.087267E+02   5.558818E+01
   1.087105E+02   5.555019E+01
   1.087183E+02   5.552247E+01
   1.087208E+02   5.549078E+01
   1.086624E+02   5.548696E+01
   1.086454E+02   5.543548E+01
   1.086901E+02   5.540902E+01
   1.086879E+02   5.530223E+01
   1.087227E+02   5.529778E+01
   1.087388E+02   5.525749E+01
   1.087870E+02   5.524794E+01
   1.088153E+02   5.520634E+01
   1.087977E+02   5.518994E+01
   1.088045E+02   5.515977E+01
   1.087750E+02   5.512768E+01
   1.087231E+02   5.507028E+01
   1.087033E+02   5.505650E+01
   1.087099E+02   5.503877E+01
   1.087103E+02   5.499707E+01
   1.087634E+02   5.494891E+01
   1.087738E+02   5.493127E+01
   1.087474E+02   5.490409E+01
   1.087425E+02   5.487613E+01
   1.087391E+02   5.482283E+01
   1.087358E+02   5.475972E+01
   1.087303E+02   5.466047E+01
   1.086466E+02   5.458572E+01
   1.086071E+02   5.456210E+01
   1.085635E+02   5.455157E+01
   1.086042E+02   5.454878E+01
   1.086572E+02   5.455618E+01
   1.091055E+02   5.442872E+01
   1.090802E+02   5.439344E+01
   1.085850E+02   5.394146E+01
   1.083655E+02   5.372569E+01
   1.082446E+02   5.357015E+01
   1.081316E+02   5.340287E+01
   1.080544E+02   5.325190E+01
   1.079394E+02   5.317662E+01
   1.070391E+02   5.271982E+01
   1.067507E+02   5.260266E+01
   1.064206E+02   5.245572E+01
   1.062713E+02   5.240014E+01
   1.061766E+02   5.235415E+01
   1.060770E+02   5.225202E+01
   1.057975E+02   5.195939E+01
   1.055902E+02   5.183531E+01
   1.052784E+02   5.172746E+01
   1.046116E+02   5.162387E+01
   1.046421E+02   5.149748E+01
   1.046698E+02   5.148030E+01
   1.046781E+02   5.145357E+01
   1.046739E+02   5.138154E+01
   1.046813E+02   5.132142E+01
   1.046057E+02   5.128289E+01
   1.045434E+02   5.128139E+01
   1.044887E+02   5.131444E+01
   1.044347E+02   5.128612E+01
   1.043650E+02   5.126742E+01
   1.042652E+02   5.127382E+01
   1.041837E+02   5.126648E+01
   1.041249E+02   5.121123E+01
   1.040689E+02   5.119440E+01
   1.040216E+02   5.121095E+01
   1.039977E+02   5.121155E+01
   1.039909E+02   5.118504E+01
   1.039591E+02   5.116383E+01
   1.039132E+02   5.113856E+01
   1.038191E+02   5.110863E+01
   1.037933E+02   5.112449E+01
   1.037885E+02   5.143041E+01
   1.035891E+02   5.148340E+01
   1.035076E+02   5.145750E+01
   1.034721E+02   5.146409E+01
   1.034333E+02   5.145080E+01
   1.034150E+02   5.145173E+01
   1.034012E+02   5.146741E+01
   1.033909E+02   5.144676E+01
   1.033637E+02   5.142848E+01
   1.032979E+02   5.145618E+01
   1.032153E+02   5.151666E+01
   1.031792E+02   5.160581E+01
   1.031662E+02   5.172514E+01
   1.032054E+02   5.177975E+01
   1.032072E+02   5.180680E+01
   1.031111E+02   5.183683E+01
   1.030736E+02   5.185457E+01
   1.030656E+02   5.189197E+01
   1.030444E+02   5.189580E+01
   1.029679E+02   5.189521E+01
   1.029038E+02   5.190656E+01
   1.028548E+02   5.193807E+01
   1.028510E+02   5.196923E+01
   1.028304E+02   5.197627E+01
   1.028079E+02   5.197289E+01
   1.027220E+02   5.200914E+01
   1.026207E+02   5.209749E+01
   1.025379E+02   5.218800E+01
   1.023913E+02   5.224747E+01
   1.023080E+02   5.221903E+01
   1.021471E+02   5.226600E+01
   1.020732E+02   5.220708E+01
   1.019027E+02   5.221179E+01
   1.018919E+02   5.229515E+01
   1.019403E+02   5.231427E+01
   1.018886E+02   5.231176E+01
   1.018254E+02   5.234931E+01
   1.017336E+02   5.237765E+01
   1.016546E+02   5.241755E+01
   1.016663E+02   5.246767E+01
   1.015220E+02   5.249794E+01
   1.014230E+02   5.258494E+01
   1.013940E+02   5.262381E+01
   1.011986E+02   5.264695E+01
   1.010483E+02   5.275191E+01
   1.008931E+02   5.276744E+01
   1.004986E+02   5.296623E+01
   1.003127E+02   5.315859E+01
   1.003722E+02   5.322831E+01
   1.002326E+02   5.335849E+01
   1.000911E+02   5.329335E+01
   9.990749E+01   5.329054E+01
   9.986721E+01   5.326947E+01
   9.989287E+01   5.323122E+01
   9.987921E+01   5.321195E+01
   9.982927E+01   5.318138E+01
   9.970198E+01   5.313407E+01
   9.951552E+01   5.309205E+01
   9.940696E+01   5.308139E+01
   9.937190E+01   5.300385E+01
   9.926831E+01   5.297732E+01
   9.924354E+01   5.293417E+01
   9.893817E+01   5.302638E+01
   9.899463E+01   5.309834E+01
   9.884691E+01   5.310503E+01
   9.873009E+01   5.312457E+01
   9.862870E+01   5.307915E+01
   9.826632E+01   5.307350E+01
   9.822859E+01   5.319318E+01
   9.804221E+01   5.323418E+01
   9.795210E+01   5.324648E+01
   9.793689E+01   5.333147E+01
   9.763903E+01   5.334553E+01
   9.754704E+01   5.337142E+01
   9.755700E+01   5.341505E+01
   9.738281E+01   5.346399E+01
   9.729854E+01   5.356917E+01
   9.708548E+01   5.359318E+01
   9.685285E+01   5.371524E+01
   9.672991E+01   5.371280E+01
   9.670795E+01   5.364753E+01
   9.668409E+01   5.362770E+01
   9.652902E+01   5.365132E+01
   9.634547E+01   5.374107E+01
   9.596503E+01   5.404004E+01
   9.582553E+01   5.416386E+01
   9.565012E+01   5.423462E+01
   9.562154E+01   5.431674E+01
   9.565831E+01   5.435560E+01
   9.566195E+01   5.440966E+01
   9.579958E+01   5.444100E+01
   9.590545E+01   5.441695E+01
   9.597158E+01   5.452316E+01
   9.604684E+01   5.457651E+01
   9.609723E+01   5.458699E+01
   9.620616E+01   5.456395E+01
   9.638269E+01   5.457608E+01
   9.649535E+01   5.453632E+01
   9.655573E+01   5.470236E+01
   9.666571E+01   5.491916E+01
   9.656590E+01   5.502713E+01
   9.667121E+01   5.521599E+01
   9.663977E+01   5.523660E+01
   9.668697E+01   5.528239E+01
   9.689223E+01   5.531599E+01
   9.675835E+01   5.557502E+01
   9.681264E+01   5.560183E+01
   9.673476E+01   5.563862E+01
   9.673567E+01   5.568623E+01
   9.680146E+01   5.569902E+01
   9.674785E+01   5.571713E+01
   9.673695E+01   5.574870E+01
   9.683856E+01   5.586031E+01
   9.697042E+01   5.587772E+01
   9.697861E+01   5.601768E+01
   9.703274E+01   5.602128E+01
   9.713564E+01   5.612533E+01
   9.731719E+01   5.608366E+01
   9.733426E+01   5.604552E+01
   9.735615E+01   5.604519E+01
   9.742496E+01   5.621396E+01
   9.755220E+01   5.619973E+01
   9.754026E+01   5.627699E+01
   9.754161E+01   5.638486E+01
   9.786846E+01   5.638117E+01
   9.786529E+01   5.652509E+01
   9.773461E+01   5.653847E+01
   9.773836E+01   5.656342E+01
   9.776005E+01   5.658775E+01
   9.773145E+01   5.662883E+01
   9.773385E+01   5.665022E+01
   9.776115E+01   5.666259E+01
   9.773815E+01   5.670275E+01
   9.773747E+01   5.674464E+01
   9.775263E+01   5.679318E+01
   9.753096E+01   5.676838E+01
   9.743154E+01   5.681957E+01
   9.746604E+01   5.691567E+01
   9.761082E+01   5.691638E+01
   9.761580E+01   5.695621E+01
   9.743923E+01   5.696945E+01
   9.730321E+01   5.704293E+01
   9.796370E+01   5.787328E+01
   9.864350E+01   5.780667E+01
   9.885334E+01   5.780362E+01
   9.940550E+01   5.781045E+01
   9.947677E+01   5.795673E+01
   9.960832E+01   5.806833E+01
   9.970214E+01   5.810588E+01
   1.001220E+02   5.809058E+01
   1.001073E+02   5.796127E+01
   1.001876E+02   5.787453E+01
   1.002817E+02   5.783061E+01
   1.003852E+02   5.778565E+01
   1.004966E+02   5.754366E+01
   1.005706E+02   5.750865E+01
   1.007090E+02   5.745934E+01
   1.007615E+02   5.742040E+01
   1.008249E+02   5.746554E+01
   1.009159E+02   5.748161E+01
   1.009012E+02   5.757176E+01
   1.008061E+02   5.760867E+01
   1.007841E+02   5.771318E+01
   1.007994E+02   5.785107E+01
   1.007935E+02   5.790791E+01
   1.009667E+02   5.789514E+01
   1.011289E+02   5.803015E+01
   1.010687E+02   5.811021E+01
   1.012349E+02   5.817675E+01
   1.013592E+02   5.824749E+01
   1.015215E+02   5.824979E+01
   1.017824E+02   5.850327E+01
   1.021216E+02   5.854794E+01
   1.024503E+02   5.874870E+01
   1.025049E+02   5.887151E+01
   1.023767E+02   5.895111E+01
   1.023689E+02   5.915231E+01
   1.025518E+02   5.923337E+01
   1.028045E+02   5.922003E+01
   1.029131E+02   5.934837E+01
   1.033174E+02   5.931124E+01
   1.033489E+02   5.920846E+01
   1.032677E+02   5.921331E+01
   1.033755E+02   5.911693E+01
   1.036111E+02   5.901009E+01
   1.039562E+02   5.892952E+01
   1.040244E+02   5.886915E+01
   1.039962E+02   5.879654E+01
   1.041490E+02   5.880045E+01
   1.042241E+02   5.879408E+01
   1.042663E+02   5.873750E+01
   1.043813E+02   5.874865E+01
   1.044280E+02   5.868678E+01
   1.044644E+02   5.864420E+01
   1.046820E+02   5.867527E+01
   1.048334E+02   5.873413E+01
   1.047250E+02   5.879516E+01
   1.047632E+02   5.888184E+01
   1.048984E+02   5.897383E+01
   1.051432E+02   5.910680E+01
   1.052739E+02   5.911290E+01
   1.052247E+02   5.924874E+01
   1.051211E+02   5.932227E+01
   1.051772E+02   5.944863E+01
   1.048936E+02   5.944753E+01
   1.047564E+02   5.961502E+01
   1.047284E+02   5.973577E+01
   1.049570E+02   5.981585E+01
   1.049458E+02   5.990228E+01
   1.053162E+02   5.990015E+01
   1.054135E+02   5.988628E+01
   1.053616E+02   5.993389E+01
   1.054339E+02   6.005299E+01
   1.053886E+02   6.016611E+01
   1.054579E+02   6.021376E+01
   1.053382E+02   6.024536E+01
   1.050743E+02   6.026652E+01
   1.047991E+02   6.027404E+01
   1.045866E+02   6.041444E+01
   1.044558E+02   6.063301E+01
   1.045117E+02   6.070611E+01
   1.044350E+02   6.080082E+01
   1.044332E+02   6.087562E+01
   1.046101E+02   6.112445E+01
   1.049228E+02   6.122596E+01
   1.048202E+02   6.131669E+01
   1.047294E+02   6.136346E+01
   1.048589E+02   6.142612E+01
   1.051990E+02   6.147612E+01
   1.054303E+02   6.159940E+01
   1.056995E+02   6.168437E+01
   1.057953E+02   6.167292E+01
   1.059280E+02   6.171965E+01
   1.058653E+02   6.184608E+01
   1.062070E+02   6.203089E+01
   1.063463E+02   6.207945E+01
   1.063810E+02   6.223519E+01
   1.063314E+02   6.228569E+01
   1.063996E+02   6.234086E+01
   1.064598E+02   6.234732E+01
   1.065024E+02   6.242105E+01
   1.065363E+02   6.240691E+01
   1.066199E+02   6.248134E+01
   1.067158E+02   6.250041E+01
   1.066524E+02   6.256280E+01
   1.067084E+02   6.261849E+01
   1.067803E+02   6.261024E+01
   1.067353E+02   6.263506E+01
   1.064330E+02   6.269637E+01
   1.064642E+02   6.275941E+01
   1.063605E+02   6.286449E+01
   1.062250E+02   6.287263E+01
   1.061138E+02   6.294467E+01
   1.060850E+02   6.311880E+01
   1.062201E+02   6.311990E+01
   1.063582E+02   6.313322E+01
   1.062887E+02   6.331356E+01
   1.064432E+02   6.338332E+01
   1.066087E+02   6.334163E+01
   1.066588E+02   6.340367E+01
   1.064283E+02   6.355724E+01
   1.066173E+02   6.365464E+01
   1.065493E+02   6.377245E+01
   1.067151E+02   6.386907E+01
   1.066259E+02   6.394486E+01
   1.065587E+02   6.399607E+01
   1.066484E+02   6.407131E+01
   1.069123E+02   6.401090E+01
   1.070721E+02   6.395166E+01
   1.071818E+02   6.399535E+01
   1.072735E+02   6.399012E+01
   1.073530E+02   6.398318E+01
   1.073830E+02   6.394851E+01
   1.073917E+02   6.390615E+01
   1.074137E+02   6.390554E+01
   1.074526E+02   6.393172E+01
   1.075067E+02   6.393217E+01
   1.075254E+02   6.390963E+01
   1.075693E+02   6.391095E+01
   1.076145E+02   6.399067E+01
   1.077633E+02   6.403441E+01
   1.083020E+02   6.403126E+01
   1.083289E+02   6.409550E+01
   1.082326E+02   6.423895E+01
   1.080355E+02   6.423113E+01
   1.080987E+02   6.427803E+01
   1.084192E+02   6.434333E+01
   1.085066E+02   6.434083E+01
END
END
