karel
1
   31.571706   66.664129
   31.624732   66.644003
   31.650444   66.512779
   31.854308   66.504822
   31.900389   66.372028
   32.129861   66.360767
   32.324523   66.358514
   32.337961   66.483462
   32.533594   66.485082
   32.551134   66.586011
   32.701952   66.594715
   32.736981   66.603354
   32.850782   66.595983
   33.084527   66.571997
   33.357533   66.545920
   34.071258   66.404010
   34.432574   66.297597
   34.744220   66.212936
   35.045167   66.109832
   35.075211   66.081769
   35.196616   65.741535
   35.252619   65.597914
   35.375939   65.297847
   35.454309   65.087905
   35.469889   65.028954
   35.556336   65.000865
   35.624784   64.928563
   35.782749   64.728582
   36.871411   64.235566
   36.832655   64.200225
   36.662439   64.036492
   36.594672   63.927201
   36.581674   63.828594
   36.606400   63.763870
   36.559974   63.688886
   36.450815   63.612936
   35.949026   63.598435
   35.919588   63.574164
   36.051884   63.472507
   36.212571   63.428736
   36.267344   63.310039
   36.275250   63.235073
   36.407711   63.228209
   36.419691   63.199081
   36.309003   63.057751
   36.627862   62.813381
   37.588523   62.662114
   37.665362   62.463458
   37.783598   62.174824
   37.884026   62.018696
   37.958738   61.980190
   37.966047   61.912141
   37.906232   61.739555
   37.906366   61.708945
   37.837699   61.620112
   37.841565   61.507925
   37.347343   61.493558
   37.204760   61.522854
   36.931036   61.545586
   36.778226   61.503132
   36.616324   61.443956
   36.554527   61.406780
   35.739326   61.207057
   35.526270   60.853335
   35.177446   60.901945
   34.985558   60.883669
   34.671020   60.894427
   34.458533   60.870946
   34.249021   60.874227
   34.115965   60.881573
   33.960695   60.837471
   33.902763   60.831263
   33.758556   60.806611
   33.739535   60.759763
   33.683807   60.746828
   33.556826   60.702360
   33.476070   60.704779
   33.441822   60.737737
   33.406333   60.782699
   33.358470   60.806546
   33.316236   60.816199
   33.225866   60.752743
   32.922747   60.671175
   32.608377   60.725448
   31.667536   60.876331
   30.383008   61.118502
   30.000343   61.145931
   29.890357   61.163829
   29.872804   61.157815
   29.813725   61.160339
   29.681463   61.171248
   29.598991   61.176307
   29.553951   61.177832
   29.496165   61.248340
   29.410287   61.255200
   29.332958   61.291379
   29.298605   61.330248
   29.309950   61.334465
   29.319987   61.347270
   29.409480   61.403347
   29.501451   61.461403
   29.495180   61.492874
   29.593438   61.497857
   29.607236   61.503073
   29.606950   61.508634
   29.609860   61.509633
   29.623079   61.510179
   29.643154   61.520413
   29.641034   61.526744
   29.696580   61.559281
   29.737648   61.577636
   29.753667   61.603262
   29.757307   61.605126
   29.777331   61.618757
   29.820457   61.658759
   29.855201   61.677624
   30.030331   61.766155
   30.047805   61.793058
   30.066342   61.823519
   30.190095   61.885835
   30.193358   61.891868
   30.210863   61.893499
   30.298479   61.956087
   30.301241   61.969683
   30.378581   62.007281
   30.602417   62.147270
   30.601843   62.173245
   30.604864   62.175929
   30.627444   62.179290
   30.624779   62.192148
   30.659793   62.214895
   30.772901   62.249675
   30.803753   62.267822
   30.812782   62.279955
   31.153771   62.458832
   31.174975   62.493345
   31.218019   62.500530
   31.261452   62.548255
   31.311825   62.610868
   31.341189   62.647050
   31.378435   62.699510
   31.435977   62.796525
   31.557546   62.884275
   31.561497   62.887098
   31.585220   62.908709
   31.560208   62.924867
   31.499441   62.995322
   31.446170   63.005147
   31.455617   63.024164
   31.404660   63.041320
   31.365725   63.054428
   31.354440   63.073133
   31.283194   63.095470
   31.255154   63.120101
   31.248824   63.160129
   31.242255   63.182563
   31.212340   63.221149
   30.993178   63.300063
   30.973764   63.299887
   30.971399   63.306712
   30.964235   63.317772
   30.934631   63.342240
   30.934616   63.350896
   30.912717   63.356923
   30.824100   63.369126
   30.478095   63.463395
   30.115618   63.645101
   29.949574   63.760520
   30.251654   63.829756
   30.340599   63.953896
   30.506777   64.050142
   30.526732   64.127694
   30.440508   64.198809
   30.405146   64.261484
   30.198274   64.316903
   30.023538   64.401248
   29.950675   64.537947
   29.951231   64.540077
   29.976566   64.544947
   30.024566   64.719426
   30.022668   64.784255
   29.645272   64.784687
   29.606145   64.912996
   29.579999   65.114263
   29.760320   65.132997
   29.772434   65.212923
   29.600225   65.226211
   29.574688   65.302536
   29.691794   65.404223
   29.728734   65.522072
   29.697276   65.658921
   30.049507   65.743788
   30.068130   65.790567
   30.054133   65.802331
   30.055313   65.807343
   30.057772   65.870517
   30.017589   65.951239
   29.948026   66.014715
   29.911842   66.119835
   29.857655   66.157167
   29.673936   66.268155
   29.439470   66.538784
   29.305626   66.647922
   29.284504   66.665278
   29.342696   66.674139
   30.041843   66.683604
   31.571706   66.664129
END
END
