POLY
1
   38.137093  56.952389
   38.125713  56.952648
   38.081707  56.999638
   38.009377  57.046719
   37.861328  57.083778
   37.827976  57.10854
   37.784595  57.126511
   37.693733  57.132488
   37.60622  57.117889
   37.463947  57.064648
   37.41143  57.021362
   37.374767  56.960701
   37.306217  56.951214
   37.2612  56.960026
   37.214344  56.956955
   37.072224  56.906921
   36.982819  56.839966
   36.953957  56.797043
   36.938591  56.750916
   36.830093  56.764194
   36.771778  56.758453
   36.709026  56.727558
   36.476715  56.656162
   36.415283  56.616226
   36.293789  56.616676
   36.209839  56.588333
   36.113438  56.58123
   36.051548  56.553558
   35.995132  56.569431
   35.93568  56.568565
   35.879578  56.584705
   35.822163  56.586048
   35.746323  56.630886
   35.657639  56.654705
   35.594612  56.656132
   35.529442  56.641819
   35.458092  56.643162
   35.411606  56.633972
   35.350765  56.602459
   35.301991  56.545803
   35.278599  56.475182
   35.28632  56.394745
   35.215885  56.336529
   35.189907  56.291977
   35.175682  56.241051
   35.139229  56.1898
   35.068893  56.132111
   35.013638  56.050678
   34.991325  55.987782
   34.991325  55.917599
   35.025036  55.843197
   35.131348  55.734699
   35.136627  55.674381
   35.106339  55.613525
   35.096794  55.55571
   35.11702  55.426563
   35.107407  55.316856
   35.116951  55.259041
   35.140778  55.210537
   35.168144  55.177437
   35.239162  55.111904
   35.290215  55.07766
   35.43021  55.043671
   35.483452  55.039761
   35.535332  55.049477
   35.677795  55.10284
   35.717499  55.106625
   35.804554  55.064308
   35.900845  55.054409
   35.96624  55.036671
   36.010578  55.036346
   36.083996  55.009865
   36.137772  55.003189
   36.305862  55.021057
   36.408817  55.068668
   36.480663  55.126293
   36.550938  55.095978
   36.628151  55.090828
   36.665775  55.051456
   36.72718  55.019669
   36.791939  55.009567
   36.870655  55.016273
   36.894096  55.005302
   36.978321  54.878742
   37.044796  54.753559
   37.090061  54.711555
   37.139595  54.686245
   37.243237  54.65303
   37.382156  54.641212
   37.488663  54.570484
   37.647903  54.535282
   37.73069  54.538334
   37.796551  54.552086
   37.844097  54.572277
   37.886688  54.60656
   37.931454  54.569046
   37.979774  54.543262
   38.19561  54.480824
   38.23822  54.371449
   38.33847  54.272984
   38.361858  54.205791
   38.402786  54.153656
   38.476624  54.111618
   38.535973  54.10062
   38.593441  54.075699
   38.663506  54.06525
   38.729603  54.07209
   38.787418  54.094784
   38.840225  54.137238
   38.875042  54.191681
   38.938438  54.210617
   39.036087  54.265594
   39.067047  54.3009
   39.087814  54.34301
   39.097973  54.391388
   39.096371  54.442432
   39.230087  54.450237
   39.281693  54.460228
   39.341984  54.492298
   39.388859  54.540726
   39.449207  54.5723
   39.516041  54.643673
   39.5354  54.691219
   39.541473  54.742252
   39.603901  54.798023
   39.661324  54.813816
   39.70829  54.84177
   39.813049  54.817627
   39.898155  54.837288
   39.977165  54.902786
   40.032883  54.972569
   40.06052  55.028904
   40.22131  55.0984
   40.319725  55.169552
   40.362423  55.219501
   40.384983  55.285957
   40.383064  55.344524
   40.358891  55.405228
   40.360291  55.484482
   40.337055  55.548637
   40.261444  55.652458
   40.246582  55.695938
   40.218834  55.738029
   40.180752  55.771767
   40.074978  55.833729
   40.054958  55.884747
   40.029388  55.922752
   39.988174  55.9604
   39.934097  55.98896
   39.853752  56.01054
   39.784897  56.012531
   39.633488  55.971169
   39.574295  55.970821
   39.509842  55.951546
   39.456673  55.953209
   39.419926  55.981319
   39.360989  56.005676
   39.242584  56.026691
   39.171764  56.020035
   39.116589  56.075104
   39.053768  56.103455
   38.992493  56.11097
   38.929485  56.101452
   38.84906  56.102055
   38.73658  56.136391
   38.718533  56.17548
   38.687817  56.214828
   38.684738  56.265079
   38.664097  56.31992
   38.635513  56.35717
   38.592842  56.388653
   38.565865  56.51503
   38.522144  56.586365
   38.546783  56.645664
   38.554008  56.696587
   38.544464  56.754402
   38.521069  56.800396
   38.481709  56.842129
   38.351044  56.930614
   38.28875  56.948597
   38.17775  56.950279
   38.137093  56.952389
END
END
