POLY
1
   27.729349  58.987476
   27.985201  59.055393
   28.211279  59.026028
   28.347996  58.926754
   29.07029  58.852047
   29.144791  58.753407
   29.360664  58.750381
   29.369732  58.635479
   29.661415  58.585621
   29.827377  58.570225
   30.061363  58.446835
   29.888208  58.147194
   30.203053  57.947613
   30.59549  57.890934
   30.545288  57.656036
   30.71183  57.655361
   30.532057  57.417328
   30.772491  57.268398
   30.828154  56.986069
   31.024775  56.987286
   30.941446  56.686279
   31.150579  56.658546
   31.109735  56.47633
   31.556135  56.334984
   31.524658  56.024204
   31.41745  55.95121
   31.526539  55.688107
   31.048952  55.676388
   30.937355  55.604004
   30.77364  55.568829
   30.639479  55.622845
   30.579134  55.712887
   30.436033  55.744923
   30.263428  55.812893
   29.892595  55.748222
   29.686049  55.771507
   29.532328  55.668766
   29.329742  55.740295
   29.368139  55.945526
   28.902502  55.979164
   28.850155  55.936584
   28.681337  55.965824
   28.562023  56.087566
   28.310062  56.027039
   28.112141  56.098358
   28.109728  56.160873
   28.194868  56.274445
   28.152922  56.377739
   28.154881  56.430771
   27.780811  56.807037
   27.614405  56.826836
   27.585148  57.034084
   27.680513  57.32209
   27.317848  57.506329
   27.280935  57.613098
   27.542179  57.861259
   27.486258  58.041687
   27.51803  58.186337
   27.481342  58.223721
   27.476627  58.306683
   27.542397  58.36845
   27.347626  58.790058
   27.729349  58.987476
   27.729349  58.987476
END
END
