polygon
1
   39.724782   55.193588
   39.948820   55.309576
   40.114859   55.372475
   40.362562   55.455800
   40.383194   55.513163
   40.641683   55.507581
   40.639326   55.386067
   40.781695   55.248157
   40.887368   55.239815
   40.901932   55.279403
   41.006117   55.277429
   41.026082   55.246572
   41.242381   55.261948
   41.459774   55.184450
   41.818110   55.168233
   42.047568   55.111657
   42.070064   55.029222
   42.214037   55.003427
   42.483988   55.060155
   42.578471   54.928525
   42.573971   54.757539
   42.713446   54.697782
   42.767436   54.538871
   42.582970   54.248109
   42.771935   54.166537
   42.596467   54.058403
   42.394004   53.822703
   42.034070   53.740293
   41.480672   53.711011
   41.435680   53.497441
   41.134235   53.360727
   40.675319   53.467991
   40.374306   53.321357
   40.137038   53.280057
   39.984828   53.396861
   39.962355   53.427415
   39.898355   53.428152
   39.880113   53.535784
   39.683165   53.544787
   39.594593   53.523200
   39.578212   53.524310
   39.570973   53.516212
   39.591914   53.411260
   39.354180   53.375502
   39.159129   53.390049
   39.124892   53.473515
   39.030413   53.521223
   39.025267   53.527045
   38.952983   53.560417
   38.951602   53.563105
   38.949129   53.564431
   38.946014   53.565988
   38.843809   53.624368
   38.895145   53.726281
   38.738712   53.811087
   38.776188   53.847384
   38.781552   53.908902
   38.815270   53.941195
   38.795250   53.954829
   38.784065   53.965606
   38.707808   53.988867
   38.558165   54.215836
   38.627457   54.401623
   38.622197   54.463393
   38.807250   54.627217
   39.030997   54.655541
   39.174067   54.698678
   39.390535   54.830316
   39.359493   54.849503
   39.421464   54.899785
   39.505909   55.001747
   39.724782   55.193588
END
END
