leningrad
1
   2.939086E+001   6.131114E+001
   2.956174E+001   6.126201E+001
   2.958344E+001   6.120006E+001
   2.966610E+001   6.118522E+001
   2.981093E+001   6.117697E+001
   2.984818E+001   6.118904E+001
   2.994467E+001   6.118476E+001
   3.041459E+001   6.115930E+001
   3.144091E+001   6.097751E+001
   3.266161E+001   6.076074E+001
   3.306783E+001   6.076319E+001
   3.311478E+001   6.082629E+001
   3.317834E+001   6.086530E+001
   3.323358E+001   6.089699E+001
   3.330661E+001   6.091426E+001
   3.338694E+001   6.095428E+001
   3.340287E+001   6.098539E+001
   3.343751E+001   6.105442E+001
   3.341603E+001   6.111425E+001
   3.341848E+001   6.121204E+001
   3.362195E+001   6.126220E+001
   3.388779E+001   6.127446E+001
   3.425690E+001   6.128283E+001
   3.442502E+001   6.127608E+001
   3.456672E+001   6.132091E+001
   3.475072E+001   6.133732E+001
   3.513538E+001   6.130980E+001
   3.540347E+001   6.131038E+001
   3.555051E+001   6.123312E+001
   3.579609E+001   6.124328E+001
   3.589837E+001   6.120397E+001
   3.589522E+001   6.116370E+001
   3.589423E+001   6.115425E+001
   3.589231E+001   6.114264E+001
   3.588964E+001   6.113118E+001
   3.588622E+001   6.111991E+001
   3.588208E+001   6.110890E+001
   3.587722E+001   6.109818E+001
   3.587167E+001   6.108780E+001
   3.586909E+001   6.108347E+001
   3.584431E+001   6.104320E+001
   3.584068E+001   6.103754E+001
   3.583382E+001   6.102797E+001
   3.582636E+001   6.101887E+001
   3.581831E+001   6.101028E+001
   3.580972E+001   6.100224E+001
   3.573866E+001   6.093529E+001
   3.560331E+001   6.085070E+001
   3.559401E+001   6.083768E+001
   3.555625E+001   6.082924E+001
   3.548367E+001   6.083981E+001
   3.535231E+001   6.083799E+001
   3.528847E+001   6.081977E+001
   3.526006E+001   6.079670E+001
   3.524701E+001   6.076248E+001
   3.526599E+001   6.072611E+001
   3.528319E+001   6.069412E+001
   3.531682E+001   6.063037E+001
   3.532245E+001   6.055297E+001
   3.530966E+001   6.047829E+001
   3.529427E+001   6.028432E+001
   3.523965E+001   6.020095E+001
   3.522640E+001   6.014898E+001
   3.524730E+001   6.010883E+001
   3.524595E+001   6.004107E+001
   3.548117E+001   6.002370E+001
   3.563574E+001   5.971019E+001
   3.563233E+001   5.966116E+001
   3.561771E+001   5.957098E+001
   3.550189E+001   5.953333E+001
   3.550142E+001   5.952293E+001
   3.550859E+001   5.951339E+001
   3.552443E+001   5.950447E+001
   3.551835E+001   5.949622E+001
   3.550674E+001   5.947114E+001
   3.544110E+001   5.939060E+001
   3.539032E+001   5.929465E+001
   3.526384E+001   5.917887E+001
   3.518518E+001   5.916305E+001
   3.516735E+001   5.914583E+001
   3.513368E+001   5.914140E+001
   3.502499E+001   5.914223E+001
   3.500877E+001   5.913187E+001
   3.489291E+001   5.912366E+001
   3.483116E+001   5.910324E+001
   3.471204E+001   5.906020E+001
   3.458216E+001   5.909149E+001
   3.444628E+001   5.912139E+001
   3.433477E+001   5.915915E+001
   3.420975E+001   5.915022E+001
   3.412662E+001   5.912407E+001
   3.400587E+001   5.913104E+001
   3.389038E+001   5.916823E+001
   3.374948E+001   5.919444E+001
   3.357395E+001   5.925855E+001
   3.324286E+001   5.929547E+001
   3.303632E+001   5.935432E+001
   3.294361E+001   5.931980E+001
   3.284301E+001   5.927598E+001
   3.283920E+001   5.919758E+001
   3.270834E+001   5.910271E+001
   3.256044E+001   5.908831E+001
   3.242060E+001   5.908921E+001
   3.226964E+001   5.917574E+001
   3.224745E+001   5.920995E+001
   3.223286E+001   5.923999E+001
   3.220441E+001   5.925361E+001
   3.214869E+001   5.925233E+001
   3.210368E+001   5.924594E+001
   3.207431E+001   5.923110E+001
   3.204824E+001   5.921921E+001
   3.201797E+001   5.920841E+001
   3.198620E+001   5.919599E+001
   3.197645E+001   5.919261E+001
   3.197056E+001   5.918501E+001
   3.196885E+001   5.917814E+001
   3.196678E+001   5.917227E+001
   3.196235E+001   5.916895E+001
   3.195483E+001   5.916393E+001
   3.194042E+001   5.915560E+001
   3.191567E+001   5.914441E+001
   3.190039E+001   5.914018E+001
   3.188654E+001   5.913774E+001
   3.187663E+001   5.913552E+001
   3.186788E+001   5.912394E+001
   3.186489E+001   5.911745E+001
   3.184968E+001   5.911494E+001
   3.183826E+001   5.911431E+001
   3.182924E+001   5.911385E+001
   3.181844E+001   5.911316E+001
   3.180515E+001   5.911218E+001
   3.180096E+001   5.911165E+001
   3.179391E+001   5.911043E+001
   3.178809E+001   5.910931E+001
   3.178054E+001   5.910832E+001
   3.177259E+001   5.910735E+001
   3.176260E+001   5.910580E+001
   3.175215E+001   5.910358E+001
   3.174247E+001   5.910072E+001
   3.173366E+001   5.909822E+001
   3.172207E+001   5.909346E+001
   3.171376E+001   5.908900E+001
   3.168582E+001   5.908985E+001
   3.163954E+001   5.909893E+001
   3.160920E+001   5.910326E+001
   3.155715E+001   5.910154E+001
   3.129800E+001   5.898170E+001
   3.112143E+001   5.901509E+001
   3.104945E+001   5.900220E+001
   3.099689E+001   5.896094E+001
   3.093643E+001   5.889089E+001
   3.073810E+001   5.872775E+001
   3.067209E+001   5.869724E+001
   3.059030E+001   5.869479E+001
   3.048393E+001   5.870063E+001
   3.044021E+001   5.867205E+001
   3.043889E+001   5.864435E+001
   3.041522E+001   5.863377E+001
   3.034435E+001   5.862742E+001
   3.030415E+001   5.861930E+001
   3.030855E+001   5.856040E+001
   3.034403E+001   5.850670E+001
   3.032114E+001   5.847954E+001
   3.029325E+001   5.845685E+001
   3.025560E+001   5.843057E+001
   3.013276E+001   5.841367E+001
   3.001963E+001   5.840286E+001
   2.984617E+001   5.838525E+001
   2.978540E+001   5.838757E+001
   2.966845E+001   5.835347E+001
   2.961617E+001   5.836262E+001
   2.953170E+001   5.839626E+001
   2.943787E+001   5.840259E+001
   2.939588E+001   5.840597E+001
   2.934648E+001   5.840490E+001
   2.932932E+001   5.841544E+001
   2.932190E+001   5.842625E+001
   2.932603E+001   5.844135E+001
   2.933524E+001   5.846437E+001
   2.932624E+001   5.848368E+001
   2.928683E+001   5.855394E+001
   2.924873E+001   5.855943E+001
   2.915890E+001   5.858313E+001
   2.916083E+001   5.864358E+001
   2.909975E+001   5.870574E+001
   2.847479E+001   5.885404E+001
   2.833082E+001   5.880449E+001
   2.821789E+001   5.883287E+001
   2.816540E+001   5.890028E+001
   2.804905E+001   5.896083E+001
   2.789121E+001   5.898127E+001
   2.768299E+001   5.896755E+001
   2.774149E+001   5.899433E+001
   2.774060E+001   5.900301E+001
   2.773818E+001   5.900884E+001
   2.773514E+001   5.902822E+001
   2.777895E+001   5.906802E+001
   2.778843E+001   5.909299E+001
   2.779651E+001   5.910060E+001
   2.780118E+001   5.911668E+001
   2.780422E+001   5.912345E+001
   2.780524E+001   5.912873E+001
   2.781161E+001   5.913406E+001
   2.781868E+001   5.913963E+001
   2.782102E+001   5.914188E+001
   2.781076E+001   5.916842E+001
   2.778070E+001   5.919128E+001
   2.779663E+001   5.921529E+001
   2.787133E+001   5.926987E+001
   2.788153E+001   5.927833E+001
   2.790060E+001   5.931353E+001
   2.790748E+001   5.932918E+001
   2.792105E+001   5.934028E+001
   2.792182E+001   5.937264E+001
   2.791733E+001   5.938485E+001
   2.788869E+001   5.940412E+001
   2.786271E+001   5.942038E+001
   2.776952E+001   5.947834E+001
   2.716798E+001   5.955004E+001
   2.688754E+001   5.961628E+001
   2.668034E+001   5.970506E+001
   2.656184E+001   5.982747E+001
   2.657148E+001   5.993136E+001
   2.662889E+001   6.001759E+001
   2.685763E+001   6.014726E+001
   2.697842E+001   6.017068E+001
   2.721935E+001   6.020687E+001
   2.739690E+001   6.026681E+001
   2.755668E+001   6.035947E+001
   2.760980E+001   6.038538E+001
   2.768392E+001   6.045952E+001
   2.772253E+001   6.048584E+001
   2.774773E+001   6.053909E+001
   2.784197E+001   6.056109E+001
   2.784134E+001   6.056243E+001
   2.784015E+001   6.056767E+001
   2.784073E+001   6.057149E+001
   2.784016E+001   6.057411E+001
   2.779533E+001   6.057694E+001
   2.776824E+001   6.058481E+001
   2.776311E+001   6.059968E+001
   2.777257E+001   6.060735E+001
   2.779702E+001   6.061457E+001
   2.783707E+001   6.061766E+001
   2.786693E+001   6.061856E+001
   2.789686E+001   6.061964E+001
   2.792257E+001   6.063531E+001
   2.793726E+001   6.065812E+001
   2.796066E+001   6.067389E+001
   2.797700E+001   6.069803E+001
   2.808616E+001   6.074034E+001
   2.817058E+001   6.078969E+001
   2.821804E+001   6.081674E+001
   2.829626E+001   6.083665E+001
   2.830526E+001   6.084025E+001
   2.830976E+001   6.085033E+001
   2.832110E+001   6.086069E+001
   2.833582E+001   6.085979E+001
   2.834825E+001   6.086477E+001
   2.837015E+001   6.087723E+001
   2.838938E+001   6.088792E+001
   2.841875E+001   6.090333E+001
   2.845291E+001   6.092470E+001
   2.849113E+001   6.093669E+001
   2.849284E+001   6.093766E+001
   2.849613E+001   6.094160E+001
   2.849603E+001   6.095106E+001
   2.849039E+001   6.095712E+001
   2.849795E+001   6.097454E+001
   2.851027E+001   6.097822E+001
   2.851288E+001   6.097834E+001
   2.851369E+001   6.097911E+001
   2.851496E+001   6.097985E+001
   2.854388E+001   6.096905E+001
   2.854918E+001   6.096469E+001
   2.855632E+001   6.095807E+001
   2.860885E+001   6.095720E+001
   2.868152E+001   6.097757E+001
   2.869042E+001   6.099097E+001
   2.868984E+001   6.099160E+001
   2.868850E+001   6.099437E+001
   2.870172E+001   6.101822E+001
   2.870756E+001   6.103659E+001
   2.871096E+001   6.104757E+001
   2.872371E+001   6.105486E+001
   2.875016E+001   6.106567E+001
   2.875319E+001   6.106678E+001
   2.875345E+001   6.106783E+001
   2.878045E+001   6.108395E+001
   2.880120E+001   6.109488E+001
   2.880712E+001   6.109995E+001
   2.880798E+001   6.110386E+001
   2.881496E+001   6.111561E+001
   2.881477E+001   6.111798E+001
   2.881873E+001   6.113364E+001
   2.882085E+001   6.113383E+001
   2.882137E+001   6.113309E+001
   2.882310E+001   6.113221E+001
   2.882570E+001   6.113113E+001
   2.882862E+001   6.113082E+001
   2.883931E+001   6.113453E+001
   2.886719E+001   6.114217E+001
   2.890576E+001   6.114652E+001
   2.894524E+001   6.115775E+001
   2.897353E+001   6.117619E+001
   2.900367E+001   6.118861E+001
   2.904622E+001   6.120310E+001
   2.910499E+001   6.122384E+001
   2.918232E+001   6.125510E+001
   2.920054E+001   6.126197E+001
   2.922241E+001   6.127069E+001
   2.925665E+001   6.129666E+001
   2.929179E+001   6.132424E+001
   2.932005E+001   6.135632E+001
   2.939086E+001   6.131114E+001
END
END
