POLY
1
   51.392303  54.589283
   51.513233  54.598541
   51.517384  54.639545
   51.518188  54.639774
   51.518627  54.641136
   51.528664  54.646191
   51.531384  54.649952
   51.533871  54.65126
   51.539684  54.649841
   51.552185  54.640484
   51.556484  54.639137
   51.559559  54.633278
   51.568119  54.625957
   51.574657  54.626602
   51.580818  54.62431
   51.584209  54.614449
   51.588295  54.614147
   51.587585  54.605469
   51.597355  54.59906
   51.626255  54.571106
   51.629734  54.570362
   51.634777  54.568939
   51.634403  54.565651
   51.663391  54.569584
   51.690834  54.556179
   51.709026  54.557556
   51.72683  54.55302
   51.777988  54.557289
   51.779263  54.551117
   51.781857  54.55014
   51.789696  54.53709
   51.811691  54.535423
   51.823048  54.539604
   51.861057  54.535484
   51.866203  54.529491
   51.875755  54.528309
   51.906532  54.538635
   51.929546  54.535461
   51.932423  54.529491
   51.921799  54.5242
   51.938995  54.516617
   51.937836  54.5135
   51.942028  54.503418
   51.942474  54.483829
   51.953266  54.473106
   51.946365  54.452404
   51.942833  54.441498
   51.937897  54.440552
   51.928493  54.444115
   51.926434  54.437038
   51.915279  54.438786
   51.916855  54.430088
   51.912968  54.420116
   51.906067  54.413101
   51.950176  54.414764
   51.954834  54.419487
   51.952488  54.426781
   51.963436  54.432915
   51.970955  54.43121
   51.97683  54.428219
   51.967079  54.419632
   51.972244  54.415825
   51.979141  54.422928
   51.997883  54.420292
   52.000027  54.421154
   51.989506  54.427979
   51.994423  54.430668
   52.009789  54.429985
   52.017868  54.426144
   52.024189  54.42881
   52.028015  54.426266
   52.035698  54.415001
   52.067013  54.419369
   52.066597  54.414223
   52.059513  54.399822
   52.046844  54.387409
   52.047653  54.380966
   52.060528  54.379826
   52.061699  54.377224
   52.058815  54.372463
   52.03933  54.355633
   52.091888  54.329891
   52.114014  54.352066
   52.114532  54.359913
   52.099846  54.363472
   52.102821  54.380348
   52.096188  54.380459
   52.094833  54.391708
   52.119453  54.39222
   52.125744  54.381512
   52.126694  54.378803
   52.127319  54.374146
   52.137165  54.372013
   52.146763  54.36414
   52.157066  54.366249
   52.162167  54.369766
   52.182072  54.382767
   52.184895  54.419491
   52.214298  54.431511
   52.21254  54.43615
   52.240974  54.445473
   52.243637  54.441257
   52.292366  54.435669
   52.296494  54.448635
   52.326122  54.44516
   52.332859  54.448914
   52.345127  54.438587
   52.333851  54.435284
   52.339249  54.429729
   52.347694  54.429142
   52.351971  54.426613
   52.367878  54.400181
   52.39542  54.413155
   52.389114  54.431129
   52.386147  54.439163
   52.385639  54.445507
   52.432339  54.474697
   52.488808  54.467575
   52.504475  54.459091
   52.48888  54.442108
   52.507065  54.440132
   52.504581  54.389526
   52.492344  54.388912
   52.507175  54.374794
   52.536922  54.36076
   52.568993  54.340126
   52.528973  54.302742
   52.520992  54.300079
   52.51004  54.299221
   52.460552  54.297283
   52.434811  54.303841
   52.42889  54.309929
   52.394321  54.30452
   52.39534  54.294987
   52.388786  54.293064
   52.378033  54.294922
   52.372478  54.296909
   52.361076  54.295448
   52.346252  54.293705
   52.332184  54.27927
   52.375317  54.255375
   52.369896  54.250801
   52.36776  54.240383
   52.355743  54.225044
   52.352768  54.218533
   52.352242  54.215412
   52.350468  54.211342
   52.351971  54.203644
   52.351223  54.19717
   52.362923  54.197182
   52.362862  54.190849
   52.35508  54.185635
   52.349716  54.180462
   52.347775  54.17482
   52.343563  54.168514
   52.33432  54.167305
   52.329315  54.159496
   52.32225  54.143497
   52.327217  54.131821
   52.329075  54.128338
   52.343727  54.126049
   52.346397  54.127464
   52.341537  54.142151
   52.345345  54.148983
   52.34967  54.147964
   52.348705  54.139267
   52.352333  54.134071
   52.35968  54.13789
   52.363163  54.144882
   52.372822  54.149269
   52.375271  54.145592
   52.374126  54.132038
   52.381668  54.133659
   52.383881  54.124512
   52.383419  54.113491
   52.381985  54.098286
   52.392101  54.094044
   52.386036  54.07972
   52.485897  54.072418
   52.494373  54.053001
   52.384315  53.983692
   52.426865  53.965759
   52.412659  53.890224
   52.385059  53.887936
   52.363472  53.808746
   52.344601  53.80003
   52.341415  53.784451
   52.318954  53.767712
   52.304146  53.766273
   52.300179  53.755795
   52.280487  53.742626
   52.27821  53.727982
   52.280651  53.722828
   52.280041  53.720425
   52.280594  53.715214
   52.279945  53.710644
   52.275913  53.706886
   52.274811  53.701607
   52.27021  53.701717
   52.258762  53.691036
   52.267147  53.677341
   52.265804  53.659958
   52.252338  53.658752
   52.245972  53.655571
   52.250183  53.654392
   52.244301  53.650707
   52.237461  53.652744
   52.234566  53.651646
   52.231636  53.644936
   52.227951  53.628506
   52.215614  53.61515
   52.204288  53.590038
   52.189312  53.555382
   52.169453  53.543385
   52.153427  53.548706
   52.138226  53.550129
   52.131924  53.549305
   52.120892  53.545025
   52.114479  53.552307
   52.102139  53.556488
   52.101631  53.550255
   52.096725  53.54887
   52.093899  53.541584
   52.093079  53.534386
   52.09129  53.529659
   52.098293  53.522297
   52.098503  53.518967
   52.085457  53.517414
   52.07943  53.499065
   52.08849  53.495953
   52.093624  53.499775
   52.101974  53.500404
   52.118202  53.492058
   52.095562  53.470539
   52.117966  53.457005
   52.146111  53.444908
   52.153641  53.438591
   52.160816  53.428856
   52.156475  53.427532
   52.151543  53.422585
   52.152256  53.416252
   52.146358  53.414902
   52.143944  53.410168
   52.145256  53.403423
   52.149635  53.399128
   52.154163  53.396397
   52.155312  53.39246
   52.213024  53.381062
   52.177864  53.325031
   52.18948  53.322422
   52.174118  53.296452
   52.144726  53.300209
   52.133419  53.197426
   52.127338  53.194485
   52.131298  53.185745
   52.13512  53.184174
   52.137547  53.165619
   52.120678  53.164455
   52.110394  53.165428
   52.106739  53.167759
   52.094028  53.163651
   52.069275  53.152142
   52.068962  53.146294
   52.07193  53.143417
   52.071388  53.14053
   52.068588  53.139473
   52.066986  53.129494
   52.069592  53.125973
   52.079906  53.125465
   52.080929  53.123604
   52.160698  53.125999
   52.161224  53.124825
   52.165813  53.119965
   52.163574  53.086971
   52.051346  53.089756
   52.047344  53.033863
   52.063511  53.033455
   52.055527  52.963383
   51.989086  52.965801
   51.981419  52.970085
   51.914829  52.97065
   51.914017  52.949123
   51.894829  52.943375
   51.893486  52.926804
   51.877754  52.933285
   51.866856  52.929691
   51.860413  52.920586
   51.859653  52.917362
   51.860832  52.913898
   51.857044  52.909309
   51.855293  52.905075
   51.850895  52.901215
   51.845573  52.874256
   51.8381  52.863445
   51.758778  52.872681
   51.718178  52.874249
   51.729004  52.806347
   51.769524  52.801811
   51.723972  52.649376
   51.612965  52.642601
   51.608414  52.679436
   51.526619  52.675274
   51.532967  52.631084
   51.472988  52.627857
   51.476669  52.605488
   51.485523  52.604942
   51.490055  52.602417
   51.494808  52.598499
   51.508659  52.595089
   51.514603  52.56155
   51.529404  52.555779
   51.517971  52.553963
   51.468334  52.568401
   51.453003  52.567947
   51.462139  52.510918
   51.491135  52.512817
   51.494347  52.494625
   51.515099  52.496033
   51.533649  52.475014
   51.550198  52.46368
   51.551609  52.426525
   51.477436  52.415749
   51.475517  52.378819
   51.462933  52.363621
   51.39484  52.363285
   51.403893  52.318703
   51.400703  52.272839
   51.41082  52.239399
   51.410358  52.228848
   51.46508  52.227264
   51.448738  52.180843
   51.433594  52.173908
   51.438873  52.149403
   51.395557  52.061993
   51.24836  52.006462
   51.128922  51.920467
   50.919407  51.861675
   50.768566  51.771248
   50.695843  51.791859
   50.69846  51.930912
   50.647125  51.931927
   50.647278  51.956219
   50.595379  51.956196
   50.594826  51.962135
   50.519222  51.962425
   50.517811  51.992493
   50.405716  51.989799
   50.406101  51.985542
   50.399178  51.979061
   50.351151  51.980709
   50.351036  52.044132
   50.309681  52.044239
   50.30986  52.03194
   50.307384  52.030003
   50.307842  52.014225
   50.276924  52.009903
   50.220917  52.032589
   50.161777  52.004669
   50.154476  52.010933
   50.159393  52.01458
   50.157829  52.091919
   50.222839  52.092037
   50.222149  52.128498
   50.161953  52.128975
   50.161701  52.138748
   50.042664  52.138226
   50.037655  52.18856
   49.986469  52.18713
   49.987461  52.17067
   49.796719  52.170891
   49.740051  52.24876
   49.732033  52.25161
   49.738216  52.25959
   49.712208  52.258385
   49.704647  52.245434
   49.679287  52.24342
   49.681454  52.231331
   49.674049  52.226791
   49.658466  52.230598
   49.620781  52.248432
   49.626251  52.268345
   49.656712  52.282284
   49.598427  52.322151
   49.635525  52.340214
   49.618919  52.351646
   49.568867  52.392567
   49.546959  52.386543
   49.535988  52.392803
   49.522678  52.394276
   49.523422  52.360332
   49.513233  52.321289
   49.446896  52.318878
   49.441906  52.355598
   49.42569  52.361179
   49.43161  52.397251
   49.395805  52.40131
   49.387554  52.393681
   49.347855  52.396214
   49.331703  52.369804
   49.281158  52.384125
   49.316105  52.417511
   49.311451  52.429249
   49.322388  52.437878
   49.31805  52.454449
   49.346462  52.454739
   49.349682  52.463905
   49.276585  52.478649
   49.256428  52.495235
   49.173752  52.498222
   49.171085  52.470924
   49.157459  52.473972
   49.150372  52.477837
   49.14167  52.476837
   49.117565  52.479828
   49.108044  52.493973
   49.036911  52.480095
   48.983799  52.48764
   48.956768  52.470284
   48.916302  52.451656
   48.924835  52.40678
   48.880154  52.406715
   48.830551  52.54398
   48.790512  52.539898
   48.72311  52.540638
   48.690254  52.636345
   48.640289  52.637821
   48.636837  52.629589
   48.573303  52.623779
   48.561352  52.653698
   48.549717  52.655975
   48.520393  52.663883
   48.517967  52.677341
   48.479687  52.669086
   48.463795  52.678673
   48.43549  52.666286
   48.403126  52.663334
   48.34697  52.662071
   48.345757  52.672386
   48.306892  52.683826
   48.319603  52.693069
   48.335114  52.697937
   48.356895  52.723278
   48.360744  52.750275
   48.378685  52.777607
   48.428257  52.818951
   48.459213  52.828724
   48.491562  52.832081
   48.547737  52.85054
   48.576183  52.865395
   48.58667  52.881348
   48.58564  52.894188
   48.517834  52.950207
   48.499855  52.939629
   48.447273  52.951584
   48.438595  52.970757
   48.358067  52.955196
   48.352955  52.968208
   48.354961  52.977676
   48.367268  52.986668
   48.369461  52.99184
   48.348507  52.994816
   48.344311  52.990017
   48.324478  52.996967
   48.32618  53.003338
   48.334755  53.03643
   48.347492  53.057739
   48.319221  53.061573
   48.324924  53.067982
   48.24992  53.065144
   48.225174  53.003757
   48.194317  53.0084
   48.196594  53.01741
   48.119728  53.051781
   48.152332  53.078598
   48.162834  53.098125
   48.196064  53.117332
   48.201294  53.123863
   48.208241  53.124516
   48.21104  53.135128
   48.181896  53.142982
   48.173145  53.144058
   48.164845  53.146866
   48.160877  53.151012
   48.16843  53.154411
   48.169376  53.159039
   48.150612  53.16637
   48.1465  53.169472
   48.100643  53.170925
   48.086906  53.17823
   48.087528  53.19532
   48.158344  53.230125
   48.145809  53.242859
   48.097263  53.254459
   48.054966  53.26886
   48.022858  53.289215
   48.024467  53.292427
   48.031086  53.294144
   48.03949  53.292675
   48.040676  53.29496
   47.936348  53.335873
   47.934402  53.361721
   47.955235  53.38475
   47.994053  53.407135
   47.989178  53.418602
   48.002464  53.422558
   48.001827  53.430016
   48.017372  53.437008
   48.026077  53.422878
   48.047169  53.442474
   48.022675  53.445339
   48.019093  53.459129
   48.036682  53.473755
   48.098316  53.489098
   48.235077  53.492493
   48.284389  53.460667
   48.301289  53.480251
   48.333447  53.477989
   48.343201  53.500744
   48.32222  53.570961
   48.342873  53.655518
   48.412197  53.649349
   48.413761  53.658718
   48.460949  53.654663
   48.503548  53.652218
   48.532402  53.666744
   48.51099  53.669727
   48.509689  53.672405
   48.516499  53.676865
   48.513428  53.679787
   48.516148  53.681702
   48.512627  53.684475
   48.502594  53.686493
   48.494743  53.692913
   48.497124  53.697773
   48.502827  53.701237
   48.504021  53.714943
   48.50996  53.715408
   48.513004  53.717022
   48.510273  53.722469
   48.511776  53.726364
   48.516182  53.731174
   48.515259  53.733818
   48.496815  53.738403
   48.492943  53.732689
   48.483551  53.733368
   48.482811  53.737888
   48.477627  53.739384
   48.47757  53.740814
   48.487617  53.74091
   48.478619  53.749023
   48.477001  53.754589
   48.466053  53.759331
   48.485058  53.770691
   48.536343  53.769608
   48.577976  53.733646
   48.608051  53.720997
   48.640919  53.719616
   48.644623  53.728233
   48.648918  53.731441
   48.659035  53.723186
   48.669846  53.705997
   48.685032  53.709225
   48.683361  53.719585
   48.684738  53.720932
   48.684212  53.727982
   48.725857  53.73357
   48.73048  53.729942
   48.759571  53.732922
   48.762302  53.72805
   48.782459  53.732494
   48.827316  53.715485
   48.838314  53.719376
   48.845802  53.71685
   48.853798  53.707821
   48.992577  53.707832
   48.99202  53.874084
   49.072769  53.874245
   49.077869  53.89349
   49.090816  53.892708
   49.082996  53.874546
   49.222214  53.872536
   49.228958  53.860012
   49.252705  53.839233
   49.297707  53.834255
   49.308193  53.87484
   49.421967  53.862343
   49.435371  53.857048
   49.599503  53.840397
   49.700768  53.835331
   49.735474  53.859818
   49.724228  53.867161
   49.739468  53.875294
   49.790585  53.887005
   49.818436  53.891182
   49.842007  53.859802
   49.833454  53.844204
   49.854416  53.835239
   49.996258  53.823959
   50.033279  53.820019
   50.040077  53.84581
   50.049667  53.845772
   50.046856  53.854725
   50.036594  53.863567
   50.035023  53.878975
   49.925587  53.888653
   49.92495  53.897869
   49.97604  53.981888
   50.021915  53.971336
   50.02198  53.962845
   50.056995  53.959656
   50.053516  53.978077
   50.080853  54.008976
   50.10955  54.004715
   50.112495  54.021099
   50.168095  54.028912
   50.181286  54.025318
   50.222942  54.070164
   50.211128  54.076015
   50.197872  54.096638
   50.187176  54.15094
   50.233936  54.222225
   50.205917  54.27758
   50.240307  54.284466
   50.236866  54.297024
   50.185814  54.364231
   50.172176  54.360584
   50.168468  54.36483
   50.169086  54.368412
   50.149231  54.374107
   50.154106  54.42025
   50.102604  54.423283
   50.110229  54.492821
   50.09251  54.49329
   50.093571  54.502983
   50.099098  54.502632
   50.091492  54.506866
   50.191212  54.501831
   50.195503  54.501598
   50.225098  54.49242
   50.23735  54.447399
   50.244465  54.443218
   50.250519  54.448185
   50.254261  54.44643
   50.256165  54.447552
   50.261547  54.44339
   50.273499  54.44265
   50.290691  54.445164
   50.306808  54.443062
   50.301876  54.456955
   50.333141  54.460052
   50.342522  54.462906
   50.337585  54.468903
   50.333157  54.471237
   50.332344  54.478668
   50.32428  54.47953
   50.324158  54.481037
   50.329205  54.48225
   50.331463  54.482311
   50.337051  54.481136
   50.337509  54.479973
   50.34029  54.480152
   50.345264  54.482578
   50.340412  54.487225
   50.341999  54.488567
   50.345371  54.488049
   50.355247  54.491413
   50.35804  54.490849
   50.359463  54.489986
   50.359673  54.488827
   50.358688  54.487965
   50.356606  54.486816
   50.354725  54.484924
   50.355099  54.484406
   50.359623  54.484455
   50.365158  54.485329
   50.369141  54.486679
   50.369884  54.487457
   50.369781  54.489231
   50.37038  54.490635
   50.372658  54.492485
   50.37426  54.493576
   50.381706  54.488796
   50.387554  54.484932
   50.392365  54.47934
   50.414284  54.447536
   50.431732  54.421967
   50.463612  54.42931
   50.475204  54.409271
   50.478676  54.383858
   50.48798  54.367054
   50.494587  54.364475
   50.508282  54.350243
   50.483997  54.345707
   50.494484  54.332951
   50.503448  54.328472
   50.508163  54.330994
   50.521351  54.325367
   50.534313  54.330097
   50.548241  54.338551
   50.562244  54.349922
   50.576752  54.344982
   50.620781  54.371746
   50.635384  54.37244
   50.645798  54.384247
   50.657352  54.390594
   50.668442  54.394005
   50.684322  54.397591
   50.737331  54.405785
   50.747349  54.38776
   50.750595  54.377136
   50.762714  54.377975
   50.775833  54.376949
   50.821884  54.364231
   50.844803  54.367237
   50.857174  54.374569
   50.864536  54.381866
   50.875198  54.385399
   50.889961  54.372612
   50.908138  54.370853
   50.907787  54.355698
   50.901264  54.344147
   50.950993  54.343452
   50.954014  54.392044
   50.950356  54.393604
   50.94907  54.396206
   50.952587  54.39769
   50.957092  54.398834
   50.965355  54.397293
   50.985085  54.399979
   50.985935  54.40321
   50.997108  54.403027
   50.990803  54.405704
   50.987938  54.413025
   50.988136  54.418503
   50.984119  54.429741
   50.982418  54.439121
   50.991962  54.452187
   51.01836  54.468994
   50.999214  54.481659
   50.99802  54.501804
   51.006241  54.550934
   51.042706  54.545433
   51.055531  54.546146
   51.073605  54.541412
   51.086201  54.556351
   51.087692  54.560852
   51.09795  54.570065
   51.087196  54.577358
   51.102917  54.583954
   51.099155  54.587154
   51.147682  54.614559
   51.148483  54.633026
   51.145233  54.638351
   51.158306  54.644993
   51.168041  54.652973
   51.190277  54.660107
   51.20134  54.659492
   51.199337  54.653458
   51.207752  54.653545
   51.208183  54.650742
   51.227055  54.647938
   51.229591  54.633072
   51.260826  54.641281
   51.277782  54.64259
   51.286636  54.649406
   51.287743  54.653458
   51.294964  54.6521
   51.302078  54.653709
   51.31218  54.648643
   51.319534  54.651516
   51.328857  54.654491
   51.329838  54.656563
   51.33189  54.65633
   51.337978  54.652782
   51.362736  54.656578
   51.361065  54.66132
   51.379272  54.66507
   51.379665  54.671112
   51.380833  54.673744
   51.386013  54.676937
   51.389622  54.67749
   51.405842  54.667957
   51.395271  54.651436
   51.393154  54.646797
   51.397041  54.636234
   51.388344  54.623859
   51.389252  54.621758
   51.38414  54.617119
   51.392303  54.589283
   51.392303  54.589283
END
END
