polygon
1
   71.64560   56.93808
   71.70105   56.75502
   71.55682   56.66144
   71.37198   56.61816
   71.16000   56.63645
   71.14326   56.55168
   71.07615   56.49418
   70.97524   56.44493
   70.84256   56.44507
   70.89451   56.39559
   70.95918   56.38721
   70.93937   56.35728
   70.96104   56.29313
   70.85653   56.29014
   70.79053   56.25675
   70.80552   56.23141
   70.88668   56.18783
   70.93692   56.09033
   70.86192   55.87811
   70.50000   55.89627
   70.49782   55.85902
   70.67779   55.84753
   70.81232   55.86974
   70.85518   55.82985
   70.71520   55.79293
   70.59088   55.79192
   70.60591   55.75939
   70.55876   55.72030
   70.57345   55.67668
   70.63748   55.66295
   70.76138   55.61603
   70.77395   55.57486
   70.67277   55.46794
   70.56344   55.46915
   70.47391   55.39782
   70.51680   55.32163
   70.42765   55.19715
   70.22364   55.12914
   69.93724   55.18881
   69.72137   55.31387
   69.30096   55.32792
   69.18836   55.31258
   69.14937   55.37347
   69.04258   55.41131
   68.95049   55.41576
   68.94559   55.37848
   69.01691   55.37220
   69.03356   55.27995
   68.95998   55.27006
   68.75636   55.36283
   68.72290   55.33815
   68.67459   55.34601
   68.59703   55.40296
   68.48308   55.40815
   68.16065   55.58658
   68.15543   55.71642
   67.98913   55.65863
   67.92919   55.64490
   67.89138   55.67056
   67.83372   55.67208
   67.82603   55.72056
   67.57497   55.67851
   67.39239   55.71503
   67.23558   55.95039
   66.72235   55.96522
   66.62453   55.99894
   66.44430   55.92905
   66.24709   56.04651
   66.02476   55.97776
   65.93458   56.02215
   65.82215   56.07197
   65.74650   56.13906
   65.53341   56.26248
   65.08268   56.26413
   65.07021   56.35052
   65.09783   56.38587
   65.07570   56.42544
   65.07664   56.44309
   64.97399   56.45956
   64.96843   56.58122
   64.89746   56.79665
   65.14416   56.78130
   65.20172   56.90196
   65.10011   56.86714
   65.03064   56.90137
   64.96691   56.99188
   64.98254   57.01948
   64.95790   57.15799
   64.96989   57.17461
   64.97372   57.23154
   64.91583   57.25978
   64.79260   57.28753
   64.83408   57.38931
   64.81177   57.46332
   64.88225   57.46486
   64.78010   57.66734
   65.44384   57.86232
   65.46975   57.77561
   65.50952   57.76396
   65.52719   57.76433
   65.55427   57.77850
   65.61236   57.81296
   65.60412   57.85909
   65.65961   57.90646
   65.78910   57.90743
   65.81380   57.94370
   66.11521   58.05144
   65.98495   58.21572
   65.98865   58.28708
   65.91927   58.63573
   66.75063   58.67027
   66.73877   58.94066
   67.57684   59.22250
   68.24410   59.26672
   68.50236   59.51527
   68.54688   59.61306
   69.03395   59.77825
   69.07430   60.00048
   69.62705   59.98197
   69.92625   59.93453
   70.14255   59.97784
   70.99534   59.85762
   71.20954   59.93411
   71.28185   59.79896
   71.50010   59.76796
   71.69162   59.68517
   72.11282   59.56244
   72.56941   59.27272
   73.07396   59.16233
   73.19062   58.87924
   73.71925   58.86843
   75.26142   58.73243
   75.18574   58.51187
   74.21785   58.05922
   72.83662   57.98813
   71.20464   57.98985
   71.13883   58.39533
   70.84688   58.48630
   70.45323   57.95486
   70.44354   57.93974
   70.42963   57.92815
   70.40168   57.91227
   70.43165   57.90058
   70.57315   57.72279
   70.70921   57.56335
   70.70509   57.49690
   70.39736   57.36328
   70.46157   57.30093
   70.62742   57.28634
   70.64445   57.21169
   70.71637   57.21833
   70.70922   57.23530
   70.76042   57.27294
   70.70538   57.28917
   70.70466   57.30696
   70.76423   57.35946
   70.81798   57.38561
   71.03426   57.40068
   71.64560   56.93808
END
END
