tul
1
   38.140043   54.937426
   38.253251   54.892855
   38.240868   54.862534
   38.331525   54.861834
   38.386747   54.867942
   38.446047   54.861750
   38.433600   54.822194
   38.505991   54.787133
   38.504840   54.756422
   38.632560   54.739422
   38.679482   54.663687
   38.694839   54.637930
   38.697511   54.626467
   38.699429   54.614854
   38.700582   54.603141
   38.700967   54.591377
   38.700967   54.587769
   38.700582   54.576005
   38.699429   54.564292
   38.697511   54.552679
   38.694839   54.541216
   38.691422   54.529953
   38.687276   54.518937
   38.682418   54.508217
   38.676870   54.497836
   38.670655   54.487841
   38.664689   54.479444
   38.666876   54.475758
   38.669131   54.471734
   38.670794   54.468674
   38.674087   54.462319
   38.678945   54.451598
   38.683091   54.440582
   38.686507   54.429319
   38.686751   54.428358
   38.694488   54.424263
   38.695983   54.423416
   38.698648   54.423067
   38.698747   54.423054
   38.710360   54.421136
   38.721822   54.418464
   38.733086   54.415047
   38.744101   54.410901
   38.754822   54.406044
   38.765202   54.400495
   38.775197   54.394280
   38.784765   54.387424
   38.793863   54.379957
   38.802453   54.371911
   38.810499   54.363321
   38.817966   54.354223
   38.823751   54.346149
   38.827096   54.344477
   38.836591   54.339369
   38.845498   54.294583
   38.892069   54.265357
   38.920056   54.243827
   38.924202   54.232811
   38.938602   54.188919
   38.945585   54.142310
   38.945970   54.130547
   38.945585   54.118783
   38.945451   54.116897
   38.945177   54.113288
   38.944157   54.103461
   38.942239   54.091848
   39.077447   54.090383
   39.128060   53.870839
   39.093720   53.748450
   39.036589   53.666730
   38.931950   53.652169
   38.914156   53.631499
   38.948155   53.617152
   38.947828   53.570100
   38.914743   53.566875
   38.877178   53.501949
   38.845389   53.436477
   38.878253   53.363121
   38.827036   53.224753
   38.681122   53.148442
   38.667897   53.083581
   38.618789   52.905540
   38.582635   52.858616
   38.576695   52.857934
   38.536976   52.854043
   38.531203   52.853571
   38.519440   52.853186
   38.488154   52.843231
   38.477355   52.804870
   38.444646   52.810061
   38.375084   52.786051
   38.322495   52.780959
   38.080798   52.868672
   37.946213   52.857010
   37.935492   52.852153
   37.924477   52.848007
   37.917940   52.845926
   37.909918   52.842372
   37.898903   52.838226
   37.887640   52.834809
   37.876177   52.832137
   37.864564   52.830219
   37.852851   52.829066
   37.841087   52.828681
   37.829324   52.829066
   37.817610   52.830219
   37.805998   52.832137
   37.794535   52.834809
   37.783272   52.838226
   37.772256   52.842372
   37.761535   52.847229
   37.751155   52.852778
   37.747092   52.855195
   37.741553   52.858590
   37.735621   52.862388
   37.726054   52.869244
   37.716956   52.876711
   37.708365   52.884757
   37.700319   52.893347
   37.695920   52.898559
   37.688703   52.907448
   37.685635   52.911334
   37.678779   52.920901
   37.672564   52.930896
   37.671692   52.932423
   37.667860   52.931717
   37.658746   52.930279
   37.647033   52.929125
   37.635269   52.928740
   37.629158   52.928740
   37.617394   52.929125
   37.605681   52.930279
   37.603787   52.930538
   37.597950   52.931370
   37.588232   52.933028
   37.576769   52.935700
   37.574948   52.936199
   37.563008   52.939533
   37.553566   52.942451
   37.542550   52.946597
   37.531830   52.951455
   37.521449   52.957003
   37.511454   52.963218
   37.505316   52.967507
   37.487814   52.980287
   37.484385   52.982853
   37.475287   52.990320
   37.466696   52.998366
   37.465070   53.000013
   37.454244   53.011122
   37.447824   53.018065
   37.440358   53.027163
   37.433911   53.036121
   37.427108   53.045619
   37.420893   53.055614
   37.420771   53.055825
   37.419514   53.057444
   37.412658   53.067011
   37.407333   53.075482
   37.403724   53.081593
   37.402834   53.083118
   37.397286   53.093498
   37.392428   53.104219
   37.388953   53.113452
   37.379883   53.117562
   37.375051   53.120036
   37.372266   53.117855
   37.362699   53.111000
   37.352704   53.104784
   37.347482   53.101884
   37.339150   53.097436
   37.251536   53.097025
   37.140986   53.088340
   37.105156   53.086097
   37.032310   53.101900
   37.020546   53.101515
   37.010929   53.101773
   37.005657   53.102055
   37.003510   53.102183
   36.991797   53.103336
   36.934948   53.104592
   36.929259   53.104128
   36.917496   53.103743
   36.905732   53.104128
   36.894019   53.105282
   36.885282   53.106651
   36.879163   53.107765
   36.876287   53.108313
   36.864890   53.110968
   36.848602   53.110968
   36.766431   53.116777
   36.753443   53.123757
   36.745667   53.126030
   36.729005   53.131309
   36.725517   53.132453
   36.680273   53.136670
   36.659236   53.167389
   36.653468   53.171408
   36.609348   53.199531
   36.600497   53.205906
   36.572915   53.209171
   36.561202   53.208018
   36.559583   53.207919
   36.554585   53.207637
   36.544441   53.207350
   36.532678   53.207735
   36.520964   53.208889
   36.509351   53.210806
   36.507035   53.211283
   36.493974   53.214060
   36.484827   53.216256
   36.481013   53.217323
   36.434352   53.230934
   36.426903   53.233284
   36.418546   53.236353
   36.403814   53.242182
   36.401155   53.243258
   36.391031   53.247824
   36.374676   53.249175
   36.366004   53.250103
   36.354391   53.252020
   36.342928   53.254693
   36.331665   53.258110
   36.320649   53.262256
   36.309929   53.267113
   36.299548   53.272662
   36.289553   53.278877
   36.279986   53.285733
   36.270888   53.293199
   36.269159   53.294735
   36.259784   53.299784
   36.255783   53.302164
   36.249680   53.304115
   36.238664   53.308261
   36.227943   53.313118
   36.217563   53.318667
   36.207568   53.324882
   36.205147   53.326528
   36.201531   53.329031
   36.194384   53.334240
   36.185286   53.341707
   36.176695   53.349753
   36.168650   53.358343
   36.161183   53.367442
   36.156533   53.373930
   36.154581   53.373608
   36.142867   53.372454
   36.139179   53.372250
   36.126957   53.371701
   36.107118   53.371905
   36.095404   53.373058
   36.087689   53.374245
   36.073521   53.376740
   36.069624   53.377470
   36.058161   53.380143
   36.049035   53.382849
   36.037926   53.386466
   36.035790   53.387176
   36.024774   53.391322
   36.015890   53.395287
   36.003885   53.401038
   35.995406   53.401951
   35.983793   53.403868
   35.948245   53.398956
   35.894833   53.396942
   35.886977   53.455031
   35.878931   53.463622
   35.878931   53.497267
   35.858286   53.529929
   35.840424   53.535662
   35.830340   53.553119
   35.824791   53.563499
   35.819934   53.574220
   35.815788   53.585236
   35.812371   53.596499
   35.809699   53.607961
   35.807781   53.619574
   35.807693   53.620473
   35.805999   53.622836
   35.799784   53.632831
   35.794236   53.643211
   35.793306   53.645125
   35.790246   53.651519
   35.786319   53.660325
   35.782173   53.671341
   35.778912   53.682028
   35.775057   53.688396
   35.769509   53.698776
   35.764651   53.709497
   35.760505   53.720512
   35.757089   53.731776
   35.754416   53.743238
   35.754172   53.744489
   35.751170   53.749500
   35.745621   53.759880
   35.743458   53.764426
   35.740398   53.771094
   35.737704   53.777269
   35.733558   53.788284
   35.719455   53.797059
   35.775635   53.850629
   35.903767   53.901802
   35.945195   53.937004
   35.899539   53.989158
   35.830876   54.016262
   35.823072   54.033259
   35.827280   54.046178
   35.829495   54.061107
   35.844446   54.067505
   35.854175   54.079646
   35.857285   54.099609
   35.852427   54.110330
   35.848281   54.121346
   35.844865   54.132609
   35.842192   54.144071
   35.840275   54.155684
   35.839121   54.167397
   35.838736   54.179161
   35.839121   54.190925
   35.840275   54.202638
   35.842192   54.214251
   35.842279   54.214684
   35.843118   54.218849
   35.845704   54.229879
   35.849121   54.241142
   35.853267   54.252158
   35.858124   54.262879
   35.863673   54.273259
   35.869888   54.283254
   35.876744   54.292821
   35.884210   54.301920
   35.886902   54.304921
   35.889954   54.308247
   35.895308   54.313836
   35.903899   54.321882
   35.912997   54.329349
   35.922564   54.336205
   35.932559   54.342420
   35.942939   54.347969
   35.946268   54.349568
   35.959329   54.355679
   35.966722   54.358937
   35.977737   54.363083
   35.989001   54.366500
   35.990952   54.367011
   36.055330   54.326740
   36.092983   54.324266
   36.115404   54.333558
   36.175641   54.333174
   36.285818   54.390677
   36.297627   54.457658
   36.375608   54.457099
   36.418341   54.451157
   36.467301   54.447844
   36.585456   54.445420
   36.630663   54.486228
   36.671701   54.518165
   36.663959   54.545485
   36.712140   54.597674
   36.713529   54.663718
   36.762777   54.698597
   36.751874   54.714168
   36.726240   54.733921
   36.709667   54.736003
   36.711772   54.745250
   36.698350   54.755869
   36.698550   54.756023
   36.708117   54.762879
   36.718112   54.769094
   36.728492   54.774643
   36.739213   54.779500
   36.750229   54.783646
   36.761492   54.787063
   36.763745   54.787651
   36.779027   54.791534
   36.788236   54.793619
   36.799849   54.795536
   36.811562   54.796690
   36.823326   54.797075
   36.829994   54.797075
   36.841758   54.796690
   36.853471   54.795536
   36.859745   54.794597
   36.896137   54.788494
   36.901476   54.787515
   36.905440   54.786680
   36.925437   54.782232
   36.932935   54.780395
   36.944199   54.776978
   36.955214   54.772832
   36.955911   54.772542
   36.962035   54.772245
   36.973749   54.771091
   36.982874   54.769651
   37.001560   54.766207
   37.006884   54.765832
   37.007347   54.767563
   37.007371   54.767652
   37.010788   54.778915
   37.014934   54.789931
   37.019791   54.800652
   37.025339   54.811032
   37.031555   54.821027
   37.038411   54.830594
   37.045877   54.839693
   37.049825   54.844048
   37.051055   54.847809
   37.051884   54.850193
   37.054943   54.858807
   37.058261   54.867438
   37.063118   54.878159
   37.068667   54.888539
   37.074882   54.898534
   37.081738   54.908101
   37.087871   54.915661
   37.096202   54.925381
   37.097536   54.926920
   37.105582   54.935510
   37.114172   54.943556
   37.117446   54.946358
   37.124132   54.954446
   37.132178   54.963037
   37.140768   54.971083
   37.149867   54.978550
   37.159434   54.985405
   37.169429   54.991621
   37.179809   54.997169
   37.190530   55.002027
   37.201546   55.006173
   37.212809   55.009589
   37.224271   55.012262
   37.235884   55.014179
   37.247598   55.015333
   37.259361   55.015718
   37.271125   55.015333
   37.282838   55.014179
   37.288183   55.013394
   37.305091   55.013082
   37.316804   55.011929
   37.319200   55.011597
   37.334474   55.009377
   37.343691   55.007791
   37.346628   55.007181
   37.366552   55.002872
   37.368280   55.003399
   37.374277   55.005118
   37.385740   55.007791
   37.389039   55.008415
   37.399872   55.010361
   37.424091   55.013076
   37.510714   54.979944
   37.549488   54.997480
   37.636478   55.013597
   37.726225   54.996133
   37.800752   54.945369
   37.828665   54.892513
   37.923615   54.909368
   37.977817   54.903302
   38.031101   54.917591
   38.081498   54.928958
   38.140043   54.937426
END
END
