POLY
1
   34.664173  58.213181
   34.671062  58.118786
   34.511147  58.164867
   34.143532  58.23386
   33.980583  58.227932
   33.88784  58.188477
   33.817055  58.173653
   33.732574  58.192181
   33.568172  58.132889
   33.511089  58.067425
   33.508808  58.030369
   33.591007  58.008137
   33.641239  57.980961
   33.652657  57.921673
   33.627541  57.889557
   33.572739  57.888321
   33.508808  57.836445
   33.517941  57.752453
   33.271339  57.649933
   33.257641  57.578293
   33.200558  57.558529
   33.184284  57.483406
   32.789558  57.491829
   32.627441  57.407837
   32.588623  57.359665
   32.515556  57.355957
   32.362576  57.283081
   32.232426  57.278141
   32.191326  57.249733
   32.177624  57.210205
   32.109039  57.213013
   32.001808  57.164505
   31.942442  57.126213
   31.887642  57.145977
   31.746075  57.137329
   31.611359  57.047161
   31.606792  57.012577
   31.53252  56.984482
   31.442392  56.975521
   31.385309  56.945877
   31.300825  56.975521
   31.120028  56.95969
   31.047375  57.003929
   30.972025  56.996521
   30.921793  56.919937
   30.851009  56.894001
   30.741409  56.738365
   30.857859  56.623493
   31.015409  56.623493
   30.960609  56.470333
   31.175241  56.402397
   31.223648  56.3032
   31.430975  56.282585
   31.414991  56.108421
   31.460659  56.047897
   31.315313  55.958248
   31.328224  55.913265
   31.362474  55.889797
   31.387592  55.760101
   31.367043  55.709457
   31.433258  55.673637
   31.583958  55.709457
   31.748358  55.671169
   31.812292  55.676109
   31.832842  55.741573
   31.999525  55.741573
   31.992674  55.666225
   32.047226  55.634808
   32.377602  55.663734
   32.524651  55.632744
   32.648781  55.658569
   32.898949  55.618279
   33.145302  55.618279
   33.33984  55.690929
   33.533966  55.734051
   33.677773  55.839153
   33.70974  55.933025
   33.769108  55.909557
   33.824074  55.922405
   33.845825  55.991905
   33.917233  56.03323
   34.074615  56.010597
   34.174625  56.024246
   34.30407  55.981575
   34.368999  55.996082
   34.588905  55.903851
   34.690037  55.905197
   34.755089  55.945194
   35.029091  55.958668
   35.095516  55.941601
   35.225872  55.952789
   35.374287  56.094837
   35.337753  56.128185
   35.394836  56.181297
   35.387989  56.218353
   35.529556  56.234413
   35.524986  56.335697
   35.543255  56.409809
   35.639156  56.435745
   35.71907  56.377693
   35.888039  56.357929
   36.072987  56.313465
   36.143772  56.349285
   36.164322  56.390045
   36.242409  56.395008
   36.435081  56.459576
   36.54377  56.465637
   36.583996  56.489307
   36.649632  56.49427
   36.684921  56.49007
   36.703976  56.522907
   36.850025  56.566048
   37.049049  56.51527
   37.108334  56.531303
   37.175381  56.586662
   37.178204  56.649658
   37.317402  56.727924
   37.396366  56.759319
   37.496498  56.769157
   37.603775  56.863838
   37.617184  56.916908
   37.748455  56.912708
   37.907829  56.853195
   37.932949  56.767967
   38.031132  56.728439
   38.286865  56.749439
   38.268597  56.838371
   38.163563  56.864357
   38.225216  56.902645
   38.229782  56.965641
   38.280014  57.011341
   38.286865  57.108921
   38.19553  57.202797
   38.355366  57.259613
   38.353081  57.364605
   38.26403  57.391777
   37.97633  57.378193
   37.905548  57.415249
   37.86673  57.502945
   37.912399  57.589409
   37.848465  57.647461
   37.752563  57.653637
   37.47628  57.846325
   37.579033  57.979725
   37.754848  58.072365
   37.677216  58.148945
   37.499115  58.213177
   37.442032  58.245289
   37.4571  58.274979
   37.447968  58.31181
   37.421398  58.352234
   37.461254  58.378735
   37.525185  58.373344
   37.652222  58.407772
   37.703701  58.488171
   37.583305  58.535782
   37.437176  58.594173
   37.421482  58.633137
   37.403214  58.740601
   37.138348  58.891293
   36.764835  58.848061
   36.726021  58.812241
   36.71917  58.746777
   36.595871  58.699837
   36.445171  58.547909
   36.374386  58.544205
   36.340137  58.524441
   36.257938  58.545441
   36.164322  58.539265
   35.917721  58.483681
   35.753323  58.475033
   35.577503  58.482445
   35.419956  58.437981
   35.30579  58.436745
   35.21674  58.383633
   35.207603  58.284817
   35.052338  58.235409
   34.80574  58.268761
   34.664173  58.213181
   34.664173  58.213181
END
END
