vologda
1
   3.645238E+01   6.142940E+01
   3.565762E+01   6.121715E+01
   3.568966E+01   6.114278E+01
   3.569345E+01   6.113530E+01
   3.569677E+01   6.113303E+01
   3.569185E+01   6.111935E+01
   3.565380E+01   6.103469E+01
   3.550187E+01   6.091834E+01
   3.540605E+01   6.086466E+01
   3.533676E+01   6.086841E+01
   3.525249E+01   6.085237E+01
   3.516075E+01   6.078432E+01
   3.518616E+01   6.072580E+01
   3.518374E+01   6.069384E+01
   3.524786E+01   6.064702E+01
   3.524944E+01   6.035738E+01
   3.524623E+01   6.033812E+01
   3.512504E+01   6.025038E+01
   3.513804E+01   6.001405E+01
   3.539363E+01   5.995973E+01
   3.534523E+01   5.986633E+01
   3.535007E+01   5.978728E+01
   3.540080E+01   5.971077E+01
   3.543574E+01   5.970174E+01
   3.554759E+01   5.970864E+01
   3.560769E+01   5.971177E+01
   3.557869E+01   5.966892E+01
   3.547946E+01   5.965574E+01
   3.546137E+01   5.956284E+01
   3.538718E+01   5.956926E+01
   3.535892E+01   5.958747E+01
   3.534908E+01   5.958790E+01
   3.531475E+01   5.957922E+01
   3.529743E+01   5.956720E+01
   3.529474E+01   5.954206E+01
   3.524392E+01   5.953899E+01
   3.516407E+01   5.947914E+01
   3.510963E+01   5.947484E+01
   3.495400E+01   5.945372E+01
   3.485345E+01   5.938458E+01
   3.484845E+01   5.936270E+01
   3.484257E+01   5.935612E+01
   3.482048E+01   5.934844E+01
   3.497230E+01   5.925308E+01
   3.487489E+01   5.924460E+01
   3.483420E+01   5.921607E+01
   3.476646E+01   5.913359E+01
   3.467731E+01   5.907669E+01
   3.483194E+01   5.902827E+01
   3.485029E+01   5.895924E+01
   3.497611E+01   5.891815E+01
   3.505905E+01   5.892184E+01
   3.510499E+01   5.893380E+01
   3.512419E+01   5.894777E+01
   3.515761E+01   5.894200E+01
   3.517213E+01   5.893596E+01
   3.518635E+01   5.891847E+01
   3.515247E+01   5.890988E+01
   3.512162E+01   5.888598E+01
   3.511247E+01   5.885119E+01
   3.510114E+01   5.883979E+01
   3.505860E+01   5.883978E+01
   3.498203E+01   5.885272E+01
   3.493070E+01   5.882129E+01
   3.498674E+01   5.880767E+01
   3.502096E+01   5.878595E+01
   3.508373E+01   5.877749E+01
   3.515688E+01   5.876618E+01
   3.528606E+01   5.874710E+01
   3.534423E+01   5.875353E+01
   3.543119E+01   5.875389E+01
   3.553651E+01   5.873895E+01
   3.553288E+01   5.870408E+01
   3.559519E+01   5.868302E+01
   3.563916E+01   5.863474E+01
   3.572360E+01   5.858417E+01
   3.582911E+01   5.856773E+01
   3.591490E+01   5.864090E+01
   3.603468E+01   5.865074E+01
   3.611904E+01   5.865933E+01
   3.612390E+01   5.864304E+01
   3.611491E+01   5.862501E+01
   3.613495E+01   5.860996E+01
   3.620141E+01   5.860633E+01
   3.622032E+01   5.859049E+01
   3.617101E+01   5.854222E+01
   3.616701E+01   5.853168E+01
   3.617481E+01   5.850572E+01
   3.622357E+01   5.849932E+01
   3.625779E+01   5.851328E+01
   3.630484E+01   5.849284E+01
   3.632238E+01   5.848784E+01
   3.632486E+01   5.848213E+01
   3.634043E+01   5.848063E+01
   3.634471E+01   5.847951E+01
   3.635150E+01   5.847594E+01
   3.636433E+01   5.847792E+01
   3.636155E+01   5.848966E+01
   3.637545E+01   5.850363E+01
   3.638746E+01   5.850778E+01
   3.642316E+01   5.850887E+01
   3.647193E+01   5.851356E+01
   3.651599E+01   5.851311E+01
   3.654293E+01   5.852897E+01
   3.655491E+01   5.855442E+01
   3.655095E+01   5.857082E+01
   3.651117E+01   5.857695E+01
   3.651513E+01   5.858052E+01
   3.653267E+01   5.859094E+01
   3.659779E+01   5.859256E+01
   3.665273E+01   5.862319E+01
   3.664761E+01   5.864327E+01
   3.666031E+01   5.865137E+01
   3.668176E+01   5.868899E+01
   3.678158E+01   5.870753E+01
   3.681226E+01   5.871757E+01
   3.683086E+01   5.871804E+01
   3.684100E+01   5.872330E+01
   3.685446E+01   5.872958E+01
   3.682325E+01   5.881125E+01
   3.710081E+01   5.883343E+01
   3.714700E+01   5.882821E+01
   3.718039E+01   5.877126E+01
   3.719693E+01   5.874013E+01
   3.722644E+01   5.871037E+01
   3.726109E+01   5.869838E+01
   3.727107E+01   5.868758E+01
   3.727470E+01   5.867854E+01
   3.728922E+01   5.867665E+01
   3.728256E+01   5.866706E+01
   3.727999E+01   5.865227E+01
   3.728301E+01   5.864693E+01
   3.729116E+01   5.864429E+01
   3.730205E+01   5.864512E+01
   3.732308E+01   5.865059E+01
   3.734183E+01   5.865074E+01
   3.736069E+01   5.864509E+01
   3.737768E+01   5.861951E+01
   3.739923E+01   5.858180E+01
   3.748211E+01   5.854899E+01
   3.751173E+01   5.852362E+01
   3.756092E+01   5.851267E+01
   3.761482E+01   5.847400E+01
   3.768734E+01   5.848674E+01
   3.775687E+01   5.855218E+01
   3.793661E+01   5.861732E+01
   3.811040E+01   5.872552E+01
   3.839175E+01   5.871552E+01
   3.851482E+01   5.868290E+01
   3.859427E+01   5.859861E+01
   3.883647E+01   5.847813E+01
   3.912822E+01   5.847169E+01
   3.916180E+01   5.848418E+01
   3.923499E+01   5.848134E+01
   3.921237E+01   5.851411E+01
   3.927478E+01   5.855350E+01
   3.953268E+01   5.858160E+01
   3.958056E+01   5.859378E+01
   3.967748E+01   5.860224E+01
   3.972345E+01   5.863563E+01
   3.984807E+01   5.865703E+01
   3.991835E+01   5.868562E+01
   3.999922E+01   5.868387E+01
   4.004156E+01   5.865676E+01
   4.006897E+01   5.864743E+01
   4.009756E+01   5.865152E+01
   4.012039E+01   5.864711E+01
   4.011827E+01   5.862767E+01
   4.008475E+01   5.862479E+01
   4.006297E+01   5.860675E+01
   4.009555E+01   5.858121E+01
   4.014602E+01   5.856849E+01
   4.019110E+01   5.854841E+01
   4.023366E+01   5.854389E+01
   4.026349E+01   5.854780E+01
   4.028467E+01   5.853641E+01
   4.030538E+01   5.853077E+01
   4.032784E+01   5.853350E+01
   4.034388E+01   5.854678E+01
   4.034820E+01   5.854847E+01
   4.035553E+01   5.854997E+01
   4.036362E+01   5.854981E+01
   4.037058E+01   5.854287E+01
   4.039641E+01   5.853440E+01
   4.047082E+01   5.853219E+01
   4.050772E+01   5.853945E+01
   4.055732E+01   5.855996E+01
   4.060524E+01   5.857479E+01
   4.062701E+01   5.857700E+01
   4.063639E+01   5.858488E+01
   4.065303E+01   5.858551E+01
   4.068841E+01   5.859024E+01
   4.070039E+01   5.858056E+01
   4.084497E+01   5.856195E+01
   4.099197E+01   5.857047E+01
   4.112021E+01   5.862216E+01
   4.129997E+01   5.872702E+01
   4.145054E+01   5.895189E+01
   4.208019E+01   5.907170E+01
   4.211792E+01   5.912589E+01
   4.212428E+01   5.922968E+01
   4.211339E+01   5.926371E+01
   4.198877E+01   5.926247E+01
   4.197425E+01   5.928411E+01
   4.203959E+01   5.940317E+01
   4.218961E+01   5.940317E+01
   4.217908E+01   5.931640E+01
   4.220812E+01   5.930590E+01
   4.228676E+01   5.924007E+01
   4.247490E+01   5.930688E+01
   4.260939E+01   5.930236E+01
   4.270255E+01   5.915885E+01
   4.289371E+01   5.913279E+01
   4.312966E+01   5.923481E+01
   4.333625E+01   5.918371E+01
   4.339009E+01   5.919208E+01
   4.343969E+01   5.924656E+01
   4.349293E+01   5.924533E+01
   4.351712E+01   5.916604E+01
   4.357036E+01   5.916046E+01
   4.366080E+01   5.919492E+01
   4.374104E+01   5.923620E+01
   4.397117E+01   5.918321E+01
   4.436470E+01   5.909061E+01
   4.527336E+01   5.904363E+01
   4.560487E+01   5.914927E+01
   4.594363E+01   5.914058E+01
   4.600170E+01   5.913562E+01
   4.645177E+01   5.935340E+01
   4.649896E+01   5.958373E+01
   4.654968E+01   5.959136E+01
   4.718491E+01   5.956239E+01
   4.719362E+01   5.977549E+01
   4.708573E+01   6.014002E+01
   4.721544E+01   6.024884E+01
   4.705535E+01   6.062454E+01
   4.710858E+01   6.086224E+01
   4.683581E+01   6.097372E+01
   4.657085E+01   6.099602E+01
   4.656057E+01   6.104086E+01
   4.651217E+01   6.104994E+01
   4.630428E+01   6.105082E+01
   4.555880E+01   6.124523E+01
   4.520349E+01   6.120616E+01
   4.510065E+01   6.093519E+01
   4.421158E+01   6.098898E+01
   4.418738E+01   6.106926E+01
   4.382254E+01   6.106906E+01
   4.372245E+01   6.108892E+01
   4.366855E+01   6.113500E+01
   4.351760E+01   6.113376E+01
   4.341748E+01   6.110762E+01
   4.339674E+01   6.109279E+01
   4.333141E+01   6.109542E+01
   4.329299E+01   6.110580E+01
   4.304168E+01   6.110934E+01
   4.302971E+01   6.103900E+01
   4.304767E+01   6.075062E+01
   4.287486E+01   6.087161E+01
   4.267980E+01   6.090325E+01
   4.235386E+01   6.078028E+01
   4.220261E+01   6.080313E+01
   4.218293E+01   6.081815E+01
   4.215715E+01   6.084091E+01
   4.212272E+01   6.084746E+01
   4.211780E+01   6.087351E+01
   4.207492E+01   6.087915E+01
   4.200562E+01   6.088310E+01
   4.194578E+01   6.093152E+01
   4.160871E+01   6.092820E+01
   4.136797E+01   6.089204E+01
   4.124498E+01   6.069170E+01
   4.070452E+01   6.079600E+01
   4.043017E+01   6.079173E+01
   4.040301E+01   6.077994E+01
   4.036751E+01   6.075215E+01
   4.035013E+01   6.072915E+01
   3.999686E+01   6.071524E+01
   3.987781E+01   6.071850E+01
   3.982134E+01   6.075196E+01
   3.965024E+01   6.076617E+01
   3.943105E+01   6.071615E+01
   3.913503E+01   6.075093E+01
   3.851157E+01   6.085745E+01
   3.838492E+01   6.093755E+01
   3.829936E+01   6.101703E+01
   3.828653E+01   6.106343E+01
   3.825702E+01   6.107605E+01
   3.820996E+01   6.107791E+01
   3.819414E+01   6.108887E+01
   3.821039E+01   6.111223E+01
   3.789652E+01   6.134241E+01
   3.787820E+01   6.143446E+01
   3.784227E+01   6.153289E+01
   3.774930E+01   6.154960E+01
   3.731859E+01   6.152192E+01
   3.730786E+01   6.155871E+01
   3.717269E+01   6.156482E+01
   3.706404E+01   6.160431E+01
   3.703339E+01   6.161643E+01
   3.688241E+01   6.156328E+01
   3.686637E+01   6.154903E+01
   3.678210E+01   6.154730E+01
   3.672436E+01   6.155250E+01
   3.669698E+01   6.156574E+01
   3.657265E+01   6.155144E+01
   3.653757E+01   6.150472E+01
   3.652184E+01   6.150223E+01
   3.650210E+01   6.149996E+01
   3.645238E+01   6.142940E+01
END
END
