POLY
1
   37.335621  57.909019
   37.353237  57.926575
   37.341072  57.938999
   37.327488  57.976078
   37.342743  58.008179
   37.374073  58.01646
   37.472672  57.996098
   37.486145  58.004444
   37.48563  58.024334
   37.503696  58.060299
   37.557709  58.071712
   37.600601  58.098942
   37.593369  58.109306
   37.569572  58.117699
   37.560261  58.139328
   37.527088  58.142029
   37.498482  58.158318
   37.47797  58.153339
   37.435249  58.162308
   37.403149  58.179966
   37.378838  58.178402
   37.361561  58.203033
   37.339569  58.198849
   37.321285  58.206596
   37.307617  58.231079
   37.31176  58.249577
   37.323044  58.258503
   37.347656  58.261227
   37.359825  58.286739
   37.381752  58.292557
   37.348282  58.328156
   37.348217  58.35532
   37.374115  58.382999
   37.397762  58.385727
   37.402611  58.404587
   37.424778  58.41832
   37.48531  58.424973
   37.516872  58.407246
   37.535305  58.437309
   37.561806  58.434906
   37.605709  58.446449
   37.613068  58.497154
   37.687546  58.549534
   37.67712  58.573414
   37.701218  58.644032
   37.72879  58.652702
   37.771469  58.647209
   37.840496  58.65403
   37.87912  58.633003
   37.888714  58.634762
   37.934376  58.675659
   37.943665  58.695683
   37.963043  58.703468
   37.972893  58.725723
   38.063766  58.753189
   38.417751  58.750443
   38.487724  58.725056
   38.520813  58.743187
   38.533752  58.776127
   38.562141  58.796448
   38.672134  58.78046
   38.687626  58.77087
   38.725391  58.777157
   38.764549  58.769497
   38.846455  58.770611
   38.86832  58.75808
   38.901386  58.757435
   38.895336  58.776962
   38.904388  58.820499
   38.976616  58.84584
   38.95192  58.866314
   38.911964  58.879059
   38.906151  58.914829
   38.926537  58.929871
   38.937542  58.961414
   38.991768  58.9795
   39.030605  58.972076
   39.043995  58.953064
   39.098022  58.959244
   39.130596  58.974525
   39.250546  58.936478
   39.29417  58.947872
   39.342621  58.949482
   39.388432  58.931137
   39.399292  58.91618
   39.435619  58.929268
   39.482632  58.906395
   39.558937  58.899849
   39.59816  58.926201
   39.617065  58.927059
   39.73315  58.855392
   39.809647  58.857666
   39.890713  58.774773
   39.958862  58.782005
   39.992661  58.764668
   40.036411  58.761833
   40.048557  58.746944
   40.045059  58.725079
   40.053513  58.704243
   40.075916  58.696198
   40.083767  58.679073
   40.110439  58.683857
   40.144386  58.668449
   40.165199  58.629032
   40.153313  58.604141
   40.1805  58.598179
   40.212406  58.572838
   40.270859  58.575798
   40.314758  58.558353
   40.345596  58.578331
   40.397049  58.565971
   40.445759  58.56464
   40.472431  58.573929
   40.506226  58.569294
   40.52895  58.588306
   40.56794  58.591331
   40.607101  58.608414
   40.697971  58.617832
   40.717735  58.609379
   40.755524  58.610107
   40.788246  58.617596
   40.822449  58.613991
   40.852684  58.600708
   40.875858  58.613197
   40.89978  58.614292
   40.916779  58.601524
   40.944607  58.597771
   40.964951  58.583244
   41.038506  58.560432
   41.049942  58.542236
   41.080669  58.52256
   41.10305  58.489323
   41.128822  58.475998
   41.132854  58.456772
   41.120926  58.436172
   41.126373  58.430656
   41.203602  58.395317
   41.205811  58.370918
   41.222206  58.345791
   41.218086  58.322834
   41.208858  58.311611
   41.184738  58.308262
   41.158367  58.284595
   41.119961  58.265453
   41.052002  58.255608
   41.020954  58.237217
   40.98027  58.172092
   40.918385  58.165825
   40.913452  58.161171
   40.926517  58.115421
   40.923534  58.097633
   40.906864  58.083
   40.881027  58.081993
   40.862789  58.050793
   40.842598  58.039719
   40.85294  58.022255
   40.846073  58.001331
   40.788181  57.963051
   40.712563  57.962452
   40.644005  57.891685
   40.668404  57.86763
   40.664326  57.842995
   40.681686  57.817074
   40.673725  57.779716
   40.683853  57.769741
   40.686127  57.752232
   40.702888  57.738777
   40.699581  57.710903
   40.741684  57.676636
   40.746723  57.654297
   40.733185  57.611404
   40.691105  57.570763
   40.638557  57.542374
   40.593536  57.547588
   40.579697  57.562096
   40.535667  57.559906
   40.516121  57.540272
   40.535751  57.518879
   40.526848  57.487484
   40.507408  57.476028
   40.474255  57.482807
   40.46093  57.475769
   40.473827  57.438583
   40.4664  57.397041
   40.477451  57.362022
   40.464214  57.341873
   40.46962  57.3134
   40.462132  57.271255
   40.412949  57.240013
   40.319675  57.261452
   40.279869  57.252762
   40.262833  57.224628
   40.238113  57.214844
   40.211571  57.180641
   40.18726  57.170532
   40.153484  57.16431
   40.123249  57.173496
   40.097973  57.168583
   40.043793  57.17564
   39.943501  57.140686
   39.877216  57.144894
   39.889149  57.108414
   39.886101  57.077
   39.874813  57.061874
   39.86095  57.058311
   39.815098  57.06863
   39.792397  57.065521
   39.77113  57.050091
   39.747398  57.055862
   39.725231  57.047302
   39.658649  57.048763
   39.639507  57.016788
   39.617321  57.003914
   39.584213  57.001575
   39.576294  56.941666
   39.554878  56.929974
   39.537865  56.931709
   39.496193  56.901089
   39.510418  56.887978
   39.513832  56.871563
   39.491966  56.838627
   39.469006  56.830517
   39.441925  56.840965
   39.416691  56.821205
   39.435059  56.782795
   39.433968  56.765457
   39.419395  56.747902
   39.376846  56.73801
   39.39753  56.690483
   39.383667  56.669197
   39.348629  56.658962
   39.364399  56.629158
   39.359936  56.583881
   39.346825  56.560493
   39.328007  56.551758
   39.309425  56.525387
   39.280544  56.510323
   39.204174  56.52039
   39.178555  56.531548
   39.166111  56.547981
   39.141281  56.549335
   39.105515  56.528629
   39.075451  56.533371
   39.038479  56.512577
   38.972797  56.508972
   38.918961  56.520302
   38.893703  56.538132
   38.850853  56.542534
   38.837097  56.554806
   38.83345  56.574932
   38.796803  56.56768
   38.783413  56.549934
   38.770107  56.545578
   38.735733  56.560791
   38.709599  56.551888
   38.651661  56.557854
   38.614025  56.515003
   38.58025  56.508156
   38.537506  56.524788
   38.532722  56.553177
   38.512016  56.581329
   38.512917  56.598106
   38.487617  56.619736
   38.430435  56.629372
   38.408955  56.650337
   38.368118  56.647675
   38.328167  56.63274
   38.308746  56.636089
   38.281002  56.692585
   38.290207  56.718765
   38.282505  56.746616
   38.261539  56.751789
   38.213497  56.793545
   38.104919  56.797707
   38.0793  56.853905
   38.083397  56.880424
   38.098549  56.895832
   38.162556  56.912548
   38.159058  56.931046
   38.13393  56.933254
   38.112408  56.949005
   38.116165  56.979282
   38.148674  57.006767
   38.207317  57.009624
   38.209721  57.031876
   38.229698  57.045757
   38.202618  57.047733
   38.18824  57.058804
   38.183907  57.081184
   38.196159  57.100216
   38.177082  57.140728
   38.143501  57.158367
   38.12994  57.233406
   38.146526  57.247673
   38.201351  57.25201
   38.235062  57.261127
   38.254631  57.278446
   38.295292  57.282631
   38.305485  57.294193
   38.292355  57.331573
   38.269009  57.339405
   38.188477  57.330673
   38.173412  57.31559
   38.121208  57.305225
   38.086102  57.306297
   38.047112  57.322048
   38.020206  57.309753
   37.955788  57.32962
   37.934139  57.350327
   37.872406  57.373093
   37.833286  57.414745
   37.802433  57.415752
   37.784687  57.434872
   37.786938  57.45826
   37.800758  57.469891
   37.783142  57.48753
   37.780975  57.507206
   37.796829  57.524456
   37.814682  57.573425
   37.799362  57.590805
   37.735096  57.595955
   37.683083  57.628891
   37.625965  57.637302
   37.609463  57.65979
   37.618153  57.689747
   37.553009  57.715988
   37.531506  57.74324
   37.490715  57.758347
   37.463852  57.786411
   37.370487  57.798344
   37.358749  57.821022
   37.363964  57.850464
   37.328796  57.851749
   37.312057  57.869411
   37.312038  57.894753
   37.331005  57.908806
   37.335621  57.909019
END
END
