POLY
1
   14.40433  55.365921
   14.471961  55.474346
   14.4466  55.656078
   14.455053  55.898891
   14.545228  55.961506
   14.756576  55.923325
   14.911564  55.956924
   15.162362  56.025642
   15.31735  55.930962
   15.81613  55.956924
   16.213463  56.022591
   16.517803  56.123379
   16.751694  56.274567
   17.053215  56.734234
   17.154661  56.89764
   17.353577  57.265408
   17.165022  57.511997
   17.165022  57.824387
   17.240444  58.352818
   17.120598  58.476608
   17.038174  58.562443
   16.992844  58.585209
   16.972275  58.580925
   16.965164  58.581764
   16.942633  58.584427
   16.932402  58.58926
   16.918724  58.59584
   16.905603  58.59819
   16.890015  58.600948
   16.884401  58.600349
   16.862614  58.598034
   16.827457  58.59417
   16.821913  58.596573
   16.806795  58.603176
   16.796368  58.607719
   16.792301  58.608948
   16.787691  58.611683
   16.769966  58.618919
   16.748644  58.633488
   16.704121  58.668484
   16.688114  58.681057
   16.667013  58.678982
   16.648935  58.681831
   16.647995  58.68145
   16.645836  58.68119
   16.645514  58.680889
   16.645535  58.680305
   16.645794  58.679779
   16.646267  58.679321
   16.645555  58.679165
   16.644672  58.678719
   16.642454  58.676243
   16.639093  58.675446
   16.638512  58.675671
   16.638361  58.676266
   16.63707  58.678078
   16.636078  58.679245
   16.635777  58.680138
   16.636013  58.681225
   16.634527  58.682133
   16.636789  58.683353
   16.637112  58.683735
   16.63694  58.684719
   16.637045  58.684948
   16.634857  58.685642
   16.632637  58.685081
   16.629574  58.686375
   16.629164  58.688213
   16.628239  58.68977
   16.621065  58.690975
   16.620419  58.690025
   16.617887  58.690041
   16.617802  58.690731
   16.6147  58.691689
   16.607296  58.693943
   16.600454  58.695114
   16.584326  58.697784
   16.576864  58.697666
   16.558889  58.69738
   16.557598  58.696774
   16.548586  58.699036
   16.541553  58.700871
   16.533932  58.700108
   16.521177  58.698845
   16.510386  58.697781
   16.502069  58.697411
   16.486752  58.696812
   16.474886  58.696339
   16.465939  58.697487
   16.46306  58.698734
   16.461969  58.698677
   16.460781  58.697891
   16.455215  58.697731
   16.452026  58.698185
   16.436617  58.697586
   16.426901  58.697136
   16.426796  58.698288
   16.417641  58.703011
   16.408987  58.703613
   16.406084  58.703884
   16.399221  58.701851
   16.39826  58.702282
   16.39712  58.702641
   16.395416  58.70282
   16.394491  58.702629
   16.393585  58.702709
   16.392014  58.702641
   16.39085  58.703087
   16.388674  58.703411
   16.387619  58.703671
   16.385702  58.70359
   16.385206  58.704777
   16.383936  58.705593
   16.381071  58.706253
   16.37855  58.707664
   16.377087  58.708168
   16.37756  58.709747
   16.376633  58.712879
   16.373962  58.721413
   16.372217  58.727028
   16.372908  58.727127
   16.373941  58.726948
   16.375017  58.727215
   16.376139  58.727341
   16.37784  58.727306
   16.377108  58.728123
   16.376698  58.728939
   16.376633  58.729767
   16.372326  58.731117
   16.373251  58.733433
   16.370646  58.734295
   16.372261  58.736832
   16.3745  58.73996
   16.374435  58.740376
   16.369913  58.741257
   16.369051  58.748981
   16.368641  58.752972
   16.364441  58.755619
   16.359293  58.758858
   16.347527  58.766174
   16.345877  58.765358
   16.343065  58.765728
   16.342569  58.766521
   16.343044  58.767773
   16.340977  58.769211
   16.338327  58.770275
   16.338089  58.770897
   16.338779  58.771481
   16.338327  58.771927
   16.333567  58.775242
   16.327297  58.779587
   16.322063  58.775669
   16.314632  58.773232
   16.308126  58.77216
   16.307098  58.771648
   16.306726  58.771255
   16.305908  58.770439
   16.306231  58.770275
   16.306103  58.769859
   16.305714  58.769794
   16.30509  58.769047
   16.304874  58.768387
   16.302418  58.771446
   16.295547  58.77578
   16.300716  58.779564
   16.303841  58.781975
   16.306339  58.78384
   16.308462  58.785454
   16.306154  58.786655
   16.307415  58.786663
   16.310238  58.79142
   16.309311  58.791931
   16.308643  58.792858
   16.307222  58.793842
   16.306145  58.794144
   16.304487  58.795071
   16.301729  58.795517
   16.30076  58.795158
   16.29755  58.796432
   16.295935  58.798351
   16.29126  58.799934
   16.289278  58.800671
   16.282148  58.809406
   16.279348  58.812786
   16.278294  58.814091
   16.273964  58.819313
   16.268917  58.825493
   16.263258  58.832314
   16.238001  58.835701
   16.219879  58.838249
   16.215868  58.837761
   16.212395  58.833553
   16.210529  58.834797
   16.204195  58.835808
   16.203009  58.835674
   16.20134  58.836079
   16.199886  58.837009
   16.198971  58.837093
   16.198217  58.837959
   16.197104  58.838745
   16.196575  58.838963
   16.195793  58.83881
   16.193693  58.838852
   16.19154  58.839016
   16.192482  58.843433
   16.191351  58.846386
   16.185535  58.849857
   16.185696  58.85136
   16.182034  58.854008
   16.178802  58.85487
   16.180418  58.855885
   16.182089  58.856945
   16.181091  58.857712
   16.180202  58.858448
   16.176271  58.860271
   16.172638  58.861774
   16.169136  58.86232
   16.166229  58.863224
   16.163456  58.864437
   16.154757  58.868481
   16.150505  58.87027
   16.148808  58.871216
   16.145792  58.87376
   16.144527  58.874653
   16.143772  58.875042
   16.139977  58.875961
   16.137903  58.876614
   16.135614  58.876781
   16.127132  58.879608
   16.124117  58.880688
   16.122423  58.8811
   16.119612  58.881733
   16.117851  58.883419
   16.116135  58.884148
   16.112144  58.885323
   16.109497  58.885883
   16.108095  58.885284
   16.102306  58.885742
   16.102173  58.88818
   16.102362  58.889278
   16.101984  58.890587
   16.102522  58.891617
   16.101822  58.89238
   16.100073  58.894215
   16.099615  58.897205
   16.099287  58.898819
   16.098106  58.899544
   16.092424  58.901421
   16.090944  58.902088
   16.08766  58.903996
   16.094282  58.903728
   16.093824  58.905579
   16.088736  58.908096
   16.088844  58.909763
   16.088791  58.910599
   16.090593  58.912086
   16.085802  58.913784
   16.083889  58.915047
   16.081251  58.917385
   16.081629  58.91787
   16.081116  58.918495
   16.082167  58.919579
   16.072769  58.921761
   16.06706  58.923054
   16.065985  58.922916
   16.062672  58.92382
   16.06111  58.924526
   16.054567  58.927155
   16.052603  58.927448
   16.045439  58.927738
   16.036528  58.927849
   16.026134  58.930058
   16.013205  58.933006
   15.994268  58.937229
   15.977394  58.943512
   15.950245  58.953411
   15.939112  58.956093
   15.936583  58.957191
   15.930187  58.960686
   15.9285  58.960995
   15.911394  58.96249
   15.892598  58.975605
   15.891235  58.97636
   15.882602  58.979156
   15.883006  58.980907
   15.883645  58.982956
   15.88326  58.987556
   15.878765  58.990253
   15.875433  58.989372
   15.865578  58.990673
   15.868526  58.994823
   15.872081  58.99955
   15.860691  59.005291
   15.845747  59.013432
   15.842919  59.014969
   15.822773  59.018093
   15.820552  59.018379
   15.81527  59.018673
   15.80914  59.013916
   15.807317  59.012428
   15.806828  59.011314
   15.806756  59.010185
   15.806732  59.007454
   15.806913  59.005627
   15.806624  59.004532
   15.806699  59.002686
   15.805902  59.002037
   15.80517  59.001236
   15.79557  58.994217
   15.784584  58.98732
   15.781666  58.982899
   15.781151  58.969097
   15.777546  58.965645
   15.772568  58.963787
   15.762955  58.961838
   15.765186  58.957767
   15.751282  58.953606
   15.751453  58.95892
   15.74184  58.968742
   15.734287  58.97644
   15.732742  58.981041
   15.724846  58.986614
   15.722443  58.988647
   15.717979  58.98856
   15.709225  58.986965
   15.708195  58.986614
   15.707165  58.98555
   15.705448  58.985111
   15.702702  58.984669
   15.694462  58.98555
   15.691029  58.986526
   15.690857  58.983429
   15.690857  58.982281
   15.683132  58.971485
   15.663391  58.972988
   15.645367  58.97237
   15.63541  58.980774
   15.632149  58.982101
   15.62923  58.983341
   15.611034  58.970245
   15.601936  58.967857
   15.598331  58.964935
   15.583397  58.936249
   15.566535  58.912251
   15.52366  58.87672
   15.440076  58.877899
   15.415383  58.807461
   15.413962  58.80706
   15.412119  58.808716
   15.387447  58.860989
   15.3393  58.848316
   15.247499  58.876091
   15.220953  58.842911
   15.218676  58.842678
   15.188325  58.834389
   15.122176  58.780502
   15.119251  58.780563
   15.049906  58.765709
   15.028363  58.728874
   14.939625  58.700134
   14.942798  58.694138
   14.936214  58.69474
   14.93402  58.696007
   14.932801  58.696373
   14.929258  58.696812
   14.897569  58.688683
   14.858778  58.678604
   14.851583  58.676743
   14.84222  58.674282
   14.824177  58.669529
   14.815399  58.667271
   14.808499  58.665447
   14.806354  58.664787
   14.805111  58.663914
   14.806512  58.662701
   14.792834  58.653877
   14.778739  58.644882
   14.771727  58.649349
   14.751862  58.663876
   14.715017  58.687595
   14.710536  58.690033
   14.709499  58.690716
   14.708854  58.690884
   14.707829  58.692188
   14.707122  58.692162
   14.70505  58.692581
   14.702587  58.694241
   14.702806  58.695255
   14.703441  58.696266
   14.702465  58.696304
   14.699759  58.696129
   14.698978  58.696354
   14.698856  58.697216
   14.698052  58.697788
   14.698272  58.699116
   14.699198  58.699562
   14.6991  58.699928
   14.698881  58.700218
   14.699368  58.700649
   14.69871  58.700943
   14.698296  58.701183
   14.698052  58.701855
   14.697393  58.703018
   14.697492  58.704296
   14.695955  58.704678
   14.695639  58.705387
   14.694931  58.705616
   14.695395  58.706272
   14.694005  58.707603
   14.693005  58.708553
   14.692566  58.70977
   14.691712  58.710415
   14.691712  58.710922
   14.689299  58.712376
   14.689762  58.712986
   14.691761  58.714668
   14.691761  58.715279
   14.690639  58.716251
   14.689518  58.716492
   14.690201  58.717785
   14.690396  58.718353
   14.692371  58.71962
   14.693736  58.719707
   14.693834  58.72039
   14.69498  58.720821
   14.695297  58.721432
   14.695004  58.722683
   14.693712  58.724228
   14.693249  58.725292
   14.692347  58.726204
   14.692127  58.727634
   14.691843  58.732227
   14.691806  58.732826
   14.691591  58.736301
   14.691152  58.74221
   14.686433  58.742649
   14.681046  58.743149
   14.625089  58.746452
   14.622145  58.73336
   14.626037  58.697365
   14.546251  58.698017
   14.537641  58.725578
   14.468136  58.725445
   14.457635  58.798256
   14.402431  58.800251
   14.326747  58.835243
   14.370395  58.871223
   14.362399  58.894917
   14.334539  58.900036
   14.308374  58.894119
   14.288151  58.947544
   14.28879  59.012123
   14.297853  59.012218
   14.291297  59.012897
   14.264908  59.015923
   14.261314  59.01738
   14.237977  59.026737
   14.231717  59.029243
   14.224225  59.045464
   14.179966  59.040787
   14.171889  59.042339
   14.168924  59.043804
   14.1689  59.043812
   14.168679  59.0439
   14.16839  59.044006
   14.168242  59.044014
   14.168112  59.044025
   14.167711  59.044071
   14.167398  59.044113
   14.167259  59.044155
   14.167167  59.044186
   14.166976  59.044254
   14.166639  59.044392
   14.166449  59.044476
   14.166282  59.044632
   14.166202  59.044838
   14.166131  59.044979
   14.166008  59.045139
   14.165877  59.045322
   14.165758  59.045471
   14.165751  59.045475
   14.165525  59.045647
   14.165365  59.045784
   14.164991  59.046085
   14.164804  59.046272
   14.164775  59.046295
   14.164703  59.04636
   14.164481  59.04657
   14.164124  59.046883
   14.163943  59.047028
   14.163774  59.047176
   14.163764  59.04718
   14.163598  59.047253
   14.163403  59.047344
   14.163301  59.047394
   14.163075  59.047539
   14.163072  59.047543
   14.163024  59.047573
   14.162881  59.047657
   14.162619  59.047752
   14.162564  59.047775
   14.162381  59.047836
   14.162267  59.047874
   14.162039  59.04792
   14.161839  59.047932
   14.161463  59.047943
   14.161076  59.047947
   14.160325  59.047935
   14.159874  59.047955
   14.159836  59.047962
   14.159482  59.048016
   14.159188  59.048073
   14.158825  59.048126
   14.158481  59.048191
   14.158466  59.048195
   14.158008  59.048309
   14.157718  59.048401
   14.157678  59.048412
   14.157566  59.04845
   14.157075  59.048534
   14.156593  59.04855
   14.155852  59.048599
   14.155823  59.048603
   14.155363  59.048687
   14.154451  59.048851
   14.153133  59.049107
   14.15252  59.049641
   14.151687  59.04985
   14.150983  59.050022
   14.150888  59.050045
   14.150393  59.050186
   14.149767  59.050297
   14.14782  59.050652
   14.147044  59.050793
   14.146461  59.050953
   14.144401  59.051521
   14.143986  59.051685
   14.143074  59.052052
   14.143019  59.052074
   14.142835  59.052147
   14.142162  59.052414
   14.141997  59.052479
   14.141698  59.052406
   14.129798  59.049202
   14.123216  59.049706
   14.119019  59.050026
   14.115721  59.049656
   14.103169  59.048252
   14.099349  59.047825
   14.093555  59.048012
   14.08224  59.048374
   14.07824  59.049404
   14.075006  59.05024
   14.071023  59.04855
   14.069312  59.047825
   14.062891  59.045101
   14.055662  59.044403
   14.04786  59.044842
   14.047626  59.044796
   14.038198  59.042946
   14.037868  59.042583
   14.037754  59.042461
   14.036317  59.04089
   14.036239  59.040802
   14.033089  59.037357
   14.044128  59.028645
   13.987028  59.030884
   13.9765  59.031261
   13.958479  59.031898
   13.953471  59.03228
   13.942771  59.033089
   13.942759  59.033089
   13.58864  59.058708
   13.408046  58.73193
   13.2587  58.715443
   13.137507  58.776184
   13.0158  58.782677
   12.909541  58.828999
   12.795043  59.015263
   12.775045  59.036057
   12.770067  59.044601
   12.772771  59.058331
   12.768351  59.064949
   12.765432  59.080631
   12.769233  59.112801
   12.754961  59.125298
   12.754875  59.126114
   12.755862  59.127876
   12.755261  59.128689
   12.754746  59.130714
   12.752815  59.132565
   12.749352  59.134731
   12.746378  59.136002
   12.742258  59.138577
   12.737924  59.141373
   12.725307  59.145466
   12.714063  59.150703
   12.710458  59.153763
   12.706767  59.157986
   12.695437  59.170723
   12.689944  59.171341
   12.670289  59.178024
   12.668401  59.178047
   12.666684  59.177498
   12.665697  59.177715
   12.663852  59.177299
   12.660504  59.176109
   12.656728  59.176132
   12.654539  59.176243
   12.655526  59.186069
   12.649904  59.186005
   12.634927  59.180862
   12.631107  59.177628
   12.630549  59.176376
   12.628232  59.174812
   12.626387  59.172195
   12.624112  59.171715
   12.624026  59.170589
   12.624584  59.169491
   12.62437  59.168808
   12.624756  59.167206
   12.625185  59.166523
   12.629176  59.16608
   12.630206  59.164234
   12.625726  59.161934
   12.624413  59.160736
   12.622782  59.159306
   12.620722  59.156006
   12.617889  59.153606
   12.619091  59.141659
   12.611023  59.137211
   12.602612  59.133095
   12.597891  59.130123
   12.588664  59.128868
   12.58905  59.12825
   12.590123  59.12748
   12.590767  59.126995
   12.590981  59.126423
   12.590695  59.125652
   12.591239  59.124794
   12.590767  59.124088
   12.591454  59.123581
   12.591033  59.123291
   12.591153  59.123009
   12.590025  59.122021
   12.590209  59.121094
   12.590166  59.120342
   12.589351  59.120277
   12.588707  59.120033
   12.583471  59.11779
   12.581626  59.114395
   12.581841  59.11314
   12.578321  59.11195
   12.575146  59.111774
   12.572657  59.114174
   12.567764  59.114925
   12.563258  59.114948
   12.561112  59.118294
   12.559567  59.119244
   12.55858  59.120564
   12.555362  59.121929
   12.550641  59.122898
   12.549611  59.123844
   12.548924  59.124199
   12.548066  59.124462
   12.547422  59.124573
   12.547422  59.124992
   12.547637  59.125408
   12.547294  59.125717
   12.546774  59.125809
   12.546264  59.125629
   12.545148  59.125607
   12.543989  59.125652
   12.542745  59.125519
   12.541972  59.125694
   12.540856  59.125782
   12.538882  59.125278
   12.517038  59.130695
   12.493821  59.126068
   12.486268  59.127502
   12.4782  59.127613
   12.471462  59.128624
   12.462364  59.130363
   12.457386  59.132103
   12.468415  59.140072
   12.465368  59.141262
   12.462193  59.143066
   12.457901  59.144409
   12.460776  59.152859
   12.46009  59.152618
   12.458845  59.152771
   12.458673  59.153015
   12.458974  59.153454
   12.457844  59.154087
   12.457129  59.154247
   12.456356  59.154202
   12.456014  59.1544
   12.455841  59.154533
   12.45627  59.154884
   12.45584  59.155125
   12.455412  59.15506
   12.454864  59.155373
   12.454437  59.155617
   12.454082  59.156006
   12.453633  59.156258
   12.453101  59.156559
   12.453094  59.156776
   12.452518  59.157097
   12.452191  59.15728
   12.451592  59.15715
   12.451186  59.157383
   12.451421  59.157745
   12.450762  59.158112
   12.450047  59.158295
   12.448717  59.158207
   12.448073  59.158272
   12.44764  59.158535
   12.447387  59.158867
   12.440735  59.160275
   12.435757  59.16111
   12.435111  59.161694
   12.433654  59.162189
   12.431165  59.161617
   12.423011  59.163597
   12.415071  59.169052
   12.419234  59.172195
   12.420382  59.175011
   12.433986  59.175385
   12.44214  59.173557
   12.454542  59.173756
   12.454639  59.174198
   12.455088  59.174393
   12.455412  59.17477
   12.455412  59.175098
   12.455626  59.175472
   12.45627  59.176044
   12.457129  59.176395
   12.457199  59.176994
   12.457558  59.177429
   12.458416  59.178112
   12.459606  59.178616
   12.460507  59.1791
   12.460808  59.180618
   12.462439  59.18174
   12.458662  59.192776
   12.45377  59.193764
   12.451238  59.193699
   12.448491  59.19418
   12.440166  59.194355
   12.438449  59.193413
   12.435531  59.193256
   12.432312  59.193192
   12.429093  59.192905
   12.424587  59.192928
   12.422356  59.192554
   12.420467  59.19207
   12.418407  59.191391
   12.414717  59.190796
   12.414674  59.190025
   12.415017  59.189213
   12.408065  59.186794
   12.395233  59.183563
   12.385835  59.180817
   12.374634  59.178661
   12.366909  59.176792
   12.346996  59.17358
   12.336396  59.175274
   12.334808  59.179077
   12.327856  59.180199
   12.315067  59.188885
   12.315368  59.192818
   12.312793  59.196774
   12.304471  59.198494
   12.297124  59.196404
   12.292077  59.194004
   12.288936  59.191467
   12.282043  59.188293
   12.273718  59.188919
   12.265993  59.19334
   12.260663  59.194553
   12.260397  59.197437
   12.258552  59.198845
   12.258208  59.202538
   12.255951  59.204987
   12.255419  59.2075
   12.255327  59.209225
   12.255093  59.211391
   12.254844  59.212307
   12.254569  59.213055
   12.254569  59.213581
   12.255001  59.214439
   12.254844  59.216328
   12.252887  59.217636
   12.251077  59.218174
   12.249282  59.219082
   12.247685  59.221306
   12.246707  59.224064
   12.24602  59.224915
   12.24499  59.226036
   12.243703  59.228672
   12.244836  59.230076
   12.245196  59.231083
   12.244424  59.231808
   12.244218  59.232239
   12.244201  59.232788
   12.24399  59.233135
   12.243583  59.233753
   12.243016  59.234261
   12.243059  59.234901
   12.242767  59.235123
   12.24239  59.235722
   12.242393  59.235901
   12.242003  59.236557
   12.241591  59.23666
   12.241042  59.236774
   12.240888  59.237156
   12.240998  59.237492
   12.240905  59.237625
   12.240611  59.237728
   12.240493  59.237888
   12.24051  59.238132
   12.240412  59.238262
   12.240235  59.238518
   12.240467  59.238647
   12.24074  59.238834
   12.240639  59.23901
   12.240124  59.239151
   12.239126  59.239178
   12.238965  59.239384
   12.238811  59.240208
   12.239137  59.241383
   12.238424  59.24181
   12.238493  59.242599
   12.238935  59.242867
   12.238877  59.243183
   12.238896  59.243645
   12.239283  59.24419
   12.239686  59.244812
   12.239283  59.245197
   12.239154  59.245647
   12.238811  59.246033
   12.238296  59.248184
   12.239001  59.249081
   12.239051  59.251457
   12.237523  59.254875
   12.235618  59.256985
   12.228554  59.256756
   12.227764  59.26022
   12.214778  59.263584
   12.213173  59.260887
   12.210169  59.259407
   12.208727  59.257511
   12.211808  59.253407
   12.200015  59.251968
   12.185535  59.249912
   12.182892  59.249943
   12.135814  59.252594
   12.128776  59.250546
   12.123308  59.250214
   12.112064  59.254196
   12.10803  59.252705
   12.103138  59.252403
   12.08223  59.257206
   12.083714  59.246319
   12.082727  59.240551
   12.084195  59.227959
   12.084573  59.225231
   12.08847  59.223141
   12.091654  59.216198
   12.091697  59.214947
   12.091757  59.212444
   12.092512  59.212212
   12.093182  59.211941
   12.093473  59.211727
   12.093542  59.211391
   12.093439  59.211071
   12.093413  59.210709
   12.093156  59.210213
   12.09283  59.209785
   12.092898  59.209423
   12.092701  59.208469
   12.09283  59.208118
   12.093173  59.207829
   12.093843  59.207249
   12.09404  59.206852
   12.094074  59.206573
   12.093542  59.205795
   12.093113  59.205563
   12.092984  59.205345
   12.093199  59.205051
   12.093113  59.204784
   12.093242  59.204712
   12.093611  59.204666
   12.093628  59.204433
   12.093671  59.204288
   12.093671  59.203964
   12.093903  59.203358
   12.094126  59.203125
   12.094529  59.202755
   12.094486  59.202599
   12.094143  59.202324
   12.0941  59.202019
   12.094529  59.201294
   12.094332  59.200954
   12.094383  59.200699
   12.094357  59.200283
   12.094787  59.200039
   12.09513  59.199535
   12.095774  59.199314
   12.095645  59.198917
   12.095645  59.198368
   12.099636  59.198215
   12.101205  59.197151
   12.105687  59.196987
   12.107275  59.19659
   12.108348  59.195709
   12.10779  59.194874
   12.105988  59.193401
   12.1044  59.19294
   12.100966  59.190987
   12.095712  59.188976
   12.094701  59.187271
   12.094701  59.186501
   12.094939  59.185196
   12.093413  59.184853
   12.091611  59.184963
   12.089961  59.184624
   12.084702  59.176517
   12.053674  59.188217
   12.048524  59.193073
   12.032431  59.201336
   12.029512  59.212036
   12.018526  59.212894
   12.01329  59.212299
   12.000244  59.220448
   11.988185  59.22438
   11.966641  59.236015
   11.948145  59.249664
   11.94321  59.240517
   11.944969  59.235073
   11.93497  59.229649
   11.929005  59.226006
   11.924651  59.224789
   11.904886  59.222797
   11.896089  59.22385
   11.889265  59.225609
   11.883367  59.226059
   11.869419  59.230541
   11.862681  59.231178
   11.849463  59.233086
   11.826289  59.237827
   11.825088  59.237366
   11.821869  59.236027
   11.814359  59.233021
   11.811955  59.23201
   11.805389  59.227818
   11.801098  59.225491
   11.80054  59.225071
   11.800669  59.224854
   11.80024  59.22472
   11.799896  59.224392
   11.799381  59.224194
   11.799295  59.224018
   11.798995  59.223866
   11.798952  59.223644
   11.799124  59.223515
   11.799038  59.223358
   11.799081  59.223164
   11.798823  59.223007
   11.79878  59.22279
   11.798351  59.222614
   11.798137  59.222527
   11.798094  59.22224
   11.797793  59.221977
   11.797407  59.221603
   11.797321  59.221188
   11.797278  59.220814
   11.797064  59.220417
   11.796721  59.22002
   11.796592  59.219715
   11.796506  59.219471
   11.796377  59.219166
   11.796077  59.218857
   11.795304  59.218441
   11.794489  59.218201
   11.794188  59.217915
   11.793802  59.217541
   11.793373  59.217319
   11.792987  59.216991
   11.792772  59.216572
   11.792644  59.216221
   11.792386  59.215847
   11.791871  59.215477
   11.791442  59.215145
   11.790798  59.214817
   11.790326  59.214508
   11.78994  59.21418
   11.789296  59.21339
   11.788695  59.212666
   11.788223  59.212246
   11.787966  59.211872
   11.787537  59.211281
   11.787279  59.210907
   11.786936  59.210709
   11.786721  59.210468
   11.786421  59.21027
   11.785734  59.210136
   11.785133  59.209721
   11.784618  59.209324
   11.784361  59.208885
   11.784103  59.208511
   11.78376  59.207962
   11.783374  59.207283
   11.783073  59.20647
   11.782859  59.205635
   11.783073  59.205128
   11.783031  59.204338
   11.782902  59.203964
   11.782945  59.202755
   11.782687  59.202339
   11.782258  59.2019
   11.782043  59.201107
   11.782043  59.200623
   11.782258  59.200184
   11.782945  59.199657
   11.783503  59.199196
   11.783631  59.198868
   11.783588  59.198471
   11.782988  59.197613
   11.782687  59.197285
   11.782773  59.196999
   11.783202  59.196602
   11.783846  59.196098
   11.783975  59.195766
   11.783975  59.195393
   11.783846  59.195
   11.783503  59.194866
   11.782945  59.194668
   11.782473  59.19458
   11.782129  59.194317
   11.781872  59.193768
   11.781614  59.193085
   11.780799  59.187901
   11.77655  59.177608
   11.774748  59.170639
   11.775864  59.166569
   11.776078  59.166241
   11.776808  59.165779
   11.776851  59.165581
   11.776507  59.165138
   11.776507  59.1647
   11.776722  59.163467
   11.776679  59.162872
   11.776464  59.160828
   11.776293  59.159397
   11.777151  59.156097
   11.776293  59.145622
   11.777709  59.140297
   11.778095  59.136093
   11.769383  59.126755
   11.766336  59.121162
   11.765118  59.117012
   11.764036  59.114552
   11.764937  59.114552
   11.766139  59.114407
   11.767186  59.114113
   11.767873  59.113834
   11.768328  59.113514
   11.768645  59.113117
   11.769186  59.111454
   11.769512  59.111103
   11.77007  59.110706
   11.771014  59.110252
   11.772448  59.109516
   11.77316  59.10902
   11.773812  59.108448
   11.774276  59.10796
   11.774619  59.107502
   11.775031  59.106918
   11.775306  59.106342
   11.77552  59.10577
   11.775666  59.105122
   11.775804  59.104404
   11.775992  59.103481
   11.776181  59.102951
   11.77655  59.102421
   11.777151  59.101791
   11.777692  59.101387
   11.77831  59.101078
   11.779168  59.100674
   11.780155  59.100197
   11.78067  59.099888
   11.781013  59.099571
   11.781159  59.099247
   11.781125  59.098831
   11.780816  59.098557
   11.780387  59.098278
   11.779752  59.09808
   11.779168  59.097946
   11.778739  59.098
   11.778464  59.098015
   11.778267  59.097958
   11.778121  59.097824
   11.777409  59.097881
   11.777194  59.097881
   11.776894  59.097748
   11.776722  59.097561
   11.776808  59.097427
   11.777057  59.097115
   11.77704  59.096806
   11.776954  59.096615
   11.776696  59.096455
   11.776439  59.096367
   11.776628  59.096161
   11.776782  59.096146
   11.777125  59.096058
   11.777194  59.095955
   11.776911  59.095844
   11.77661  59.095715
   11.776507  59.09549
   11.776559  59.09528
   11.776387  59.094666
   11.776533  59.094212
   11.776782  59.093212
   11.776885  59.092487
   11.776971  59.091694
   11.777022  59.090809
   11.776885  59.089981
   11.776507  59.088711
   11.775889  59.087063
   11.775606  59.086666
   11.775237  59.08638
   11.77455  59.086212
   11.77419  59.086166
   11.774121  59.086079
   11.77389  59.085938
   11.773203  59.085762
   11.772602  59.085651
   11.772456  59.085533
   11.772001  59.085453
   11.77177  59.085312
   11.771718  59.085121
   11.771546  59.084923
   11.771512  59.084606
   11.771358  59.084126
   11.771212  59.084038
   11.771186  59.083847
   11.771014  59.083729
   11.770671  59.083664
   11.770568  59.083496
   11.770207  59.083435
   11.770207  59.083256
   11.770122  59.083199
   11.769881  59.083267
   11.76971  59.083199
   11.769383  59.082966
   11.768894  59.082508
   11.768456  59.082111
   11.768113  59.081787
   11.767856  59.081635
   11.767667  59.081467
   11.767358  59.081348
   11.767152  59.081127
   11.766869  59.081009
   11.766654  59.080818
   11.766354  59.080643
   11.765967  59.080288
   11.765452  59.080112
   11.765349  59.079891
   11.764869  59.079659
   11.764208  59.079243
   11.763976  59.078979
   11.763693  59.078815
   11.763238  59.078472
   11.76286  59.078186
   11.762637  59.0779
   11.762277  59.077679
   11.762062  59.077435
   11.761684  59.077049
   11.761032  59.076584
   11.760689  59.076275
   11.760483  59.076145
   11.760345  59.075981
   11.76026  59.075836
   11.760311  59.075745
   11.760157  59.075615
   11.759942  59.0756
   11.759599  59.075512
   11.759084  59.07515
   11.758672  59.075001
   11.758466  59.074791
   11.758097  59.074657
   11.757985  59.074207
   11.757728  59.074005
   11.757668  59.073898
   11.757367  59.073818
   11.757041  59.073841
   11.756698  59.073765
   11.756423  59.07362
   11.756234  59.073456
   11.756063  59.073299
   11.755633  59.07296
   11.755522  59.072716
   11.755033  59.072311
   11.752707  59.070553
   11.749986  59.068409
   11.74893  59.067806
   11.748029  59.066128
   11.746999  59.065002
   11.746106  59.063892
   11.745574  59.062958
   11.744819  59.06226
   11.744475  59.061962
   11.744175  59.061256
   11.743248  59.059216
   11.743102  59.058918
   11.742776  59.05859
   11.742433  59.058258
   11.742089  59.057949
   11.741789  59.057507
   11.741128  59.056728
   11.740544  59.055992
   11.739755  59.055275
   11.739102  59.054558
   11.738914  59.054153
   11.738193  59.053551
   11.738021  59.053322
   11.737952  59.053024
   11.738193  59.05283
   11.738193  59.05265
   11.738124  59.052505
   11.737823  59.05233
   11.737678  59.052067
   11.737437  59.051918
   11.736991  59.051846
   11.736493  59.051846
   11.73615  59.051579
   11.736339  59.051426
   11.736253  59.051205
   11.736021  59.050755
   11.735678  59.050419
   11.735283  59.050049
   11.734193  59.049286
   11.731592  59.047649
   11.730562  59.046989
   11.730219  59.04657
   11.729429  59.04528
   11.728957  59.044415
   11.72864  59.044052
   11.728039  59.043709
   11.726683  59.043118
   11.724957  59.042362
   11.723953  59.041691
   11.723155  59.041016
   11.722846  59.040646
   11.722631  59.040245
   11.722486  59.03978
   11.722314  59.039261
   11.721627  59.038643
   11.721001  59.038303
   11.719885  59.038055
   11.71931  59.037914
   11.710624  59.033596
   11.705611  59.015381
   11.703843  59.011337
   11.701706  59.006447
   11.687057  58.979198
   11.687743  58.967163
   11.68843  58.959908
   11.689116  58.953445
   11.681392  58.947865
   11.6771  58.943085
   11.674869  58.941845
   11.674354  58.938923
   11.675727  58.934948
   11.674997  58.934883
   11.674233  58.934883
   11.673334  58.934792
   11.672559  58.934734
   11.671672  58.934711
   11.670234  58.934692
   11.669031  58.934658
   11.663367  58.933784
   11.661994  58.932102
   11.662852  58.924572
   11.656672  58.917126
   11.651866  58.914112
   11.64191  58.910389
   11.63058  58.907909
   11.621389  58.90472
   11.612778  58.9025
   11.604167  58.900276
   11.595556  58.898056
   11.585833  58.896667
   11.565005  58.886272
   11.546452  58.892818
   11.538564  58.888012
   11.537967  58.886787
   11.536176  58.885914
   11.533976  58.885818
   11.534453  58.885052
   11.535289  58.884514
   11.538206  58.883366
   11.538786  58.882988
   11.539042  58.882389
   11.539298  58.881313
   11.539281  58.880554
   11.538974  58.880184
   11.538496  58.879841
   11.53853  58.879585
   11.53882  58.878986
   11.538479  58.878658
   11.53783  58.878368
   11.537643  58.877998
   11.537763  58.877556
   11.537373  58.877159
   11.534801  58.878757
   11.534206  58.878826
   11.531016  58.878819
   11.522433  58.879528
   11.51282  58.883789
   11.503894  58.888931
   11.487071  58.899044
   11.476771  58.89727
   11.464412  58.896736
   11.459949  58.902233
   11.457889  58.909149
   11.458232  58.915531
   11.460292  58.921024
   11.461915  58.924004
   11.463382  58.926697
   11.463014  58.93272
   11.460513  58.950504
   11.461322  58.959995
   11.462008  58.965836
   11.462352  58.974506
   11.458575  58.979992
   11.456859  58.986008
   11.461331  58.989403
   11.463382  58.990959
   11.458575  58.99432
   11.450679  59.002102
   11.445872  59.00882
   11.438319  59.016598
   11.430766  59.025082
   11.421496  59.031971
   11.41566  59.036209
   11.411197  59.043274
   11.403987  59.052105
   11.398494  59.058811
   11.397464  59.062874
   11.393001  59.068344
   11.384809  59.071831
   11.378201  59.0788
   11.375196  59.082684
   11.378029  59.089119
   11.368564  59.094494
   11.116799  59.010796
   11.105296  58.999451
   11.098333  58.992779
   11.090833  58.989723
   11.083333  58.986668
   11.075833  58.983612
   11.068333  58.980831
   11.061111  58.977779
   11.053611  58.974724
   11.046111  58.971943
   11.038611  58.968887
   11.032222  58.965
   11.023889  58.962776
   11.016389  58.959721
   11.050838  58.923149
   11.108027  58.837585
   11.040893  58.74044
   11.072004  58.64468
   11.142454  58.481277
   11.156544  58.204868
   11.317167  57.873478
   11.421432  57.642879
   11.717319  57.482533
   11.779314  57.297749
   11.883578  57.024391
   12.182282  56.778522
   12.529819  56.345982
   12.437324  56.236835
   12.500349  56.140808
   12.531946  56.125439
   12.557565  56.111774
   12.572936  56.102379
   12.586599  56.091278
   12.603679  56.079323
   12.620758  56.069077
   12.631005  56.063953
   12.642107  56.057121
   12.649793  56.04858
   12.654916  56.040043
   12.656624  56.027233
   12.659185  56.003323
   12.65577  55.985386
   12.730335  55.918232
   12.740281  55.884815
   12.818852  55.784294
   12.846917  55.699165
   12.895223  55.644165
   12.881361  55.614166
   12.764276  55.535435
   12.715278  55.489193
   12.685372  55.40868
   12.77273  55.280403
   12.876994  55.259022
   13.141884  55.210155
   13.646298  55.252918
   13.916823  55.323166
   14.221163  55.321632
   14.40433  55.365921
END
END
