Relation 54219

1
   17.7362893   58.4344177 
   17.5768576   58.3971392 
   17.1486787   58.5072242 
   17.1472305   58.5211877 
   17.1460813   58.5328637 
   17.1418922   58.5376669 
   17.1305234   58.5504833 
   17.0939022   58.5748857 
   17.0698569   58.5907273 
   17.0377815   58.5903214 
   17.0165912   58.5900816 
   16.9928435   58.5852078 
   16.9722744   58.5809232 
   16.965165    58.5817658 
   16.9426321   58.5844267 
   16.9324017   58.589261  
   16.9187235   58.5958404 
   16.905604    58.5981914 
   16.8900154   58.6009473 
   16.8844015   58.6003479 
   16.862613    58.5980343 
   16.8274575   58.594171  
   16.821912    58.5965717 
   16.8067958   58.6031768 
   16.7963674   58.6077193 
   16.7923008   58.6089477 
   16.7876903   58.6116815 
   16.7699659   58.6189202 
   16.7486436   58.6334893 
   16.7041203   58.6684847 
   16.6881133   58.6810576 
   16.6670127   58.6789803 
   16.6489353   58.6818297 
   16.6479956   58.681449  
   16.6458361   58.6811915 
   16.645513    58.6808892 
   16.6455346   58.6803069 
   16.645793    58.6797807 
   16.6462669   58.6793216 
   16.6455561   58.6791648 
   16.6446729   58.6787169 
   16.6424542   58.6762421 
   16.6390939   58.675447  
   16.6385123   58.675671  
   16.6383615   58.6762645 
   16.6370691   58.6780786 
   16.6360782   58.6792432 
   16.6357766   58.680139  
   16.6360136   58.6812251 
   16.6345273   58.682132  
   16.636789    58.6833524 
   16.6371122   58.6837331 
   16.6369398   58.6847183 
   16.6370441   58.6849472 
   16.6348564   58.6856408 
   16.6326369   58.685082  
   16.6295738   58.6863761 
   16.6291645   58.6882121 
   16.6282383   58.6897681 
   16.6210652   58.690977  
   16.620419    58.6900256 
   16.6178884   58.6900399 
   16.6178014   58.6907294 
   16.6146995   58.6916894 
   16.6072964   58.6939423 
   16.6004551   58.6951153 
   16.5843255   58.6977835 
   16.5768638   58.6976671 
   16.5588902   58.6973806 
   16.5575978   58.6967718 
   16.5485852   58.6990369 
   16.5415543   58.7008722 
   16.5339323   58.7001058 
   16.5211769   58.6988444 
   16.510385    58.6977812 
   16.5020703   58.6974119 
   16.4867525   58.6968107 
   16.474886    58.6963375 
   16.465938    58.6974858 
   16.4630601   58.6987325 
   16.4619702   58.6986788 
   16.4607811   58.6978909 
   16.455215    58.6977298 
   16.452027    58.6981864 
   16.4366166   58.6975846 
   16.4269017   58.6971376 
   16.4267954   58.6982882 
   16.4176406   58.7030106 
   16.4089875   58.7036142 
   16.4060848   58.7038832 
   16.3992212   58.7018501 
   16.3982602   58.7022827 
   16.3971186   58.7026407 
   16.3954169   58.7028198 
   16.3944906   58.7026295 
   16.3935859   58.7027079 
   16.3920134   58.7026407 
   16.3908502   58.7030883 
   16.3886746   58.7034128 
   16.3876191   58.7036702 
   16.385702    58.7035919 
   16.3852066   58.7047779 
   16.3839357   58.7055947 
   16.3810708   58.7062549 
   16.3785505   58.7076647 
   16.3770858   58.7081681 
   16.3775597   58.7097456 
   16.3766334   58.712878  
   16.3739624   58.7214124 
   16.3722176   58.7270263 
   16.3729069   58.7271269 
   16.3739408   58.726948  
   16.3750179   58.7272164 
   16.376138    58.7273394 
   16.3778397   58.7273058 
   16.3771073   58.7281221 
   16.376698    58.7289383 
   16.3766334   58.7297658 
   16.3723253   58.7311187 
   16.3732515   58.733433  
   16.3706451   58.7342939 
   16.3722607   58.7368316 
   16.3745009   58.7399615 
   16.3744363   58.7403751 
   16.3699127   58.7412582 
   16.3690511   58.748981  
   16.3686418   58.7529702 
   16.3644414   58.7556183 
   16.3592932   58.7588583 
   16.3475259   58.7661732 
   16.3458767   58.7653562 
   16.3430656   58.7657276 
   16.3425702   58.7665207 
   16.3430441   58.7677716 
   16.3409762   58.7692124 
   16.3383267   58.7702734 
   16.3380898   58.7708988 
   16.3387791   58.7714795 
   16.3383267   58.7719263 
   16.3335662   58.7752429 
   16.3272979   58.7795864 
   16.3220635   58.7756672 
   16.314632    58.7732328 
   16.3081267   58.7721608 
   16.3070991   58.7716478 
   16.3067265   58.7712562 
   16.305908    58.7704409 
   16.3062311   58.7702734 
   16.3061019   58.7698602 
   16.3057141   58.7697932 
   16.3050895   58.7690449 
   16.3048741   58.7683859 
   16.3024184   58.771446  
   16.2955469   58.7757789 
   16.3007167   58.7795641 
   16.3038401   58.7819757 
   16.3063388   58.7838401 
   16.3084627   58.785453  
   16.3061551   58.7866545 
   16.3074158   58.7866645 
   16.3102377   58.7914195 
   16.3093114   58.791933  
   16.3086437   58.7928593 
   16.307222    58.7938415 
   16.306145    58.7941428 
   16.3044863   58.7950691 
   16.3017291   58.7955155 
   16.3007598   58.7951584 
   16.2975502   58.7964306 
   16.2959347   58.7983501 
   16.2912604   58.7999346 
   16.2892786   58.8006711 
   16.2821487   58.8094071 
   16.2793484   58.812787  
   16.2782929   58.8140921 
   16.2739632   58.8193118 
   16.2689173   58.8254925 
   16.2632575   58.8323131 
   16.2380016   58.8356993 
   16.21988     58.8382491 
   16.215868    58.8377614 
   16.2123946   58.8335542 
   16.21053     58.8347986 
   16.2041943   58.835806  
   16.2030096   58.8356737 
   16.2013402   58.8360778 
   16.1998862   58.8370113 
   16.1989707   58.8370949 
   16.1982168   58.8379588 
   16.1971042   58.8387449 
   16.1965743   58.8389619 
   16.1957934   58.8388087 
   16.1936932   58.8388505 
   16.1915392   58.8390177 
   16.1924816   58.843434  
   16.1913507   58.8463872 
   16.1855347   58.8498555 
   16.1856963   58.8513598 
   16.1820343   58.8540059 
   16.1788032   58.8548694 
   16.1804188   58.855886  
   16.1820882   58.8569443 
   16.1810919   58.8577102 
   16.1802034   58.8584482 
   16.1762722   58.8602723 
   16.1726372   58.8617761 
   16.1691369   58.8623191 
   16.1662289   58.8632241 
   16.1634555   58.8644354 
   16.1547559   58.868479  
   16.1505042   58.8702684 
   16.1488079   58.8712149 
   16.1457922   58.8737621 
   16.1445267   58.8746529 
   16.1437727   58.8750426 
   16.1399762   58.8759612 
   16.1379029   58.8766153 
   16.1356142   58.8767823 
   16.1271326   58.8796074 
   16.1241177   58.8806892 
   16.1224226   58.8810995 
   16.1196116   58.8817316 
   16.1178521   58.8834172 
   16.1161355   58.884149  
   16.1121444   58.8853244 
   16.1094962   58.8858831 
   16.108096    58.8852848 
   16.102307    58.885744  
   16.1021723   58.8881788 
   16.1023608   58.8892779 
   16.1019839   58.8905857 
   16.1025224   58.8916151 
   16.1018223   58.8923802 
   16.1000721   58.8942165 
   16.0996144   58.8972071 
   16.0992879   58.8988184 
   16.0981065   58.8995437 
   16.0924252   58.9014213 
   16.0909443   58.9020889 
   16.0876593   58.9039941 
   16.0942831   58.9037299 
   16.0938253   58.9055794 
   16.0887363   58.9080963 
   16.0888441   58.9097648 
   16.0887902   58.9105991 
   16.0905942   58.9120867 
   16.0858014   58.9137829 
   16.0838897   58.915048  
   16.081251    58.9173835 
   16.0816279   58.91787   
   16.0811163   58.9184955 
   16.0821664   58.9195798 
   16.0727693   58.921762  
   16.0670611   58.9230546 
   16.065984    58.9229156 
   16.0626721   58.9238191 
   16.0611104   58.9245279 
   16.0545675   58.9271545 
   16.0526019   58.9274464 
   16.0454396   58.9277382 
   16.0365272   58.9278494 
   16.0261338   58.9300589 
   16.0132039   58.9330055 
   15.9942683   58.9372297 
   15.9773945   58.9435112 
   15.9502452   58.9534122 
   15.939112    58.9560932 
   15.9365824   58.9571929 
   15.9301875   58.9606857 
   15.9285005   58.9609945 
   15.911394    58.9624885 
   15.8925985   58.9756043 
   15.8912349   58.9763611 
   15.8826018   58.9791559 
   15.8830057   58.9809078 
   15.8836451   58.9829543 
   15.8832599   58.9875573 
   15.8787648   58.9902551 
   15.8754328   58.9893708 
   15.8655779   58.9906713 
   15.8685263   58.9948221 
   15.8720805   58.9995514 
   15.8606909   59.0052923 
   15.845747    59.0134305 
   15.8429198   59.0149692 
   15.8227726   59.0180949 
   15.8205521   59.0183802 
   15.8152702   59.0186724 
   15.8091403   59.0139147 
   15.8073169   59.012427  
   15.8068282   59.0113151 
   15.8067561   59.0101835 
   15.8067318   59.0074529 
   15.8069136   59.0056275 
   15.8066241   59.0045328 
   15.8066985   59.0026843 
   15.8059029   59.0020362 
   15.80517     59.0012364 
   15.79557     58.9942186 
   15.7845837   58.9873206 
   15.7816655   58.9828981 
   15.7811505   58.9690962 
   15.7775456   58.9656448 
   15.7725674   58.9637863 
   15.7629544   58.9618391 
   15.765186    58.9577674 
   15.7512814   58.9536067 
   15.7514531   58.9589182 
   15.74184     58.9687422 
   15.7342869   58.9764402 
   15.732742    58.9810405 
   15.7248455   58.986613  
   15.7224423   58.9886473 
   15.7179791   58.9885588 
   15.7092244   58.9869668 
   15.7081944   58.986613  
   15.7071644   58.9855517 
   15.7054478   58.9851094 
   15.7027012   58.9846672 
   15.6944615   58.9855517 
   15.6910283   58.9865246 
   15.6908566   58.9834288 
   15.6908566   58.9822789 
   15.6831318   58.9714854 
   15.6633908   58.9729896 
   15.6453663   58.9723702 
   15.63541     58.9807751 
   15.6321484   58.982102  
   15.6292302   58.9833404 
   15.6110341   58.9702466 
   15.601936    58.9678573 
   15.5983311   58.9649368 
   15.5833966   58.9362502 
   15.5665353   58.9122514 
   15.5236601   58.8767192 
   15.4400757   58.8779009 
   15.4153836   58.8074612 
   15.4139625   58.8070599 
   15.4121189   58.8087172 
   15.3874474   58.8609877 
   15.3392997   58.848316  
   15.2474997   58.8760896 
   15.220953    58.8429104 
   15.2186757   58.8426774 
   15.1883247   58.8343873 
   15.1221762   58.7805023 
   15.1192516   58.7805625 
   15.0499057   58.7657076 
   15.0283634   58.7288746 
   14.9396243   58.7001329 
   14.9427979   58.6941378 
   14.9362147   58.6947395 
   14.9340203   58.6960064 
   14.9328012   58.6963746 
   14.9292581   58.6968101 
   14.897569    58.6886824 
   14.8587776   58.6786029 
   14.8515829   58.6767419 
   14.8422201   58.6742827 
   14.8241772   58.6695288 
   14.8153996   58.667272  
   14.8084994   58.6654462 
   14.8063538   58.6647868 
   14.8051113   58.6639119 
   14.8065119   58.6627001 
   14.7928339   58.6538771 
   14.7787389   58.644882  
   14.7717269   58.649351  
   14.7518614   58.6638745 
   14.7150176   58.6875949 
   14.7105358   58.6900336 
   14.7094995   58.6907147 
   14.7088534   58.6908825 
   14.7078293   58.6921876 
   14.7071223   58.6921622 
   14.7050498   58.6925803 
   14.7025871   58.69424   
   14.7028066   58.6952536 
   14.7034405   58.696267  
   14.7024652   58.696305  
   14.6997588   58.6961277 
   14.6989786   58.6963557 
   14.6988567   58.6972172 
   14.698052    58.6977872 
   14.6982715   58.6991173 
   14.699198    58.6995607 
   14.6991005   58.699928  
   14.698881    58.7002194 
   14.6993687   58.70065   
   14.6987104   58.7009414 
   14.6982959   58.701182  
   14.698052    58.7018534 
   14.6973937   58.7030186 
   14.6974913   58.7042979 
   14.6959552   58.7046778 
   14.6956382   58.7053871 
   14.6949311   58.7056151 
   14.6953944   58.7062736 
   14.6940046   58.7076034 
   14.6930049   58.7085532 
   14.692566    58.7097689 
   14.6917127   58.7104148 
   14.6917127   58.7109213 
   14.6892988   58.7123775 
   14.6897621   58.7129853 
   14.6917614   58.7146694 
   14.6917614   58.7152771 
   14.6906398   58.7162521 
   14.6895183   58.7164926 
   14.690201    58.717784  
   14.690396    58.7183537 
   14.692371    58.7196198 
   14.6937364   58.7197084 
   14.6938339   58.720392  
   14.6949799   58.7208224 
   14.6952969   58.7214301 
   14.6950043   58.7226833 
   14.693712    58.7242277 
   14.6932487   58.7252909 
   14.6923466   58.7262023 
   14.6921272   58.7276326 
   14.6918428   58.7322284 
   14.6918059   58.7328251 
   14.6915908   58.7363015 
   14.6911519   58.7422104 
   14.6864327   58.7426482 
   14.6810452   58.743148  
   14.6250888   58.7464529 
   14.6221446   58.7333617 
   14.6260363   58.697364  
   14.546251    58.6980172 
   14.5376409   58.7255802 
   14.468136    58.7254429 
   14.4576349   58.7982553 
   14.4024312   58.8002526 
   14.3267467   58.8352446 
   14.3703947   58.8712242 
   14.3623989   58.8949172 
   14.334539    58.9000373 
   14.308374    58.8941183 
   14.2881509   58.9475435 
   14.2887898   59.0121221 
   14.2978523   59.0122202 
   14.2912971   59.0128971 
   14.2649078   59.0159227 
   14.2613145   59.0173795 
   14.2379771   59.0267362 
   14.2317167   59.0292446 
   14.2242255   59.0454644 
   14.1799659   59.0407866 
   14.171889    59.0423375 
   14.1689245   59.0438024 
   14.1688991   59.0438123 
   14.1686791   59.0438983 
   14.1683902   59.0440045 
   14.1682422   59.0440156 
   14.1681115   59.0440254 
   14.1677114   59.0440729 
   14.1673985   59.0441126 
   14.1672591   59.0441556 
   14.1671664   59.0441841 
   14.1669764   59.0442561 
   14.166639    59.0443914 
   14.1664484   59.0444758 
   14.1662815   59.0446331 
   14.1662013   59.0448361 
   14.1661313   59.0449807 
   14.1660082   59.0451391 
   14.1658769   59.0453224 
   14.1657578   59.0454718 
   14.1657516   59.0454765 
   14.1655257   59.0456485 
   14.1653654   59.0457848 
   14.164991    59.0460871 
   14.1648045   59.0462709 
   14.1647751   59.046297  
   14.1647031   59.0463607 
   14.1644811   59.0465716 
   14.1641244   59.0468832 
   14.1639434   59.0470267 
   14.1637734   59.0471752 
   14.1637639   59.0471795 
   14.1635981   59.0472543 
   14.1634027   59.047346  
   14.1633012   59.0473937 
   14.1630759   59.047539  
   14.1630717   59.0475418 
   14.163024    59.0475737 
   14.1628808   59.0476564 
   14.1626183   59.0477542 
   14.1625639   59.0477745 
   14.1623809   59.0478348 
   14.1622663   59.047876  
   14.1620389   59.0479218 
   14.1618394   59.0479332 
   14.1614626   59.0479422 
   14.161076    59.0479463 
   14.1603246   59.0479368 
   14.1598739   59.0479548 
   14.1598355   59.0479606 
   14.1594821   59.0480137 
   14.159188    59.0480714 
   14.1588245   59.0481256 
   14.1584808   59.0481928 
   14.1584667   59.0481962 
   14.1580073   59.0483089 
   14.1577181   59.048401  
   14.1576781   59.0484137 
   14.1575665   59.0484492 
   14.1570749   59.0485344 
   14.156593    59.0485499 
   14.1558525   59.0485996 
   14.1558224   59.0486016 
   14.1553627   59.0486876 
   14.1544511   59.0488516 
   14.1531338   59.0491055 
   14.1525206   59.0496419 
   14.1516869   59.04985   
   14.1509829   59.0500229 
   14.1508887   59.0500461 
   14.1503933   59.0501851 
   14.1497666   59.0502982 
   14.1478204   59.0506504 
   14.1470444   59.0507908 
   14.1464604   59.0509521 
   14.1444005   59.0515211 
   14.1439853   59.0516869 
   14.1430738   59.0520509 
   14.1430189   59.0520728 
   14.1428349   59.0521463 
   14.1421622   59.0524149 
   14.1419978   59.0524806 
   14.1416976   59.0524077 
   14.1297978   59.0492004 
   14.1232158   59.0497046 
   14.1190187   59.0500259 
   14.115721    59.0496568 
   14.1031694   59.0482512 
   14.0993487   59.0478231 
   14.0935552   59.0480099 
   14.0822404   59.0483739 
   14.0782402   59.049405  
   14.0750064   59.0502384 
   14.0710231   59.0485492 
   14.069312    59.0478235 
   14.0628914   59.0451    
   14.055662    59.0444016 
   14.0478598   59.0448416 
   14.0476251   59.0447956 
   14.0381974   59.0429452 
   14.0378682   59.0425851 
   14.037754    59.0424603 
   14.0363173   59.0408885 
   14.0362389   59.0408027 
   14.033089    59.0373563 
   14.0441285   59.0286454 
   13.9870278   59.0308826 
   13.9764998   59.0312621 
   13.9584788   59.0318993 
   13.9534716   59.0322782 
   13.9427708   59.0330871 
   13.9427581   59.0330881 
   13.5886403   59.0587071 
   13.4080454   58.7319282 
   13.2587      58.7154409 
   13.1375071   58.7761826 
   13.0157992   58.782678  
   12.9095408   58.8290002 
   12.7950426   59.0152622 
   12.7750456   59.0360577 
   12.7700674   59.0446015 
   12.7727711   59.058329  
   12.7683508   59.0649481 
   12.7654326   59.0806301 
   12.7692327   59.1128008 
   12.7549612   59.1252989 
   12.7548754   59.1261137 
   12.7558624   59.1278754 
   12.7552616   59.1286902 
   12.7547466   59.130716  
   12.7528154   59.1325655 
   12.7493529   59.1347329 
   12.7463781   59.1360002 
   12.7422583   59.1385759 
   12.7379238   59.1413716 
   12.7253067   59.1454656 
   12.7140629   59.1507035 
   12.710458    59.1537622 
   12.7067673   59.1579867 
   12.6954376   59.1707232 
   12.6899445   59.1713391 
   12.6702892   59.1780242 
   12.668401    59.1780462 
   12.6666843   59.1774965 
   12.6656973   59.1777164 
   12.6638519   59.1772986 
   12.6605045   59.1761112 
   12.656728    59.1761332 
   12.6545393   59.1762431 
   12.6555264   59.1860711 
   12.6499044   59.1860052 
   12.634927    59.1808607 
   12.6311075   59.1776285 
   12.6305496   59.1763751 
   12.6282322   59.1748138 
   12.6263868   59.1721968 
   12.6241123   59.1717129 
   12.6240265   59.1705913 
   12.6245844   59.1694916 
   12.6243698   59.1688098 
   12.6247561   59.1672041 
   12.6251852   59.1665223 
   12.6291763   59.1660823 
   12.6302063   59.1642346 
   12.6257255   59.1619338 
   12.6244127   59.1607368 
   12.622782    59.1593068 
   12.620722    59.1560065 
   12.6178896   59.1536082 
   12.6190912   59.1416577 
   12.6110231   59.137211  
   12.6026117   59.133094  
   12.5978911   59.1301215 
   12.5886643   59.1288663 
   12.5890505   59.1282498 
   12.5901234   59.127479  
   12.5907671   59.1269946 
   12.5909817   59.126422  
   12.5906949   59.1256535 
   12.5912392   59.1247924 
   12.5907671   59.1240876 
   12.5914537   59.1235811 
   12.5910333   59.1232909 
   12.5911533   59.1230085 
   12.5900246   59.1220212 
   12.5902092   59.1210923 
   12.5901663   59.1203434 
   12.5893509   59.1202774 
   12.5887072   59.1200351 
   12.5834715   59.1177884 
   12.5816261   59.114396  
   12.5818407   59.1131403 
   12.5783217   59.1119506 
   12.5751459   59.1117744 
   12.5726568   59.1141757 
   12.5677645   59.1149247 
   12.5632584   59.1149467 
   12.5611126   59.118295  
   12.5595676   59.1192421 
   12.5585806   59.1205637 
   12.5553619   59.1219293 
   12.5506413   59.1228983 
   12.5496113   59.1238454 
   12.5489246   59.1241977 
   12.5480663   59.124462  
   12.5474226   59.1245721 
   12.5474226   59.1249906 
   12.5476372   59.125409  
   12.5472939   59.1257173 
   12.5467743   59.1258088 
   12.5462639   59.1256292 
   12.5451481   59.1256072 
   12.5439894   59.1256512 
   12.5427448   59.1255191 
   12.5419724   59.1256953 
   12.5408566   59.1257834 
   12.5388825   59.1252769 
   12.5170385   59.130694  
   12.4938213   59.1260697 
   12.4862682   59.1275011 
   12.4782002   59.1276112 
   12.4714624   59.1286241 
   12.4623644   59.1303637 
   12.4573862   59.1321032 
   12.4684155   59.1400728 
   12.4653685   59.1412615 
   12.4621927   59.1430665 
   12.4579012   59.1444091 
   12.4607765   59.15286   
   12.4600899   59.1526179 
   12.4588453   59.152772  
   12.4586737   59.153014  
   12.4589741   59.1534541 
   12.457844    59.1540855 
   12.4571287   59.1542463 
   12.4563562   59.1542023 
   12.4560135   59.1544006 
   12.4558413   59.1545323 
   12.4562704   59.1548844 
   12.45584     59.1551258 
   12.4554121   59.1550604 
   12.4548637   59.1553728 
   12.4544369   59.1556159 
   12.4540817   59.1560065 
   12.4536332   59.1562595 
   12.4531012   59.1565596 
   12.4530947   59.1567766 
   12.4525183   59.157098  
   12.4521917   59.1572801 
   12.4515926   59.1571507 
   12.4511861   59.1573834 
   12.451421    59.1577447 
   12.4507618   59.1581115 
   12.4500477   59.1582948 
   12.4487173   59.1582067 
   12.4480736   59.1582728 
   12.44764     59.1585349 
   12.4473869   59.1588668 
   12.4407351   59.1602748 
   12.4357569   59.1611108 
   12.4351111   59.1616947 
   12.433654    59.1621888 
   12.4311649   59.1616168 
   12.423011    59.1635967 
   12.4150717   59.1690517 
   12.4192345   59.1721968 
   12.4203816   59.1750101 
   12.4339857   59.1753839 
   12.4421396   59.1735587 
   12.4545422   59.1737566 
   12.4546396   59.174198  
   12.4550875   59.1743917 
   12.4554121   59.1747698 
   12.4554121   59.1750996 
   12.4556267   59.1754735 
   12.4562704   59.1760452 
   12.4571287   59.1763971 
   12.4571995   59.176994  
   12.4575579   59.1774306 
   12.4584162   59.1781122 
   12.4596062   59.1786164 
   12.4605074   59.1791001 
   12.4608078   59.1806172 
   12.4624386   59.1817386 
   12.458662    59.1927739 
   12.4537697   59.1937629 
   12.4512377   59.193697  
   12.4484911   59.1941805 
   12.4401655   59.1943563 
   12.4384489   59.1934113 
   12.4355307   59.1932574 
   12.432312    59.1931915 
   12.4290934   59.1929057 
   12.4245873   59.1929277 
   12.4223557   59.1925541 
   12.4204674   59.1920705 
   12.4184075   59.1913892 
   12.4147167   59.1907957 
   12.4146738   59.1900264 
   12.4150171   59.1892131 
   12.4080649   59.186795  
   12.3952332   59.1835634 
   12.3858347   59.1808151 
   12.3746338   59.1786603 
   12.366909    59.1767913 
   12.3469963   59.1735807 
   12.3363962   59.175274  
   12.3348084   59.1790781 
   12.3278561   59.1801995 
   12.3150673   59.1888833 
   12.3153677   59.1928178 
   12.3127928   59.1967738 
   12.3044713   59.1984929 
   12.2971242   59.1964052 
   12.2920774   59.1940052 
   12.288936    59.1914688 
   12.2820438   59.1882948 
   12.2737182   59.1889191 
   12.2659934   59.1933415 
   12.2606633   59.1945547 
   12.2603973   59.1974381 
   12.2585519   59.1988445 
   12.2582086   59.2025362 
   12.2559512   59.2049883 
   12.2554191   59.2075017 
   12.2553271   59.2092239 
   12.2550929   59.2113901 
   12.254844    59.2123083 
   12.2545694   59.2130552 
   12.2545694   59.2135823 
   12.2550008   59.214439  
   12.254844    59.216328  
   12.2528871   59.217637  
   12.2510764   59.218173  
   12.2492822   59.2190821 
   12.2476857   59.2213046 
   12.2467073   59.2240628 
   12.2460206   59.2249148 
   12.2449907   59.2260347 
   12.2437032   59.2286739 
   12.2448358   59.2300775 
   12.2451967   59.2310846 
   12.2444242   59.2318091 
   12.2442182   59.2322393 
   12.244201    59.2327882 
   12.2439896   59.2331355 
   12.243583    59.2337541 
   12.2430166   59.234259  
   12.2430595   59.2349    
   12.242767    59.2351209 
   12.24239     59.235721  
   12.242393    59.2359019 
   12.2420038   59.2365552 
   12.2415918   59.2366605 
   12.2410425   59.2367747 
   12.240888    59.2371566 
   12.240998    59.2374902 
   12.2409051   59.2376264 
   12.240611    59.2377269 
   12.2404931   59.2378898 
   12.2405103   59.2381312 
   12.2404114   59.2382637 
   12.2402356   59.2385175 
   12.2404674   59.2386492 
   12.2407398   59.2388359 
   12.240639    59.2390092 
   12.2401241   59.2391497 
   12.239126    59.2391773 
   12.2389654   59.2393824 
   12.2388109   59.2402076 
   12.239137    59.2413841 
   12.2384246   59.2418098 
   12.2384933   59.2425999 
   12.2389347   59.2428651 
   12.2388776   59.2431835 
   12.2388967   59.2436446 
   12.2392829   59.2441889 
   12.2396863   59.2448121 
   12.2392829   59.2451984 
   12.2391542   59.2456461 
   12.2388109   59.2460323 
   12.2382959   59.2481828 
   12.2390014   59.2490824 
   12.2390512   59.2514566 
   12.2375234   59.2548749 
   12.235618    59.2569854 
   12.2285541   59.2567573 
   12.2277644   59.2602189 
   12.2147783   59.2635837 
   12.2131732   59.2608857 
   12.2101692   59.2594073 
   12.2087272   59.2575119 
   12.2118085   59.253405  
   12.2000154   59.2519701 
   12.1855357   59.2499119 
   12.1828922   59.2499426 
   12.135814    59.2525932 
   12.1287759   59.2505439 
   12.1233085   59.2502147 
   12.1120647   59.2541948 
   12.1080306   59.2527029 
   12.1031383   59.2524045 
   12.0822299   59.2572048 
   12.0837148   59.2463176 
   12.0827277   59.24055   
   12.0841955   59.2279581 
   12.0845731   59.225231  
   12.0884698   59.2231405 
   12.0916541   59.2161962 
   12.0916971   59.2149486 
   12.0917571   59.2124445 
   12.0925124   59.2122117 
   12.0931819   59.2119393 
   12.0934738   59.2117284 
   12.0935424   59.2113901 
   12.0934394   59.2110694 
   12.0934137   59.2107091 
   12.0931562   59.2102126 
   12.09283     59.2097864 
   12.0928987   59.2094218 
   12.0927013   59.2084683 
   12.09283     59.2081168 
   12.0931733   59.2078268 
   12.0938428   59.2072468 
   12.0940402   59.2068514 
   12.0940746   59.2065745 
   12.0935424   59.2057968 
   12.0931133   59.2055639 
   12.0929845   59.2053442 
   12.0931991   59.2050498 
   12.0931133   59.2047861 
   12.093242    59.2047114 
   12.0936111   59.2046675 
   12.0936282   59.2044346 
   12.0936712   59.2042896 
   12.0936712   59.2039644 
   12.0939029   59.2033579 
   12.0941261   59.203125  
   12.0945295   59.2027559 
   12.0944866   59.2025977 
   12.0941432   59.2023252 
   12.0941003   59.2020176 
   12.0945295   59.2012925 
   12.0943321   59.2009541 
   12.0943836   59.2006992 
   12.0943578   59.2002817 
   12.094787    59.20004   
   12.0951303   59.1995345 
   12.095774    59.1993148 
   12.0956453   59.1989192 
   12.0956453   59.1983699 
   12.0996364   59.198216  
   12.1012052   59.1971522 
   12.1056875   59.1969854 
   12.1072753   59.1965898 
   12.1083482   59.1957107 
   12.1077903   59.1948756 
   12.1059879   59.193403  
   12.1044      59.1929415 
   12.1009668   59.1909853 
   12.095712    59.188976  
   12.0947011   59.1872704 
   12.0947011   59.186501  
   12.0949395   59.185195  
   12.0934137   59.1848522 
   12.0916112   59.1849622 
   12.0899614   59.1846234 
   12.0847019   59.1765192 
   12.0536741   59.1882157 
   12.0485242   59.1930733 
   12.032431    59.2013364 
   12.0295127   59.2120359 
   12.0185264   59.2128926 
   12.0132907   59.2122995 
   12.0002445   59.2204481 
   11.9881852   59.224379  
   11.9666417   59.2360152 
   11.9481452   59.2496662 
   11.94321     59.2405149 
   11.9449695   59.2350713 
   11.9349702   59.2296487 
   11.929005    59.2260039 
   11.9246515   59.2247872 
   11.9048866   59.2227979 
   11.8960889   59.223852  
   11.8892654   59.2256087 
   11.8833669   59.2260608 
   11.8694194   59.2305399 
   11.8626817   59.2311765 
   11.8494638   59.2330865 
   11.8262895   59.2378281 
   11.8274673   59.2384078 
   11.8284114   59.2390663 
   11.8290122   59.2398784 
   11.8295272   59.2407563 
   11.8297418   59.2414367 
   11.8298276   59.2422707 
   11.8260511   59.2652857 
   11.820515    59.3049384 
   11.821502    59.3117289 
   11.8180688   59.332727  
   11.8161805   59.3447638 
   11.8081554   59.3541059 
   11.7898734   59.3712517 
   11.7897876   59.3720826 
   11.7903026   59.3723887 
   11.7916759   59.3732413 
   11.7922767   59.3738972 
   11.7916759   59.3745749 
   11.7799171   59.3864658 
   11.7775567   59.3981559 
   11.7744239   59.4143406 
   11.761206    59.4287059 
   11.7600902   59.4576364 
   11.7572442   59.4679497 
   11.7529526   59.4800693 
   11.7503777   59.4846894 
   11.7457429   59.4924461 
   11.741108    59.4976743 
   11.737273    59.5019388 
   11.7286746   59.5110732 
   11.7263225   59.515833  
   11.7238225   59.5213491 
   11.718784    59.5313728 
   11.7155023   59.5387978 
   11.7117475   59.5463549 
   11.7078145   59.5548794 
   11.7047975   59.5609302 
   11.7036762   59.5633769 
   11.6980109   59.5755035 
   11.6913062   59.5896641 
   11.6948718   59.6003428 
   11.6979014   59.6087501 
   11.7151439   59.6212511 
   11.720718    59.6255116 
   11.7370921   59.6303518 
   11.7529302   59.634957  
   11.764167    59.638333  
   11.7722779   59.6407666 
   11.7791246   59.6429254 
   11.7902083   59.6437668 
   11.8173825   59.6456361 
   11.843138    59.6474225 
   11.8554162   59.6483068 
   11.8623744   59.6527136 
   11.8701524   59.6627366 
   11.8751237   59.6723689 
   11.8780944   59.6831557 
   11.8893871   59.6933385 
   11.9322702   59.6944438 
   11.9408855   59.6950126 
   11.942773    59.6980609 
   11.9446069   59.6982292 
   11.9459822   59.7006894 
   11.9425646   59.7004161 
   11.9383552   59.6996381 
   11.9372715   59.7005633 
   11.9378967   59.7018669 
   11.9371623   59.7025009 
   11.9380634   59.7047054 
   11.9367297   59.7067657 
   11.93773     59.7072283 
   11.937605    59.7083214 
   11.9359795   59.7092674 
   11.9361462   59.7096669 
   11.9336456   59.7103185 
   11.9341457   59.711811  
   11.9355628   59.7120422 
   11.9361066   59.7130062 
   11.9361462   59.7139129 
   11.936313    59.7154683 
   11.9370087   59.7174829 
   11.9365229   59.7232065 
   11.9361879   59.7262488 
   11.9379384   59.7278876 
   11.9373011   59.7288396 
   11.9323952   59.7302407 
   11.9334809   59.7308759 
   11.9333538   59.7317532 
   11.9324369   59.733917  
   11.9336456   59.7348622 
   11.9323836   59.736013  
   11.9334789   59.7374248 
   11.9331064   59.7395792 
   11.9293824   59.741828  
   11.9255634   59.7460532 
   11.9230177   59.7508438 
   11.9249349   59.7516206 
   11.9248932   59.7522295 
   11.9252266   59.7531952 
   11.9288526   59.7549167 
   11.9324369   59.7575198 
   11.9337706   59.7597658 
   11.9333704   59.7610307 
   11.928936    59.7620746 
   11.9292694   59.7629142 
   11.9322285   59.763124  
   11.932687    59.7639426 
   11.9317701   59.7644882 
   11.9325203   59.7658314 
   11.9328537   59.7671955 
   11.9318117   59.7683916 
   11.9321868   59.7702382 
   11.9308115   59.7701123 
   11.930658    59.7714236 
   11.9316934   59.7733031 
   11.9301709   59.7765082 
   11.9274668   59.7811216 
   11.9260081   59.7868897 
   11.9270184   59.7901152 
   11.9263103   59.7936686 
   11.9204106   59.7965881 
   11.9197251   59.7971912 
   11.9181831   59.7978201 
   11.9160158   59.7983862 
   11.9095557   59.8022856 
   11.9084513   59.8042614 
   11.9059951   59.8069495 
   11.9059505   59.8092315 
   11.904249    59.8117785 
   11.89887     59.8137079 
   11.8952215   59.8158564 
   11.8923948   59.8179541 
   11.890316    59.8210682 
   11.8859075   59.8239818 
   11.881496    59.826241  
   11.8757978   59.8287071 
   11.8702976   59.8284684 
   11.8630552   59.8298201 
   11.8588842   59.8292538 
   11.8537229   59.8300402 
   11.8517282   59.8319406 
   11.8475448   59.8343274 
   11.8420456   59.8380372 
   11.8413678   59.8395357 
   11.8401965   59.8404422 
   11.8406743   59.8414406 
   11.8443869   59.8420872 
   11.8511812   59.844275  
   11.8534198   59.8440505 
   11.859491    59.8467279 
   11.8645956   59.8475627 
   11.8778336   59.8532665 
   11.8849472   59.8561416 
   11.888144    59.8591848 
   11.8837418   59.8631426 
   11.8831577   59.8630561 
   11.8824132   59.8655381 
   11.8815495   59.8674008 
   11.8821247   59.8694637 
   11.8839268   59.8706394 
   11.884999    59.8718645 
   11.8906142   59.8721092 
   11.8940432   59.871922  
   11.8957188   59.8709374 
   11.8979347   59.8714141 
   11.900315    59.8722574 
   11.9078669   59.872288  
   11.914108    59.8718982 
   11.9210043   59.8742741 
   11.9223101   59.8777495 
   11.9208856   59.8804699 
   11.9229828   59.8823563 
   11.9293731   59.8857164 
   11.9349342   59.8868663 
   11.9419634   59.8900212 
   11.9571776   59.8938502 
   11.9840362   59.900347  
   11.9846655   59.9005741 
   11.9863746   59.8990109 
   12.0011739   59.8960141 
   12.024359    59.8910924 
   12.0332991   59.8889563 
   12.0484239   59.8868332 
   12.0529181   59.8860315 
   12.0661669   59.8874213 
   12.0889938   59.8896645 
   12.0998318   59.8907563 
   12.1123318   59.8923244 
   12.1262205   59.8940795 
   12.1553798   59.8867242 
   12.1744539   59.8898488 
   12.1933278   59.9031385 
   12.2059721   59.9115213 
   12.2196817   59.9202389 
   12.2268221   59.9254638 
   12.2308873   59.9272585 
   12.2391759   59.9312951 
   12.2477521   59.933599  
   12.2756472   59.9430099 
   12.3406141   59.9653677 
   12.3574338   59.9814067 
   12.3786667   60.0001205 
   12.3949314   60.015905  
   12.4263179   60.0275259 
   12.4369594   60.0334559 
   12.4488784   60.0392155 
   12.4610755   60.0525994 
   12.4797599   60.0727449 
   12.4916305   60.0868682 
   12.4958135   60.0927264 
   12.5009183   60.0998741 
   12.5128735   60.1260231 
   12.5171574   60.1346194 
   12.5197488   60.1411627 
   12.5238212   60.1492172 
   12.5261648   60.1555136 
   12.5295886   60.1629819 
   12.5428617   60.1892022 
   12.542879    60.1928781 
   12.5348533   60.206967  
   12.5304408   60.2152037 
   12.525456    60.2229827 
   12.5230826   60.2294263 
   12.519278    60.2393681 
   12.5159657   60.2495062 
   12.5141696   60.2546364 
   12.5111223   60.2628312 
   12.5089845   60.2694077 
   12.5065147   60.2754489 
   12.5051542   60.2797204 
   12.5036057   60.287757  
   12.5026889   60.2960796 
   12.5010903   60.3072278 
   12.5004315   60.3125222 
   12.4989837   60.3235529 
   12.512222    60.32      
   12.517778    60.324444  
   12.522222    60.329722  
   12.527778    60.334167  
   12.531944    60.339444  
   12.537778    60.343889  
   12.541944    60.349167  
   12.546389    60.354444  
   12.551944    60.358611  
   12.556389    60.363889  
   12.560833    60.369167  
   12.566389    60.373611  
   12.5780022   60.378736  
   12.5858987   60.3862864 
   12.605983    60.4058966 
   12.6060259   60.4276766 
   12.6060689   60.4437268 
   12.6062834   60.46747   
   12.6064551   60.4776433 
   12.6065409   60.492147  
   12.6067984   60.5127708 
   12.5977505   60.5267132 
   12.5819504   60.5510463 
   12.5722087   60.5582404 
   12.5181782   60.6003809 
   12.5179637   60.6018556 
   12.5116551   60.6432239 
   12.5064624   60.6464638 
   12.4815285   60.6678302 
   12.4609292   60.6852116 
   12.4290002   60.70882   
   12.4105036   60.7225906 
   12.3953116   60.7338378 
   12.381922    60.7584588 
   12.3745406   60.7720614 
   12.3644126   60.7905803 
   12.3494351   60.8178571 
   12.3473739   60.8220355 
   12.3404216   60.8383298 
   12.3374944   60.8453677 
   12.3344993   60.8525674 
   12.3342418   60.8573537 
   12.3330831   60.8807104 
   12.3328256   60.8867453 
   12.3327827   60.8902529 
   12.3267745   60.8967661 
   12.3163032   60.9085573 
   12.3048019   60.921408  
   12.2845029   60.9438008 
   12.2542047   60.9786305 
   12.2362661   60.9990481 
   12.223873    61.0131217 
   12.2396564   61.0189536 
   12.2420596   61.0197646 
   12.2473811   61.0205963 
   12.2548484   61.0215943 
   12.2947597   61.0271659 
   12.3420095   61.0345032 
   12.3791742   61.0402597 
   12.4478816   61.0511877 
   12.486389    61.051667  
   12.513333    61.050556  
   12.540278    61.049444  
   12.5650834   61.0482795 
   12.5965833   61.0469915 
   12.5972699   61.0469707 
   12.5981283   61.0469499 
   12.6002311   61.0464305 
   12.6019906   61.0464513 
   12.6102304   61.0464305 
   12.6514291   61.0521225 
   12.6573514   61.0526833 
   12.6685523   61.0550927 
   12.6706356   61.0558255 
   12.671408    61.0561786 
   12.681579    61.0594807 
   12.6828664   61.0611212 
   12.68763     61.0764011 
   12.6952261   61.1014641 
   12.7014059   61.1228183 
   12.7073282   61.1432262 
   12.7406305   61.164697  
   12.7517557   61.1720118 
   12.7692979   61.1831541 
   12.7908414   61.1970724 
   12.8193372   61.2374898 
   12.8238682   61.244372  
   12.8369452   61.2666925 
   12.8475104   61.2863983 
   12.850242    61.301507  
   12.8530854   61.3083483 
   12.860381    61.3282038 
   12.870857    61.356485  
   12.854546    61.368293  
   12.8489655   61.3727709 
   12.5682765   61.5683325 
   12.4465855   61.5669305 
   12.4197377   61.5625798 
   12.339581    61.6139469 
   12.271239    61.6409362 
   12.1379108   61.7237322 
   12.1461203   61.7526672 
   12.1582529   61.7946531 
   12.1697874   61.8347265 
   12.1824834   61.871201  
   12.1826036   61.8775267 
   12.1943945   61.9186986 
   12.206698    61.9611406 
   12.2138751   61.9846271 
   12.2159603   61.9916452 
   12.2228464   62.014471  
   12.2315614   62.0444058 
   12.2430959   62.0834331 
   12.2535404   62.1202978 
   12.2548868   62.1250469 
   12.2671903   62.1656462 
   12.2719174   62.1818736 
   12.2794938   62.2078643 
   12.299389    62.2659814 
   12.402838    62.250235  
   12.5091859   62.2367211 
   12.6167098   62.2230516 
   12.7955845   62.2318205 
   12.8672156   62.1902966 
   12.9404641   62.147776  
   12.9871796   62.1187055 
   13.0384066   62.0867955 
   13.0993238   62.0574642 
   13.1593969   62.0285116 
   13.2957786   62.0633378 
   13.3227769   62.0190768 
   13.3713892   62.0118896 
   13.2915512   61.9748434 
   13.2092287   61.9365972 
   13.2738024   61.9027576 
   13.3436782   61.8660973 
   13.4160916   61.8280592 
   13.4648667   61.7833607 
   13.4805576   61.7690207 
   13.5145384   61.7377738 
   13.5066718   61.6929666 
   13.564749    61.656455  
   13.6131488   61.6726273 
   13.7143486   61.665295  
   13.8005751   61.6590463 
   13.8902353   61.6525473 
   13.9769516   61.6213397 
   14.0142022   61.6203198 
   14.1086159   61.6185655 
   14.1822587   61.6175455 
   14.2842255   61.6083642 
   14.3364964   61.5991392 
   14.3947754   61.5637652 
   14.4470463   61.5946074 
   14.5410309   61.5935866 
   14.6764718   61.5913    
   14.6760855   61.5909529 
   14.6761714   61.590667  
   14.6763859   61.5905037 
   14.6765147   61.5902178 
   14.6766434   61.5897686 
   14.6772442   61.589544  
   14.6775876   61.589299  
   14.6775876   61.5890948 
   14.6772442   61.5888294 
   14.6770726   61.5881147 
   14.6770726   61.587788  
   14.6777163   61.587543  
   14.6780596   61.5872775 
   14.6777163   61.5869304 
   14.676858    61.5864811 
   14.6770297   61.5862157 
   14.6774159   61.5860319 
   14.6787034   61.5854192 
   14.6793471   61.5847453 
   14.67939     61.5838672 
   14.6793471   61.5834996 
   14.6784459   61.5830707 
   14.6779309   61.5828665 
   14.6769009   61.5819474 
   14.6762572   61.5816615 
   14.6753989   61.5813347 
   14.675313    61.5805586 
   14.6750556   61.5803544 
   14.6747981   61.5801093 
   14.6750985   61.5797212 
   14.6757851   61.5793536 
   14.6765147   61.5791697 
   14.6763859   61.5788633 
   14.6757851   61.5784957 
   14.6755705   61.5781484 
   14.6752272   61.5778421 
   14.6755276   61.5774948 
   14.6752701   61.5767186 
   14.6757422   61.5764939 
   14.6753989   61.5761875 
   14.6756564   61.5757994 
   14.6756564   61.5753295 
   14.6750126   61.5747167 
   14.6742402   61.5745124 
   14.6731244   61.5744307 
   14.6715794   61.5737361 
   14.6714936   61.5736136 
   14.6722231   61.5733684 
   14.6720944   61.5732254 
   14.6714936   61.5733071 
   14.6711073   61.5728577 
   14.6709786   61.5723265 
   14.6704207   61.5721222 
   14.6702061   61.5719588 
   14.6703349   61.5716523 
   14.670292    61.5714684 
   14.6698199   61.571305  
   14.6693049   61.5709781 
   14.6690045   61.5707738 
   14.6684037   61.5707738 
   14.6669016   61.5704878 
   14.6660004   61.5698544 
   14.665185    61.5697522 
   14.6641551   61.5694253 
   14.663683    61.5690984 
   14.6642409   61.5687511 
   14.6636401   61.5682403 
   14.6633826   61.5676273 
   14.6636401   61.5674025 
   14.6640692   61.5670347 
   14.6647559   61.5670143 
   14.6659575   61.5667691 
   14.6661292   61.5664626 
   14.6657858   61.5659517 
   14.6658717   61.5656861 
   14.6656142   61.5655226 
   14.6656142   61.5654    
   14.6660004   61.5653592 
   14.6663867   61.5653796 
   14.6664725   61.5651752 
   14.6660433   61.5649505 
   14.6656571   61.5646031 
   14.6649704   61.564317  
   14.6645413   61.5643374 
   14.6635972   61.5646439 
   14.6626959   61.564787  
   14.6613656   61.564317  
   14.6597777   61.5640718 
   14.6585761   61.5637244 
   14.6572886   61.56352   
   14.6571169   61.5633361 
   14.6566449   61.5629682 
   14.6553574   61.5628252 
   14.6548424   61.5625595 
   14.6546279   61.5620077 
   14.6539841   61.5617829 
   14.6537266   61.5612107 
   14.65407     61.5607202 
   14.6544133   61.5597596 
   14.6545849   61.5589012 
   14.6548424   61.5586355 
   14.6549712   61.5582676 
   14.6553574   61.5579201 
   14.6557436   61.5577362 
   14.6560011   61.5573887 
   14.6567307   61.5570208 
   14.6569453   61.5556309 
   14.6572028   61.5551198 
   14.6571169   61.554527  
   14.6575032   61.5528917 
   14.657074    61.5524215 
   14.6581469   61.5516651 
   14.6584902   61.5511336 
   14.6590481   61.5506838 
   14.6599064   61.5504793 
   14.6606789   61.5500909 
   14.6615372   61.5495185 
   14.6635972   61.5486393 
   14.6658717   61.5480464 
   14.6663437   61.5475966 
   14.667202    61.547249  
   14.6677599   61.5469627 
   14.6686183   61.546288  
   14.6690903   61.5451634 
   14.6693049   61.5447544 
   14.6693478   61.5441205 
   14.6691762   61.5437729 
   14.6687041   61.5433639 
   14.6685753   61.5427505 
   14.6681462   61.5422392 
   14.6681033   61.5401738 
   14.6683178   61.5390489 
   14.6690045   61.5386194 
   14.6695624   61.5380468 
   14.670249    61.5375559 
   14.6703778   61.5370241 
   14.6710215   61.535347  
   14.6715365   61.534447  
   14.6720944   61.5339151 
   14.6720515   61.5334242 
   14.6718369   61.5330151 
   14.6723519   61.5320537 
   14.6729527   61.5310922 
   14.6734248   61.5301512 
   14.6735106   61.5296397 
   14.6737681   61.5293124 
   14.6742831   61.5290873 
   14.674841    61.5288009 
   14.6749268   61.5281258 
   14.6745835   61.5268778 
   14.6738968   61.5259162 
   14.6736823   61.5245862 
   14.6732531   61.5241974 
   14.6727381   61.5235427 
   14.6716223   61.5229697 
   14.670764    61.5226832 
   14.6705494   61.5222331 
   14.6710215   61.5218647 
   14.6710215   61.5215783 
   14.6699486   61.5201049 
   14.6695195   61.5197774 
   14.6686612   61.5189793 
   14.667245    61.5182835 
   14.6664725   61.5175263 
   14.6657      61.5169737 
   14.6650134   61.5156229 
   14.6641551   61.5147018 
   14.6629105   61.5137398 
   14.6617518   61.5132486 
   14.6603785   61.5125731 
   14.6596919   61.5121842 
   14.6594344   61.5115292 
   14.6595202   61.5107513 
   14.659606    61.5094002 
   14.6593485   61.5086223 
   14.6589194   61.5079672 
   14.6578036   61.5074145 
   14.6578465   61.5069436 
   14.6578465   61.5067184 
   14.6572457   61.5064522 
   14.6569882   61.5058176 
   14.6563445   61.5049781 
   14.6557436   61.5033402 
   14.6557436   61.5026645 
   14.6564732   61.5024188 
   14.6571599   61.5025211 
   14.6581469   61.502603  
   14.6587906   61.5025211 
   14.6594344   61.5020912 
   14.6600781   61.5018454 
   14.6620522   61.5014769 
   14.6634684   61.5010878 
   14.6640692   61.5006987 
   14.6669016   61.4991015 
   14.6675025   61.4983848 
   14.6671591   61.4979547 
   14.6677599   61.497197  
   14.667717    61.496173  
   14.6669446   61.4953948 
   14.6669016   61.4945551 
   14.6701203   61.4921587 
   14.6724377   61.4900489 
   14.6734248   61.4894139 
   14.6736823   61.4889427 
   14.6744118   61.4884716 
   14.6744977   61.4879595 
   14.6750126   61.4876317 
   14.676343    61.4878775 
   14.6773301   61.4877751 
   14.6781884   61.4876727 
   14.6787463   61.4874678 
   14.6790038   61.4872015 
   14.6789179   61.4867303 
   14.6791754   61.4862796 
   14.6797333   61.4861157 
   14.6809779   61.4862182 
   14.6818362   61.4864845 
   14.6826516   61.4866279 
   14.6833382   61.4865664 
   14.6840678   61.4863616 
   14.6847544   61.4862386 
   14.685484    61.486464  
   14.6862994   61.4868942 
   14.6875439   61.4871196 
   14.689724    61.4875293 
   14.6906939   61.4878447 
   14.6907197   61.4883774 
   14.6904622   61.4888813 
   14.6898356   61.4892705 
   14.6896639   61.4896802 
   14.6899043   61.4901513 
   14.6906767   61.4903439 
   14.6917284   61.4903092 
   14.6920929   61.4902128 
   14.6936636   61.4901308 
   14.6955262   61.4901431 
   14.6970711   61.490348  
   14.6993628   61.4906224 
   14.7013026   61.490856  
   14.7030623   61.4907456 
   14.7037316   61.4906102 
   14.7043496   61.4903562 
   14.7050705   61.4895286 
   14.7062081   61.4891728 
   14.7068301   61.489037  
   14.7075596   61.4890861 
   14.7088299   61.48925   
   14.710435    61.4892377 
   14.7113568   61.489326  
   14.7116366   61.4892705 
   14.711834    61.4891271 
   14.7122038   61.4886977 
   14.7126065   61.488615  
   14.7131644   61.4886642 
   14.7137652   61.4889919 
   14.714273    61.489049  
   14.7148638   61.4889346 
   14.716014    61.4890042 
   14.7175589   61.4893442 
   14.7187863   61.4900489 
   14.72155     61.4917367 
   14.7228461   61.4931091 
   14.7225886   61.4941454 
   14.7234469   61.49485   
   14.7257214   61.4952596 
   14.7283392   61.4961443 
   14.7305038   61.4966088 
   14.731103    61.4965703 
   14.7312575   61.4963082 
   14.7322188   61.4959805 
   14.7325621   61.4953415 
   14.7334633   61.4947926 
   14.7343216   61.4946984 
   14.7352658   61.4944526 
   14.7368536   61.4935924 
   14.7383128   61.4930394 
   14.7409735   61.4933466 
   14.743248    61.4935924 
   14.7461234   61.4941249 
   14.7481404   61.4942274 
   14.7498141   61.4945346 
   14.7517453   61.4945755 
   14.7532044   61.4947599 
   14.7541485   61.4949851 
   14.7550498   61.4954972 
   14.7558909   61.4954972 
   14.7564059   61.4953456 
   14.7563843   61.4951847 
   14.7565775   61.4947312 
   14.7576933   61.4941331 
   14.7589379   61.4934081 
   14.7590666   61.4931623 
   14.7592984   61.4930271 
   14.7597533   61.4930804 
   14.7611867   61.4930271 
   14.7626458   61.4930804 
   14.7646027   61.4930107 
   14.765873    61.4927404 
   14.7676068   61.4926994 
   14.7699414   61.492765  
   14.7724991   61.4926585 
   14.7739153   61.492425  
   14.7750741   61.492425  
   14.7769452   61.4925151 
   14.7781468   61.4924741 
   14.7805157   61.4925397 
   14.7824212   61.4924168 
   14.7860346   61.4925356 
   14.7876053   61.4928223 
   14.7886353   61.4929288 
   14.7891503   61.4931828 
   14.7904721   61.4937153 
   14.7928839   61.494383  
   14.795579    61.49485   
   14.7974244   61.4950261 
   14.8008404   61.4949524 
   14.8045741   61.4950794 
   14.8063765   61.4950671 
   14.8082047   61.4948418 
   14.8115693   61.4943093 
   14.8122731   61.4940553 
   14.8129426   61.4935392 
   14.8140326   61.492896  
   14.8153201   61.4923225 
   14.8170453   61.4924045 
   14.8196202   61.4926093 
   14.8211651   61.4927322 
   14.8220406   61.4927813 
   14.8228388   61.4926421 
   14.8237572   61.4923553 
   14.8244954   61.4922816 
   14.8253708   61.4923963 
   14.8262291   61.4924372 
   14.8288041   61.4928223 
   14.830143    61.4931213 
   14.8309842   61.4931951 
   14.8319712   61.4929985 
   14.8325463   61.4932033 
   14.833087    61.493703  
   14.8344002   61.493744  
   14.8368893   61.4936744 
   14.8401251   61.4940021 
   14.8418417   61.4939406 
   14.8432751   61.4941127 
   14.8449832   61.4945878 
   14.846159    61.4952186 
   14.8474465   61.4953825 
   14.8483735   61.4955381 
   14.8490429   61.4953538 
   14.8521929   61.49485   
   14.8539954   61.4942274 
   14.8562613   61.4937972 
   14.8578492   61.4936334 
   14.8587332   61.4937071 
   14.8593083   61.4942151 
   14.8600207   61.4946083 
   14.8620377   61.4948541 
   14.8647156   61.4953128 
   14.8665645   61.4951546 
   14.8688819   61.4950727 
   14.8705127   61.4948065 
   14.8741605   61.4950522 
   14.8776366   61.4951956 
   14.8801257   61.4950113 
   14.8829152   61.495257  
   14.8852756   61.4954004 
   14.8878076   61.4952161 
   14.8903825   61.4949908 
   14.892142    61.4946221 
   14.8937728   61.4949089 
   14.8952749   61.495298  
   14.8966052   61.4959534 
   14.8975065   61.496322  
   14.8989227   61.4965473 
   14.9004247   61.4965473 
   14.901177    61.4963573 
   14.9029753   61.4956707 
   14.9054375   61.4948653 
   14.9083424   61.4940335 
   14.91086     61.4933205 
   14.9128796   61.4926735 
   14.9140139   61.4925151 
   14.9152312   61.4925811 
   14.9170572   61.4929244 
   14.9192705   61.4933601 
   14.9207368   61.4936374 
   14.9220371   61.4937298 
   14.9231714   61.4937298 
   14.9240013   61.4935978 
   14.9245823   61.4933337 
   14.9253293   61.4928848 
   14.9264636   61.4925415 
   14.9285385   61.492383  
   14.9307795   61.4922906 
   14.9321904   61.4922642 
   14.9340164   61.4919077 
   14.935372    61.4915776 
   14.936949    61.4914191 
   14.9383046   61.4913135 
   14.9398816   61.4911022 
   14.9416522   61.4908381 
   14.9429248   61.4905344 
   14.9440038   61.490125  
   14.9449444   61.4897157 
   14.9458851   61.489544  
   14.9471577   61.4894648 
   14.9482367   61.4894648 
   14.9495646   61.4896232 
   14.9502839   61.4898213 
   14.9510309   61.4902307 
   14.9518609   61.4908645 
   14.9520545   61.4912739 
   14.9524142   61.4915379 
   14.9533548   61.4916568 
   14.9545721   61.4917228 
   14.9563428   61.4919209 
   14.9578921   61.4921189 
   14.959469    61.4922906 
   14.9608246   61.4925679 
   14.9626229   61.4928848 
   14.9639509   61.4930564 
   14.9658322   61.4934261 
   14.9666068   61.4935054 
   14.9674091   61.493479  
   14.9680593   61.4935571 
   14.9688318   61.4937619 
   14.9696901   61.4938643 
   14.9703767   61.4937619 
   14.9708488   61.4935161 
   14.9713377   61.4931885 
   14.9723613   61.4931885 
   14.9730253   61.49303   
   14.9737999   61.4927263 
   14.9749066   61.4922642 
   14.9755706   61.4919869 
   14.9768155   61.4915511 
   14.9778392   61.4911286 
   15.054362    61.4865516 
   15.0931364   61.4841019 
   15.0947188   61.4906584 
   15.0952946   61.4929271 
   15.1029014   61.5064511 
   15.1068592   61.5135327 
   15.1104055   61.5199317 
   15.1186752   61.5345764 
   15.1241488   61.5442435 
   15.1304528   61.5554462 
   15.144417    61.5805018 
   15.1531933   61.5956892 
   15.1633857   61.5778262 
   15.1720675   61.5621681 
   15.1801404   61.5477925 
   15.1936875   61.5235232 
   15.2027019   61.5074884 
   15.20475     61.503826  
   15.2161036   61.4945148 
   15.2283292   61.4844853 
   15.2573686   61.4609411 
   15.2846836   61.4387997 
   15.3226431   61.4112793 
   15.3370007   61.4016369 
   15.4069258   61.3585479 
   15.4760187   61.3149858 
   15.4963606   61.3045816 
   15.5076902   61.2987908 
   15.5426663   61.2811026 
   15.5612915   61.2703364 
   15.6371229   61.227276  
   15.6573361   61.2154788 
   15.6616705   61.1958621 
   15.6666058   61.1745366 
   15.6755322   61.1356957 
   15.6803816   61.11321   
   15.7124394   61.088509  
   15.7414501   61.065616  
   15.7619207   61.0496869 
   15.8050574   61.0383586 
   15.9216155   61.00763   
   16.0071458   61.0013683 
   16.0823861   60.9958241 
   16.1310092   60.9920575 
   16.2108318   60.9097478 
   16.2181682   60.9021724 
   16.2175695   60.9016303 
   16.2180415   60.9011085 
   16.2169257   60.9008998 
   16.2168399   60.9006911 
   16.2175695   60.9003154 
   16.2196162   60.900677  
   16.2219468   60.89827   
   16.2204877   60.89827   
   16.2204019   60.8977273 
   16.2212602   60.8959322 
   16.240569    60.8796532 
   16.2552139   60.8636119 
   16.3527757   60.8062799 
   16.3862497   60.786723  
   16.3839751   60.7791189 
   16.3843185   60.7755781 
   16.3855907   60.7595106 
   16.3769218   60.7434488 
   16.3432725   60.724941  
   16.342757    60.7250673 
   16.3421561   60.725466  
   16.3413837   60.7257388 
   16.3401391   60.7261585 
   16.3393237   60.7263894 
   16.3390233   60.7266622 
   16.3385942   60.7271868 
   16.3378646   60.7274386 
   16.3373925   60.7276904 
   16.3367118   60.7277673 
   16.310403    60.7056321 
   16.3199302   60.7027762 
   16.3177844   60.6893332 
   16.2623378   60.6442164 
   16.2382972   60.6230491 
   16.197313    60.6140585 
   16.13651     60.6103267 
   16.1658641   60.577076  
   16.1712715   60.5610495 
   16.1799404   60.5551852 
   16.1947891   60.5354328 
   16.2457725   60.5041335 
   16.2589904   60.4931441 
   16.2602779   60.49344   
   16.2608787   60.4920873 
   16.2635394   60.4915377 
   16.2649127   60.4953846 
   16.2674018   60.4945814 
   16.2689468   60.493905  
   16.27135     60.4921295 
   16.2708351   60.4909035 
   16.2788173   60.4884937 
   16.2802764   60.4874366 
   16.2785598   60.4835042 
   16.283023    60.4724656 
   16.3343498   60.4283157 
   16.3370963   60.4214952 
   16.3443061   60.4164531 
   16.3927146   60.3794045 
   16.4066191   60.3773257 
   16.4231844   60.3791499 
   16.4393222   60.3742307 
   16.4478194   60.3715788 
   16.4752423   60.3664865 
   16.5166127   60.3554293 
   16.5299037   60.3476294 
   16.5426925   60.34007   
   16.5516618   60.3307245 
   16.5552238   60.3256471 
   16.5615006   60.3163253 
   16.562316    60.3156453 
   16.5733452   60.3063778 
   16.5793534   60.2975756 
   16.587679    60.2946197 
   16.5914126   60.2927695 
   16.6105528   60.2830062 
   16.6154023   60.2786235 
   16.6185351   60.2723676 
   16.6202946   60.2649185 
   16.6258307   60.2489291 
   16.6294785   60.2384924 
   16.646473    60.232037  
   16.66321     60.2272213 
   16.6737242   60.2218294 
   16.6852255   60.216799  
   16.6914053   60.2149657 
   16.6947527   60.2124074 
   16.6950102   60.2125566 
   16.6947098   60.2129191 
   16.6944953   60.2133668 
   16.6941948   60.214049  
   16.6940232   60.2144967 
   16.6944953   60.2148164 
   16.6945382   60.2152428 
   16.6940232   60.2158397 
   16.6934653   60.2163513 
   16.693079    60.2169055 
   16.6924782   60.2173319 
   16.6911908   60.2176516 
   16.6901608   60.2179287 
   16.6896029   60.2177369 
   16.6894312   60.2178008 
   16.6893025   60.2187174 
   16.6891308   60.2192077 
   16.6901179   60.2194848 
   16.6904183   60.2192077 
   16.69059     60.2188453 
   16.6918774   60.2182698 
   16.693594    60.2177156 
   16.6940232   60.2173745 
   16.6938515   60.2168842 
   16.6942378   60.2166284 
   16.6948815   60.2162447 
   16.694624    60.2155412 
   16.6950961   60.2151149 
   16.6953965   60.2145606 
   16.6952248   60.2138571 
   16.6952248   60.2129617 
   16.6954823   60.2123647 
   16.6950532   60.2121515 
   16.6957827   60.2116825 
   16.6991301   60.2089747 
   16.6983576   60.2049873 
   16.6999026   60.2025562 
   16.70119     60.201106  
   16.7014475   60.2002315 
   16.7031642   60.1978854 
   16.7047949   60.1950698 
   16.7071749   60.1959224 
   16.7083765   60.1960504 
   16.7109515   60.196093  
   16.7169596   60.1948132 
   16.7220236   60.1955384 
   16.7255427   60.1954318 
   16.7287613   60.1951331 
   16.7342116   60.1949412 
   16.7500771   60.1886492 
   16.7796589   60.1896933 
   16.7859246   60.1957517 
   16.7971684   60.1979487 
   16.7992712   60.199783  
   16.7971255   60.2036644 
   16.8003012   60.2061168 
   16.8027474   60.2121295 
   16.8228747   60.216713  
   16.8419291   60.2168409 
   16.8501259   60.2242583 
   16.8540312   60.2245141 
   16.8539883   60.2247485 
   16.8537737   60.2251321 
   16.8529583   60.2253878 
   16.8533875   60.2256436 
   16.8542458   60.2257714 
   16.8542029   60.2257501 
   16.8553616   60.2246419 
   16.8557908   60.2246419 
   16.8561341   60.2249829 
   16.8569066   60.2251534 
   16.8569924   60.2250469 
   16.8565632   60.2249403 
   16.8566061   60.2247272 
   16.8640734   60.22526   
   16.8706824   60.2271566 
   16.8754889   60.2304808 
   16.9048859   60.2394077 
   16.8965174   60.2447541 
   16.8920113   60.2433483 
   16.8878914   60.2445837 
   16.8861319   60.2534002 
   16.8863465   60.2549546 
   16.8883206   60.2563811 
   16.8915392   60.2597875 
   16.8959166   60.2615757 
   16.9028689   60.2663013 
   16.9022681   60.2678338 
   16.9076325   60.269132  
   16.9117524   60.2691959 
   16.9131686   60.2708346 
   16.9129969   60.2720477 
   16.9121386   60.2731117 
   16.9112374   60.273665  
   16.9107224   60.2744736 
   16.9113232   60.2758993 
   16.9110228   60.2767504 
   16.909392    60.2784739 
   16.908878    60.281498  
   16.9243983   60.2858736 
   16.9290902   60.2871962 
   16.9629933   60.2875791 
   16.9638516   60.2889191 
   16.9611479   60.2924923 
   16.9667698   60.2931728 
   16.9686152   60.295257  
   16.9806744   60.2952782 
   16.9923771   60.2873677 
   17.0007456   60.2756878 
   17.0021618   60.2748792 
   17.0157231   60.2731343 
   17.0220316   60.273113  
   17.0418585   60.2752835 
   17.0585097   60.2727725 
   17.0827139   60.2591502 
   17.1127976   60.2692611 
   17.1098793   60.2704529 
   17.1030987   60.2809858 
   17.1127547   60.2834536 
   17.119192    60.2857085 
   17.1300066   60.2879845 
   17.1574295   60.287389  
   17.1808613   60.2986181 
   17.1938647   60.3008507 
   17.1986283   60.3077815 
   17.19674     60.3448764 
   17.2133053   60.3647449 
   17.1985424   60.3657211 
   17.1991433   60.3785779 
   17.1890152   60.3821836 
   17.1943367   60.3905814 
   17.191161    60.3941859 
   17.1941651   60.4008001 
   17.192191    60.4040643 
   17.1955585   60.4105852 
   17.1965885   60.4115599 
   17.1991634   60.4125771 
   17.2018671   60.4128949 
   17.2047853   60.4147807 
   17.2046995   60.4156494 
   17.2069311   60.4172384 
   17.2081757   60.4176198 
   17.2112656   60.4176409 
   17.2121239   60.4178528 
   17.2138834   60.4190604 
   17.2174024   60.4196536 
   17.21663     60.4264956 
   17.2177029   60.4339502 
   17.2365856   60.4315785 
   17.2456837   60.4331032 
   17.2490311   60.4342255 
   17.2509622   60.4346914 
   17.2523355   60.4348396 
   17.2530651   60.4352207 
   17.2538376   60.4352419 
   17.2545242   60.4349666 
   17.2543096   60.4344161 
   17.2558975   60.4335691 
   17.2570562   60.432595  
   17.2570562   60.4315573 
   17.2550392   60.4275334 
   17.255168    60.4266015 
   17.2565412   60.4243351 
   17.2878265   60.4467589 
   17.289629    60.4544206 
   17.29774     60.4647038 
   17.3024177   60.508762  
   17.3172665   60.5303886 
   17.3256779   60.5437713 
   17.3489744   60.5862714 
   17.3498656   60.5884134 
   17.3562158   60.6039782 
   17.3656884   60.626291  
   17.3677526   60.6331262 
   17.3825833   60.6769372 
   17.3865202   60.6893467 
   17.5480542   60.6998088 
   17.7095869   60.7102649 
   17.7610827   60.780002  
   17.815502    60.8507931 
   17.8981165   60.9377595 
   18.0659395   60.8771302 
   18.1845793   60.8341997 
   18.2421111   60.8133607 
   18.4688334   60.7544685 
   18.5563075   60.7317177 
   18.6970751   60.6950722 
   18.7013861   60.6939237 
   19.0276171   60.6051357 
   19.0331286   60.6035972 
   19.0559766   60.5966002 
   19.0778351   60.5888802 
   19.0986101   60.5804697 
   19.1182111   60.5714062 
   19.1365551   60.5617287 
   19.1535631   60.5514787 
   19.1691626   60.5407012 
   19.1832881   60.5294422 
   19.1958791   60.5177512 
   19.1965732   60.5169897 
   19.1906919   60.4934289 
   19.1759323   60.4342265 
   19.1611728   60.3749161 
   19.1325068   60.3017263 
   19.1322939   60.3011837 
   19.133293    60.3010746 
   19.1330784   60.3005643 
   19.1314305   60.3012234 
   19.1309326   60.300981  
   19.1312073   60.3004792 
   19.1321291   60.3007561 
   19.1318325   60.3000357 
   19.1159031   60.2646172 
   19.102705    60.2352424 
   19.0832098   60.1916902 
   19.1550964   60.1419546 
   19.226983    60.0921437 
   19.2988697   60.0422573 
   19.3707563   59.9922956 
   19.4426429   59.9422582 
   19.5145296   59.8921452 
   19.5864162   59.8419566 
   19.6583028   59.7916921 
   19.7147734   59.752458  
   19.7712441   59.7131777 
   19.8277147   59.6738513 
   19.8841854   59.6344787 
   19.940656    59.5950598 
   20.0140974   59.5425186 
   20.0078153   59.5341832 
   20.0014702   59.5250266 
   19.9945157   59.5153848 
   19.8746176   59.3492452 
   19.8665726   59.3389117 
   19.8555641   59.3269187 
   19.8430521   59.3153177 
   19.8290911   59.3041587 
   19.8137421   59.2934882 
   19.7970706   59.2833522 
   19.7791501   59.2737937 
   19.7600551   59.2648527 
   19.7398691   59.2565667 
   19.7296321   59.2527662 
   19.4633856   59.1566542 
   19.1070521   58.9374362 
   19.1000861   58.9332312 
   19.0825376   58.9235777 
   19.0783666   58.9214592 
   18.9348715   58.8493838 
   18.8900666   58.8268482 
   18.8881651   58.8258952 
   18.8615056   58.8126167 
   18.8489416   58.8066217 
   18.8292381   58.7981967 
   18.8270441   58.7973257 
   18.5431999   58.6840917 
   18.3532275   58.6083458 
   18.2614186   58.5716807 
   18.2515741   58.5678347 
   18.2292061   58.5593752 
   18.2136726   58.5526527 
   18.1932386   58.5448137 
   18.1718761   58.5376857 
   18.1496756   58.5313002 
   18.1303936   58.5265167 
   18.1027545   58.520062  
   17.8933865   58.4711283 
   17.8549854   58.4621458 
   17.7362893   58.4344177 
END

END
