POLY
1
   36.141708  35.846447
   36.116447  35.865513
   36.018562  35.881027
   36.022739  35.924492
   36.008564  35.940166
   35.935799  35.918674
   35.918793  35.932213
   35.660812  35.974998
   35.693386  36.032001
   35.551605  36.221001
   35.532932  36.285
   35.538799  36.365002
   35.486347  36.372002
   35.365211  36.34
   35.257584  36.349998
   35.207939  36.368999
   35.15078  36.408001
   34.910091  36.522999
   34.799404  36.542999
   34.715462  36.592999
   34.637733  36.554001
   34.584167  36.507999
   34.508377  36.473
   34.449169  36.432999
   34.325451  36.312
   34.303421  36.243999
   34.26252  36.188999
   34.171955  36.124001
   34.129456  36.084
   34.074707  36.054001
   34.013565  36.036999
   33.937878  36.033001
   33.817783  35.964001
   33.740387  35.938999
   33.638454  35.936001
   33.537064  35.921001
   33.4664  35.926998
   33.381775  35.914001
   33.256672  35.928001
   33.205532  35.896999
   33.150742  35.877998
   33.07608  35.869999
   32.988064  35.883999
   32.903168  35.834
   32.799137  35.817001
   32.599319  35.852001
   32.506783  35.891998
   32.428322  35.910999
   32.357937  35.939999
   32.233273  36.008999
   32.17625  36.058998
   32.111282  36.102001
   31.999928  36.237999
   31.965199  36.292
   31.920727  36.334999
   31.868395  36.352001
   31.77914  36.396
   31.685995  36.417999
   31.616665  36.450001
   31.550941  36.467999
   31.434359  36.537998
   31.279772  36.583
   31.209558  36.622002
   30.981651  36.657001
   30.832199  36.646999
   30.840649  36.606998
   30.839134  36.564999
   30.802097  36.470001
   30.797937  36.419998
   30.778242  36.372002
   30.780827  36.32
   30.767975  36.27
   30.726934  36.209999
   30.713614  36.164001
   30.688641  36.123001
   30.614918  36.040001
   30.553137  35.999001
   30.450436  35.972
   30.35766  35.973
   30.268927  36.002998
   30.198841  36.058998
   30.117409  36.047001
   30.050781  36.022999
   29.981186  35.985001
   29.910978  35.967999
   29.825922  35.935001
   29.729698  35.923
   29.700459  36.08577
   29.670246  36.115452
   29.619778  36.14249
   29.613598  36.174782
   29.547249  36.166142
   29.506824  36.184483
   29.483822  36.185314
   29.310589  36.011002
   29.252478  36.023998
   29.18709  36.056
   29.089474  36.147999
   29.01536  36.181999
   28.920422  36.250999
   28.875986  36.304001
   28.852886  36.368
   28.774971  36.370998
   28.697592  36.395
   28.632326  36.439999
   28.589575  36.500999
   28.512365  36.521
   28.44335  36.561001
   28.282707  36.549934
   28.209406  36.561375
   28.002098  36.469589
   27.960676  36.470371
   27.930916  36.537334
   27.895496  36.697277
   27.813951  36.708633
   27.774832  36.693489
   27.64167  36.574322
   27.468651  36.542553
   27.351479  36.586102
   27.298109  36.633572
   27.250233  36.702991
   27.247118  36.72599
   27.351009  36.807575
   27.38479  36.856651
   27.393715  36.905094
   27.324879  36.921028
   27.287273  36.938873
   27.2178  36.945248
   27.180176  37.025249
   27.180176  39.770508
   36.14502  39.770508
   36.14502  35.839821
   36.141708  35.846447
END
END
